Numero de iteracoes: 13
Erro: 2.58656e-07
Tempo de Resolucao do Problema: 3634.6 segundos
/////////////////////////////////////////////
Posicao	Fluxo Escalar
	Grupo de Energia 1	Grupo de Energia 2	Grupo de Energia 3	Grupo de Energia 4	Grupo de Energia 5	Grupo de Energia 6	Grupo de Energia 7	Grupo de Energia 8	Grupo de Energia 9	Grupo de Energia 10	Grupo de Energia 11	Grupo de Energia 12	Grupo de Energia 13	Grupo de Energia 14	Grupo de Energia 15	Grupo de Energia 16	Grupo de Energia 17	Grupo de Energia 18	Grupo de Energia 19	Grupo de Energia 20
0	1.86268	0.0347176	0.016973	0.010172	0.00998923	0.00501126	0.00377157	0.00295014	0.00237518	0.00235631	0.00165672	0.00140744	0.00121228	0.001056	0.000928681	0.00082347	0.00073546	0.000661052	0.000597548	0.000542894	
0.1	1.87533	0.0366311	0.0182343	0.0111047	0.0108165	0.00562654	0.00428992	0.00339714	0.00276744	0.00273189	0.00197328	0.00169428	0.00147446	0.00129733	0.00115214	0.00103146	0.000929913	0.000843578	0.000769487	0.000705377	
0.2	1.8924	0.0380652	0.019089	0.0116854	0.0113548	0.00595993	0.00455511	0.00361417	0.00294892	0.0029119	0.00210762	0.00181127	0.00157744	0.00138878	0.00123396	0.00110513	0.000996632	0.000904299	0.000824996	0.000756325	
0.3	1.91311	0.0392532	0.019789	0.0121664	0.0117974	0.00624972	0.0047923	0.00381389	0.00312063	0.00307978	0.00224159	0.00193082	0.00168517	0.00148662	0.0013234	0.00118736	0.00107261	0.000974806	0.000890684	0.000817737	
0.4	1.93699	0.0403002	0.0204078	0.0125912	0.0121888	0.00649851	0.00499122	0.00397692	0.00325672	0.00321531	0.00234142	0.00201712	0.00176052	0.00155294	0.00138218	0.00123976	0.00111957	0.0010171	0.000928927	0.000852452	
0.5	1.96376	0.0412558	0.0209722	0.012976	0.0125445	0.00672054	0.00516843	0.00412251	0.00337906	0.00333668	0.00243324	0.00209771	0.00183208	0.00161707	0.00144012	0.00129246	0.0011678	0.00106146	0.000969921	0.000890489	
0.6	1.99329	0.0421453	0.0214954	0.0133302	0.0128726	0.00692285	0.0053292	0.00425385	0.0034886	0.00344579	0.00251369	0.00216733	0.00189292	0.00167066	0.00148762	0.00133482	0.00120574	0.0010956	0.00100076	0.000918444	
0.7	2.02557	0.0429825	0.0219853	0.0136603	0.0131784	0.00711001	0.00547758	0.00437487	0.00358948	0.00354617	0.00258802	0.00223195	0.00194975	0.00172112	0.00153281	0.00137558	0.00124275	0.00112939	0.00103178	0.000947046	
0.8	2.06064	0.0437762	0.0224474	0.0139706	0.0134656	0.00728503	0.00561612	0.00448768	0.00368332	0.00363949	0.00265677	0.00229147	0.00200182	0.00176707	0.00157363	0.00141206	0.00127553	0.00115897	0.00105858	0.000971418	
0.9	2.09865	0.044532	0.0228856	0.014264	0.0137367	0.00744999	0.00574657	0.00459382	0.00377159	0.00372708	0.00272147	0.00234756	0.00205102	0.00181062	0.00161251	0.00144702	0.00130717	0.00118778	0.00108495	0.000995668	
1	2.13984	0.0452538	0.0233026	0.0145428	0.0139935	0.00760628	0.00587013	0.00469434	0.00385517	0.00380979	0.00278268	0.00240062	0.00209751	0.00185173	0.00164913	0.00147985	0.00133676	0.00121459	0.00110933	0.00101794	
1.1	2.18453	0.0459444	0.0237004	0.0148084	0.0142373	0.00775486	0.00598759	0.00478992	0.00393468	0.00388819	0.00284097	0.00245122	0.00214194	0.0018911	0.00168432	0.00151152	0.00136546	0.00124074	0.0011333	0.00104	
1.2	2.23316	0.0466054	0.02408	0.0150616	0.0144688	0.00789626	0.0060994	0.00488094	0.00401045	0.0039626	0.00289656	0.00249951	0.00218435	0.0019287	0.0017179	0.00154172	0.00139277	0.00126557	0.00115597	0.00106079	
1.3	2.28637	0.0472379	0.024442	0.0153027	0.0146881	0.00803064	0.00620571	0.00496752	0.00408257	0.00403308	0.00294957	0.00254566	0.00222499	0.00196484	0.00175031	0.00157101	0.0014194	0.00128994	0.00117838	0.0010815	
1.4	2.34504	0.0478417	0.0247861	0.0155315	0.0148952	0.00815775	0.00630626	0.00504943	0.00415081	0.00409944	0.00299968	0.00258926	0.00226336	0.0019989	0.00178079	0.00159846	0.00144428	0.0013126	0.00119913	0.00110057	
1.5	2.41039	0.0484153	0.0251112	0.0157469	0.015089	0.00827679	0.00640037	0.00512609	0.00421472	0.00416117	0.00304678	0.00263042	0.00229976	0.00203143	0.00181011	0.0016251	0.00146865	0.00133502	0.00121986	0.00111985	
1.6	2.48419	0.0489545	0.0254148	0.0159466	0.0152677	0.00838605	0.00648651	0.00519599	0.00427273	0.00421692	0.00308889	0.00266691	0.00233173	0.0020597	0.00183531	0.00164772	0.00148909	0.0013536	0.00123684	0.00113543	
1.7	2.56896	0.0494496	0.0256914	0.0161266	0.015428	0.00848242	0.00656223	0.00525749	0.004324	0.00426555	0.00312674	0.00270015	0.00236128	0.00208625	0.00185938	0.00166971	0.00150932	0.00137232	0.00125425	0.00115171	
1.8	2.66842	0.0498786	0.025929	0.0162791	0.0155626	0.00855899	0.00661997	0.00530222	0.00435939	0.00429934	0.00314993	0.00271934	0.00237734	0.00209982	0.00187095	0.00167966	0.00151792	0.00137981	0.00126082	0.00115749	
1.9	2.788	0.0501897	0.0260936	0.0163829	0.0156513	0.008611	0.00665991	0.00533384	0.00438505	0.00432275	0.0031677	0.00273458	0.00239059	0.00211147	0.00188131	0.00168897	0.00152637	0.00138754	0.00126794	0.0011641	
2	2.93574	0.0502622	0.0260702	0.0163296	0.0156107	0.0085413	0.00659121	0.00526717	0.00432088	0.00426295	0.00310804	0.00267772	0.00233629	0.00205956	0.00183162	0.00164135	0.00148067	0.00134364	0.00122572	0.00112344	
2.1	3.11735	0.0506108	0.0262178	0.0163981	0.0156714	0.00854711	0.00658492	0.00525327	0.00430211	0.00424424	0.00308336	0.00265194	0.00230984	0.00203275	0.00180468	0.00161444	0.00145392	0.00131713	0.0011995	0.00109757	
2.2	3.2554	0.0511431	0.0265234	0.0166046	0.0158462	0.00866457	0.00667936	0.00533128	0.0043679	0.00430471	0.00313241	0.00269511	0.00234821	0.00206716	0.00183578	0.00164274	0.00147983	0.00134097	0.00122155	0.00111806	
2.3	3.36423	0.0517041	0.0268413	0.0168133	0.0160281	0.00877536	0.00676513	0.00539952	0.00442338	0.00435681	0.00317083	0.00272775	0.00237623	0.00209143	0.00185696	0.00166136	0.0014963	0.00135562	0.00123465	0.00112982	
2.4	3.45257	0.0522444	0.0271452	0.0170142	0.0162033	0.00888714	0.00685451	0.00547325	0.00448565	0.00441491	0.00321766	0.00276913	0.00241318	0.00212472	0.00188719	0.00168899	0.00152169	0.00137908	0.00125642	0.00115011	
2.5	3.52579	0.0527481	0.0274277	0.0172014	0.016367	0.00899121	0.00693707	0.00554053	0.00454163	0.00446777	0.00325827	0.00280431	0.00244397	0.00215189	0.00191134	0.0017106	0.00154114	0.00139668	0.00127243	0.00116472	
2.6	3.58725	0.0532096	0.0276856	0.0173722	0.0165169	0.00908645	0.00701296	0.00560286	0.00459402	0.00451714	0.00329738	0.00283877	0.00247465	0.00217947	0.00193634	0.0017334	0.00156208	0.001416	0.00129034	0.0011814	
2.7	3.63913	0.053627	0.0279173	0.0175253	0.0166516	0.0091717	0.00708083	0.00565848	0.00464061	0.0045612	0.0033317	0.00286871	0.00250103	0.00220289	0.00195728	0.00175224	0.00157911	0.00143147	0.00130446	0.00119433	
2.8	3.68281	0.0539991	0.0281219	0.0176598	0.0167702	0.00924649	0.0071404	0.00570738	0.00468169	0.00460003	0.00336228	0.00289559	0.00252491	0.00222431	0.00197663	0.00176986	0.00159525	0.00144633	0.0013182	0.00120711	
2.9	3.71925	0.0543252	0.0282987	0.0177753	0.0168724	0.00931048	0.00719135	0.0057492	0.0047168	0.00463322	0.00338831	0.00291838	0.00254506	0.00224227	0.00199274	0.00178439	0.00160842	0.00145833	0.00132917	0.00121717	
3	3.74908	0.0546047	0.0284474	0.0178715	0.0169577	0.00936344	0.0072335	0.00578382	0.0047459	0.00466067	0.00341	0.00293745	0.002562	0.00225745	0.00200646	0.00179687	0.00161984	0.00146883	0.00133888	0.00122617	
3.1	3.77276	0.0548373	0.0285676	0.0179482	0.0170258	0.00940521	0.00726671	0.0058111	0.00476886	0.00468223	0.00342712	0.0029525	0.00257536	0.0022694	0.00201721	0.0018066	0.00162868	0.00147691	0.00134628	0.00123298	
3.2	3.7906	0.0550224	0.028659	0.018005	0.0170766	0.00943563	0.00729086	0.00583095	0.0047856	0.00469781	0.00343968	0.00296359	0.00258525	0.0022783	0.00202528	0.00181395	0.00163543	0.00148312	0.00135203	0.00123832	
3.3	3.80283	0.0551597	0.0287213	0.0180418	0.0171097	0.00945455	0.00730581	0.00584326	0.00479603	0.00470731	0.00344758	0.00297061	0.00259155	0.00228399	0.00203044	0.00181867	0.00163975	0.00148709	0.00135568	0.0012417	
3.4	3.80957	0.0552488	0.0287543	0.0180584	0.0171249	0.00946184	0.00731145	0.00584793	0.00480006	0.00471063	0.00345077	0.00297354	0.00259426	0.0022865	0.00203278	0.00182086	0.0016418	0.00148902	0.0013575	0.00124342	
3.5	3.81091	0.0552893	0.0287576	0.0180546	0.0171222	0.00945734	0.00730766	0.00584485	0.0047976	0.00470767	0.00344917	0.0029723	0.00259329	0.00228574	0.0020322	0.00182041	0.00164146	0.00148876	0.00135731	0.00124327	
3.6	3.80688	0.0552808	0.0287311	0.0180301	0.0171012	0.00944089	0.0072943	0.00583391	0.00478855	0.00469832	0.00344271	0.00296682	0.00258859	0.00228168	0.00202866	0.0018173	0.00163872	0.00148632	0.00135513	0.00124131	
3.7	3.79742	0.0552228	0.0286743	0.0179847	0.0170616	0.00941229	0.00727119	0.00581495	0.00477278	0.00468245	0.00343128	0.00295701	0.00258009	0.00227425	0.00202212	0.0018115	0.00163353	0.00148167	0.00135094	0.00123752	
3.8	3.78247	0.0551148	0.0285869	0.0179182	0.0170034	0.00937134	0.00723815	0.0057878	0.00475013	0.00465991	0.00341475	0.00294275	0.00256766	0.00226332	0.00201244	0.00180286	0.00162578	0.00147467	0.00134459	0.00123172	
3.9	3.76186	0.0549562	0.0284685	0.01783	0.0169261	0.00931776	0.00719495	0.00575227	0.00472042	0.00463053	0.00339298	0.00292392	0.00255121	0.00224884	0.00199959	0.0017914	0.00161549	0.00146539	0.00133617	0.00122407	
4	3.73536	0.0547463	0.0283185	0.0177199	0.0168293	0.00925123	0.0071413	0.0057081	0.00468343	0.00459408	0.00336576	0.00290031	0.00253053	0.00223056	0.00198332	0.00177681	0.00160234	0.00145346	0.0013253	0.00121411	
4.1	3.70264	0.054484	0.0281362	0.0175872	0.0167126	0.00917134	0.00707684	0.00565495	0.00463886	0.00455029	0.0033329	0.00287177	0.00250552	0.00220846	0.00196366	0.00175922	0.00158651	0.00143915	0.00131231	0.00120227	
4.2	3.66325	0.0541682	0.0279206	0.0174312	0.0165754	0.00907756	0.0070011	0.00559243	0.00458632	0.0044988	0.00329397	0.00283787	0.00247569	0.002182	0.00194	0.00173794	0.00156725	0.00142163	0.00129629	0.00118756	
4.3	3.61651	0.053797	0.0276706	0.0172509	0.0164168	0.00896922	0.0069135	0.00552001	0.00452539	0.00443921	0.0032488	0.00279854	0.00244112	0.00215138	0.00191271	0.00171346	0.00154519	0.00140166	0.00127813	0.00117098	
4.4	3.56147	0.0533683	0.0273844	0.0170451	0.0162358	0.00884537	0.00681321	0.0054369	0.00445527	0.00437079	0.00319639	0.00275266	0.00240056	0.00211523	0.00188025	0.00168414	0.00151854	0.00137732	0.00125581	0.00115043	
4.5	3.49668	0.0528788	0.0270599	0.016812	0.0160308	0.00870483	0.00669925	0.00534241	0.00437553	0.00429305	0.00313697	0.00270078	0.00235486	0.00207467	0.00184401	0.00165156	0.00148912	0.00135062	0.00123147	0.00112816	
4.6	3.41997	0.0523237	0.0266942	0.0165493	0.0158	0.00854577	0.00656979	0.00523449	0.00428387	0.00420407	0.00306754	0.00263961	0.00230044	0.00202587	0.00179995	0.00161155	0.00145259	0.00131711	0.00120061	0.00109963	
4.7	3.32792	0.0516962	0.0262835	0.0162539	0.0155407	0.00836646	0.00642411	0.00511346	0.00418154	0.00410455	0.00299092	0.00257253	0.00224116	0.00197306	0.0017526	0.00156884	0.00141387	0.00128184	0.00116834	0.00107	
4.8	3.21507	0.0509845	0.0258221	0.0159217	0.0152496	0.00816078	0.00625469	0.00497062	0.00405893	0.00398632	0.00289634	0.00248851	0.00216585	0.00190505	0.00169079	0.00151235	0.00136198	0.00123398	0.00112402	0.0010288	
4.9	3.07259	0.0501673	0.0252974	0.0155495	0.0149202	0.00793688	0.00607269	0.00481898	0.00393015	0.00386135	0.00279883	0.00240259	0.00208942	0.00183653	0.00162893	0.00145618	0.00131071	0.00118696	0.00108072	0.00098879	
5	2.886	0.0491985	0.024643	0.0150658	0.0144975	0.00762518	0.00581227	0.00459642	0.00373659	0.00367565	0.00264553	0.00226475	0.00196437	0.00172225	0.00152386	0.00135903	0.00122047	0.00110278	0.0010019	0.000914733	
5.1	2.65744	0.0477422	0.0236703	0.01435	0.0138752	0.00716586	0.00542907	0.0042694	0.00345264	0.00340503	0.00242153	0.00206376	0.00178245	0.00155642	0.00137176	0.00121881	0.00109058	0.000981971	0.00088912	0.000809095	
5.2	2.48941	0.0465557	0.0229204	0.0138225	0.0134079	0.00685232	0.00517572	0.0040596	0.0032756	0.0032334	0.00228923	0.00194802	0.00168023	0.00146545	0.00129026	0.00114537	0.00102408	0.000921477	0.000833872	0.000758454	
5.3	2.3573	0.0455105	0.0222537	0.0133487	0.0129899	0.00656584	0.00494263	0.00386539	0.0031108	0.00307403	0.00216476	0.00183859	0.00158312	0.0013786	0.00121206	0.00107454	0.000959591	0.000862492	0.000779692	0.000708499	
5.4	2.24786	0.0445606	0.0216506	0.0129261	0.0126136	0.00632036	0.00474702	0.00370573	0.002978	0.00294408	0.0020682	0.00175523	0.00151044	0.0013147	0.00115549	0.00102414	0.000914444	0.000821848	0.00074294	0.000675133	
5.5	2.15379	0.0436839	0.0210979	0.0125421	0.0122698	0.00609869	0.00457021	0.00356099	0.0028571	0.00282601	0.0019793	0.001678	0.00144265	0.00125468	0.00110195	0.000976075	0.000871037	0.000782447	0.000707008	0.000642224	
5.6	2.07086	0.0428671	0.0205865	0.0121894	0.0119526	0.00589836	0.004412	0.00343292	0.00275141	0.00272208	0.00190355	0.00161307	0.00138642	0.00120557	0.00105873	0.000937793	0.000836928	0.000751895	0.00067951	0.000617368	
5.7	1.99654	0.0421011	0.0201099	0.0118627	0.0116575	0.00571479	0.00426753	0.00331616	0.00265504	0.00262733	0.00183412	0.00155331	0.00133439	0.00115983	0.0010182	0.000901605	0.000804414	0.000722512	0.000652819	0.000593005	
5.8	1.92922	0.0413794	0.0196633	0.0115584	0.0113816	0.0055457	0.00413521	0.00320987	0.00256788	0.00254135	0.00177225	0.0015005	0.00128882	0.00112015	0.000983376	0.000870833	0.000777051	0.000698044	0.000630828	0.000573149	
5.9	1.86777	0.0406973	0.0192432	0.0112737	0.0111224	0.00538907	0.00401313	0.00311208	0.00248785	0.00246234	0.00171541	0.00145189	0.00124674	0.00108335	0.00095091	0.000841962	0.000751198	0.000674747	0.000609713	0.000553914	
6	1.8114	0.040051	0.018847	0.0110066	0.0108784	0.00524345	0.00390011	0.00302192	0.00241435	0.00238964	0.00166366	0.00140784	0.00120882	0.00105039	0.000922008	0.000816439	0.000728509	0.000654458	0.000591475	0.000537438	
6.1	1.75949	0.0394376	0.0184725	0.0107553	0.010648	0.00510769	0.00379513	0.00293842	0.00234643	0.00232241	0.0016159	0.00136718	0.00117376	0.00101983	0.000895129	0.000792597	0.000707205	0.000635295	0.000574132	0.000521658	
6.2	1.71155	0.0388548	0.018118	0.0105186	0.0104302	0.00498082	0.00369738	0.00286092	0.00228356	0.00226011	0.00157193	0.00132985	0.00114167	0.000991961	0.000870708	0.000771031	0.000688027	0.000618136	0.000558695	0.000507699	
6.3	1.66719	0.0383005	0.0177821	0.0102953	0.0102241	0.00486207	0.00360619	0.00278881	0.0022252	0.00220223	0.00153119	0.00129527	0.00111193	0.0009661	0.000848	0.000750921	0.000670082	0.000602011	0.000544116	0.000494443	
6.4	1.62606	0.0377729	0.0174635	0.0100845	0.0100288	0.00475077	0.00352099	0.00272162	0.00217093	0.00214836	0.00149345	0.00126329	0.00108447	0.00094227	0.000827125	0.000732483	0.000653679	0.000587325	0.00053089	0.000482472	
6.5	1.58788	0.0372708	0.0171612	0.00988521	0.0098437	0.00464634	0.00344128	0.00265891	0.00212039	0.00209816	0.00145837	0.00123358	0.00105896	0.00092012	0.000807698	0.000715295	0.000638352	0.000573562	0.000518454	0.00047117	
6.6	1.5524	0.0367927	0.0168742	0.0096968	0.00966808	0.00454825	0.00336665	0.00260033	0.00207325	0.00205131	0.00142574	0.00120598	0.00103529	0.000899589	0.000789715	0.000699409	0.000624214	0.000560896	0.00050704	0.000460829	
6.7	1.51941	0.0363375	0.0166017	0.00951857	0.00950143	0.00445608	0.0032967	0.00254556	0.00202926	0.00200755	0.00139535	0.00118028	0.00101326	0.000880473	0.000772962	0.000684595	0.000611011	0.000549045	0.000496335	0.000451104	
6.8	1.48872	0.0359041	0.0163428	0.00934993	0.00934324	0.0043694	0.0032311	0.00249429	0.00198816	0.00196664	0.00136701	0.00115634	0.000992752	0.000862695	0.000757393	0.000670841	0.000598767	0.00053807	0.000486439	0.000442133	
6.9	1.46017	0.0354917	0.016097	0.00919031	0.00919305	0.00428785	0.00316954	0.00244629	0.00194973	0.00192837	0.00134058	0.00113402	0.000973635	0.000846122	0.000742877	0.000658011	0.000587336	0.000527813	0.000477177	0.000433721	
7	1.43362	0.0350993	0.0158636	0.00903922	0.00905045	0.0042111	0.00311175	0.00240132	0.00191378	0.00189255	0.0013159	0.0011132	0.000955811	0.000830679	0.000729357	0.000646068	0.000576702	0.00051828	0.000468578	0.000425922	
7.1	1.40893	0.0347261	0.0156419	0.00889618	0.00891503	0.00413883	0.00305747	0.00235916	0.00188014	0.001859	0.00129284	0.00109376	0.00093918	0.000816273	0.000716746	0.000634927	0.000566781	0.000509381	0.000460545	0.00041863	
7.2	1.38599	0.0343714	0.0154315	0.00876075	0.00878644	0.00407077	0.00300647	0.00231962	0.00184864	0.00182755	0.00127129	0.00107561	0.000923659	0.000802834	0.000704987	0.000624543	0.000557536	0.000501093	0.000453068	0.000411846	
7.3	1.36471	0.0340344	0.0152317	0.00863252	0.00866431	0.00400664	0.00295853	0.00228252	0.00181912	0.00179807	0.00125114	0.00105866	0.000909168	0.000790295	0.000694019	0.00061486	0.000548918	0.000493368	0.000446098	0.000405523	
7.4	1.34498	0.0337144	0.015042	0.00851109	0.00854831	0.00394617	0.00291343	0.00224769	0.00179146	0.00177041	0.0012323	0.00104281	0.000895632	0.000778588	0.000683783	0.000605825	0.000540879	0.000486161	0.000439598	0.000399625	
7.5	1.32674	0.0334108	0.0148621	0.00839608	0.00843812	0.00388914	0.00287098	0.00221496	0.0017655	0.00174442	0.00121465	0.00102799	0.000882987	0.00076766	0.000674237	0.000597408	0.000533395	0.00047946	0.000433558	0.00039415	
7.6	1.30991	0.033123	0.0146913	0.0082871	0.00833341	0.00383529	0.00283097	0.00218418	0.00174112	0.00171999	0.00119812	0.00101411	0.000871155	0.000757441	0.000665313	0.000589538	0.000526397	0.000473191	0.000427905	0.000389023	
7.7	1.29441	0.0328503	0.0145292	0.00818379	0.00823388	0.00378438	0.00279323	0.00215517	0.00171818	0.00169698	0.0011826	0.0010011	0.000860086	0.000747896	0.000656991	0.000582214	0.000519897	0.000467381	0.000422678	0.000384293	
7.8	1.2802	0.032592	0.0143754	0.00808578	0.0081392	0.00373618	0.00275754	0.00212779	0.00169656	0.00167525	0.001168	0.000988877	0.000849684	0.000738928	0.000649171	0.000575328	0.000513781	0.000461907	0.000417745	0.000379821	
7.9	1.26723	0.0323475	0.0142293	0.00799269	0.00804906	0.00369043	0.0027237	0.00210186	0.0016761	0.00165467	0.00115423	0.000977371	0.000839917	0.000730531	0.000641874	0.000568925	0.000508117	0.000456859	0.000413218	0.000375738	
8	1.25543	0.0321162	0.0140904	0.00790412	0.0079631	0.00364688	0.00269151	0.0020772	0.00165666	0.00163508	0.00114115	0.000966442	0.000830638	0.000722546	0.000634923	0.000562815	0.000502697	0.000452014	0.000408857	0.000371786	
8.1	1.24477	0.0318973	0.0139583	0.00781965	0.00788097	0.00360523	0.00266072	0.00205362	0.00163809	0.00161633	0.00112869	0.000956066	0.000821863	0.000715033	0.000628422	0.000557137	0.000497699	0.000447583	0.000404903	0.000368239	
8.2	1.23522	0.03169	0.0138323	0.00773882	0.00780229	0.00356517	0.00263106	0.00203088	0.00162015	0.00159821	0.00111661	0.000945977	0.000813302	0.000707672	0.000622021	0.000551515	0.000492718	0.000443134	0.000400902	0.000364617	
8.3	1.22673	0.0314935	0.0137118	0.00766111	0.00772659	0.00352635	0.00260225	0.00200876	0.0016027	0.00158056	0.00110492	0.00093626	0.000805113	0.000700691	0.000616011	0.000546297	0.000488153	0.000439115	0.000397342	0.000361447	
8.4	1.21927	0.0313069	0.013596	0.00758593	0.00765337	0.00348831	0.00257387	0.00198683	0.00158529	0.00156297	0.00109306	0.000926308	0.000796637	0.000693381	0.000609639	0.000540691	0.00048318	0.000434671	0.000393344	0.000357828	
8.5	1.21281	0.0311288	0.013484	0.00751252	0.00758199	0.00345058	0.00254558	0.00196493	0.00156791	0.00154538	0.00108133	0.000916554	0.00078842	0.000686388	0.000603636	0.000535499	0.00047866	0.000430714	0.000389862	0.00035475	
8.6	1.20733	0.030958	0.0133747	0.00743995	0.00751163	0.00341227	0.00251642	0.00194196	0.00154933	0.00152675	0.00106827	0.000905447	0.000778845	0.000678042	0.000596294	0.000528988	0.000472846	0.000425488	0.000385139	0.00035046	
8.7	1.20279	0.0307922	0.0132665	0.00736693	0.00744118	0.00337298	0.00248646	0.00191841	0.00153038	0.00150766	0.00105518	0.000894448	0.000769495	0.000670021	0.000589359	0.000522954	0.000467567	0.000420847	0.000381042	0.000346831	
8.8	1.19918	0.030628	0.0131571	0.00729108	0.0073689	0.00332924	0.00245184	0.00189016	0.00150678	0.00148436	0.00103766	0.000879186	0.000756045	0.00065806	0.000578643	0.000513289	0.0004588	0.000412855	0.000373723	0.0003401	
8.9	1.19645	0.0304564	0.0130427	0.00721196	0.00729324	0.003284	0.00241627	0.00186132	0.00148287	0.00146067	0.00102021	0.000864111	0.000742889	0.000646482	0.000568383	0.000504145	0.000450611	0.000405489	0.000367074	0.000334079	
9	1.19458	0.0302465	0.0128922	0.00710002	0.00718992	0.00321082	0.00235524	0.00180908	0.00143727	0.00141675	0.000983619	0.000831062	0.00071276	0.000618814	0.00054282	0.000480405	0.000428464	0.000384748	0.000347581	0.000315702	
9.1	1.19353	0.0300197	0.0127265	0.00697589	0.00707474	0.00312915	0.00228715	0.0017508	0.00138645	0.00136769	0.000942897	0.000794329	0.000679319	0.000588146	0.000514527	0.000454166	0.000404021	0.000361888	0.000326126	0.000295503	
9.2	1.19394	0.0298884	0.0126321	0.00690904	0.00700987	0.00309035	0.00225674	0.0017263	0.00136629	0.0013475	0.000928453	0.000782012	0.000668716	0.000578952	0.000506508	0.000447141	0.000397843	0.000356439	0.000321309	0.000291237	
9.3	1.19576	0.0298056	0.0125641	0.00685823	0.00696084	0.00305885	0.00223146	0.00170547	0.00134877	0.00133007	0.000915337	0.000770576	0.000658639	0.000569996	0.000498491	0.000439919	0.000391301	0.000350482	0.000315861	0.000286233	
9.4	1.19894	0.0297616	0.0125205	0.00682556	0.00692793	0.00304026	0.00221744	0.00169466	0.0013403	0.00132118	0.00090986	0.000766183	0.000655094	0.000567129	0.000496173	0.00043805	0.000389803	0.000349293	0.000314932	0.000285522	
9.5	1.20348	0.0297524	0.0124977	0.00680671	0.00690811	0.00302862	0.00220842	0.00168747	0.00133446	0.00131506	0.000905712	0.000762674	0.000652086	0.000564522	0.000493893	0.000436039	0.000388016	0.000347694	0.00031349	0.000284214	
9.6	1.20937	0.0297753	0.0124938	0.00680038	0.00690004	0.00302432	0.00220544	0.00168546	0.00133317	0.0013133	0.000905312	0.000762598	0.000652252	0.000564869	0.000494376	0.000436625	0.000388678	0.000348412	0.000314249	0.000285001	
9.7	1.2166	0.0298286	0.0125073	0.00680536	0.00690269	0.00302587	0.00220678	0.00168668	0.00133431	0.00131404	0.000906259	0.000763488	0.00065308	0.000565636	0.000495083	0.000437275	0.000389274	0.000348957	0.000314746	0.000285454	
9.8	1.22517	0.0299109	0.0125372	0.00682083	0.00691533	0.00303293	0.0022124	0.00169139	0.00133838	0.00131764	0.000909477	0.000766422	0.000655777	0.000568131	0.000497404	0.000439443	0.000391306	0.000350867	0.000316546	0.000287155	
9.9	1.23509	0.030021	0.0125827	0.00684617	0.00693741	0.00304497	0.00222173	0.00169891	0.00134461	0.00132344	0.000913992	0.000770343	0.000659212	0.000571163	0.000500096	0.000441845	0.00039346	0.000352806	0.000318297	0.000288741	
10	1.24637	0.0301582	0.0126432	0.00688091	0.00696851	0.00306172	0.00223459	0.0017092	0.00135309	0.00133147	0.000920144	0.0007757	0.000663935	0.000575369	0.000503875	0.000445264	0.000396574	0.000355657	0.000320922	0.000291167	
10.1	1.25903	0.0303217	0.0127181	0.0069247	0.0070083	0.0030829	0.00225075	0.001722	0.00136352	0.00134146	0.000927527	0.000782032	0.000669429	0.000580179	0.000508118	0.000449034	0.000399941	0.000358681	0.000323649	0.000293637	
10.2	1.27308	0.030511	0.0128073	0.00697725	0.00705651	0.00310835	0.00227006	0.00173723	0.00137589	0.00135339	0.000936263	0.000789527	0.000675944	0.000585904	0.000513197	0.000453575	0.000404031	0.000362388	0.000327028	0.000296732	
10.3	1.28854	0.0307257	0.0129102	0.00703834	0.00711294	0.00313793	0.00229243	0.0017548	0.00139009	0.00136715	0.000946184	0.000797985	0.000683245	0.000592272	0.0005188	0.000458541	0.000408462	0.000366364	0.000330614	0.000299982	
10.4	1.30545	0.0309654	0.0130268	0.00710783	0.00717743	0.00317155	0.00231778	0.00177465	0.0014061	0.00138271	0.000957336	0.000807487	0.000691451	0.00059944	0.00052512	0.000464163	0.000413499	0.000370907	0.000334736	0.000303741	
10.5	1.32383	0.0312299	0.0131569	0.00718559	0.00724985	0.00320914	0.00234605	0.00179674	0.00142386	0.00140002	0.000969655	0.000817952	0.00070046	0.00060728	0.000532008	0.000470262	0.000418937	0.000375787	0.000339138	0.000307732	
10.6	1.34371	0.0315189	0.0133003	0.00727155	0.00733011	0.00325067	0.00237723	0.00182106	0.00144339	0.00141909	0.000983165	0.000829421	0.000710332	0.000615876	0.000539567	0.000476966	0.000424929	0.000381177	0.000344017	0.000312172	
10.7	1.36514	0.0318323	0.013457	0.00736566	0.00741816	0.00329611	0.00241131	0.0018476	0.00146466	0.00143989	0.00099785	0.000841869	0.000721031	0.000625176	0.000547729	0.00048419	0.000431368	0.000386955	0.00034923	0.0003169	
10.8	1.38816	0.0321699	0.0136268	0.00746792	0.00751396	0.00334548	0.00244829	0.00187637	0.00148771	0.00146244	0.00101373	0.000855327	0.000732594	0.000635228	0.000556555	0.000492007	0.000438345	0.000393223	0.000354897	0.00032205	
10.9	1.41281	0.0325317	0.0138099	0.00757833	0.00761749	0.00339879	0.0024882	0.00190739	0.00151254	0.00148676	0.00103082	0.000869797	0.000745018	0.00064602	0.000566022	0.000500383	0.000445811	0.000399922	0.000360942	0.000327536	
11	1.43917	0.0329177	0.0140062	0.00769693	0.00772875	0.00345609	0.00253107	0.0019407	0.00153918	0.00151288	0.00104915	0.000885309	0.000758335	0.000657587	0.00057617	0.000509364	0.000453821	0.000407114	0.000367439	0.000333435	
11.1	1.46727	0.0333277	0.0142157	0.00782377	0.00784776	0.00351741	0.00257695	0.00197634	0.00156768	0.00154082	0.00106874	0.000901883	0.000772558	0.000669936	0.000587001	0.000518945	0.00046236	0.000414777	0.000374356	0.000339713	
11.2	1.49721	0.0337618	0.0144385	0.00795893	0.00797455	0.00358284	0.00262589	0.00201436	0.00159808	0.00157063	0.00108963	0.000919554	0.000787721	0.000683102	0.000598547	0.00052916	0.000471467	0.00042295	0.000381735	0.000346412	
11.3	1.52904	0.0342201	0.0146747	0.0081025	0.00810917	0.00365243	0.00267798	0.00205482	0.00163043	0.00160236	0.00111185	0.000938354	0.000803851	0.000697105	0.000610826	0.000540021	0.000481148	0.000431638	0.000389579	0.000353531	
11.4	1.56285	0.0347025	0.0149244	0.00825458	0.00825168	0.00372629	0.00273327	0.00209778	0.00166479	0.00163606	0.00113546	0.000958323	0.000820984	0.000711978	0.000623868	0.000551558	0.00049143	0.000440864	0.000397908	0.00036109	
11.5	1.59873	0.0352091	0.0151877	0.00841528	0.00840213	0.0038045	0.00279187	0.00214333	0.00170122	0.00167179	0.0011605	0.000979505	0.000839159	0.000727756	0.000637704	0.000563798	0.000502341	0.000450657	0.00040675	0.000369117	
11.6	1.63678	0.03574	0.0154647	0.00858475	0.0085606	0.00388717	0.00285385	0.00219154	0.00173979	0.00170962	0.00118702	0.00100195	0.000858416	0.000744474	0.000652363	0.000576763	0.000513897	0.000461024	0.000416106	0.000377607	
11.7	1.67712	0.0362952	0.0157556	0.0087631	0.00872716	0.00397443	0.00291934	0.0022425	0.0017806	0.00174963	0.0012151	0.0010257	0.000878805	0.000762179	0.000667892	0.000590502	0.000526146	0.000472019	0.000426036	0.000386624	
11.8	1.71987	0.0368748	0.0160604	0.0089505	0.0089019	0.00406639	0.00298843	0.00229632	0.00182371	0.00179189	0.00124478	0.00105083	0.000900373	0.000780907	0.000684315	0.000605029	0.000539092	0.000483633	0.000436517	0.000396131	
11.9	1.76516	0.0374788	0.0163793	0.00914709	0.00908489	0.00416318	0.00306125	0.00235309	0.00186923	0.00183649	0.00127615	0.0010774	0.000923184	0.000800722	0.000701701	0.000620415	0.000552813	0.000495954	0.000447646	0.00040624	
12	1.81315	0.0381072	0.0167124	0.00935303	0.00927622	0.00426494	0.00313791	0.00241294	0.00191725	0.00188351	0.00130929	0.00110546	0.000947286	0.000821658	0.000720065	0.00063666	0.00056729	0.000508941	0.000459364	0.000416868	
12.1	1.864	0.0387601	0.0170599	0.00956845	0.00947596	0.00437181	0.00321855	0.00247597	0.00196788	0.00193306	0.00134427	0.00113511	0.000972766	0.000843805	0.000739506	0.000653874	0.000582649	0.000522736	0.000471831	0.000428196	
12.2	1.91792	0.0394374	0.0174218	0.00979351	0.00968417	0.00448393	0.00330331	0.0025423	0.00202123	0.00198524	0.00138117	0.00116641	0.000999664	0.000867182	0.000760019	0.000672024	0.000598825	0.000537247	0.000484923	0.000440068	
12.3	1.9751	0.040139	0.0177982	0.0100284	0.00990091	0.00460145	0.00339231	0.00261207	0.0020774	0.00204014	0.00142012	0.00119947	0.0010281	0.000891926	0.000781757	0.000691286	0.000616021	0.000552703	0.000498898	0.000452774	
12.4	2.03581	0.0408649	0.0181892	0.0102731	0.0101262	0.0047245	0.00348569	0.0026854	0.00213653	0.00209787	0.00146117	0.00123433	0.0010581	0.000918015	0.000804662	0.000711559	0.000634093	0.000568914	0.000513524	0.000466035	
12.5	2.10031	0.0416148	0.0185948	0.0105278	0.01036	0.0048532	0.00358358	0.00276242	0.00219873	0.00215853	0.00150448	0.00127116	0.00108984	0.000945668	0.000828987	0.000733136	0.000653376	0.000586261	0.000529222	0.000480318	
12.6	2.16891	0.0423883	0.0190149	0.0107925	0.0106024	0.00498768	0.0036861	0.00284323	0.00226411	0.00222222	0.00155008	0.00130996	0.00112326	0.000974772	0.000854558	0.000755781	0.000673569	0.000604379	0.000545568	0.000495138	
12.7	2.24198	0.043185	0.0194494	0.0110672	0.0108531	0.005128	0.00379336	0.00292797	0.0023328	0.00228905	0.00159818	0.00135097	0.00115869	0.0010057	0.000881812	0.000779996	0.000695241	0.0006239	0.000563254	0.000511247	
12.8	2.31994	0.0440044	0.0198981	0.0113519	0.0111122	0.00527423	0.00390541	0.0030167	0.00240485	0.00235904	0.00164872	0.00139406	0.00119588	0.00103813	0.000910339	0.000805279	0.0007178	0.00064415	0.000581528	0.000527817	
12.9	2.40328	0.0448455	0.0203605	0.0116464	0.0113792	0.00542635	0.00402232	0.00310953	0.00248043	0.00243233	0.00170203	0.00143969	0.00123541	0.00107274	0.000940917	0.000832511	0.000742223	0.000666191	0.000601532	0.000546064	
13	2.49256	0.0457073	0.0208361	0.0119503	0.0116539	0.00558425	0.00414401	0.00320636	0.0025594	0.00250879	0.00175777	0.00148735	0.00127664	0.00110876	0.000972651	0.000860674	0.000767378	0.000688789	0.000621939	0.000564579	
13.1	2.58847	0.0465881	0.021324	0.0122631	0.0119357	0.00574779	0.00427046	0.00330734	0.00264207	0.0025886	0.00181664	0.00153796	0.00132068	0.00114747	0.00100697	0.000891341	0.000794963	0.000713752	0.000644648	0.000585339	
13.2	2.69185	0.0474861	0.0218231	0.0125842	0.0122238	0.00591651	0.00440123	0.00341192	0.00272775	0.00267122	0.00187753	0.00159019	0.00136599	0.00118715	0.00104201	0.000922493	0.000822836	0.000738831	0.000667328	0.000605941	
13.3	2.80374	0.0483984	0.0223317	0.0129123	0.0125173	0.00609003	0.00453631	0.00352051	0.00281724	0.00275715	0.00194203	0.00164597	0.0014148	0.00123028	0.00108044	0.00095698	0.000853983	0.000767121	0.000693151	0.00062962	
13.4	2.9255	0.0493217	0.0228478	0.0132461	0.0128146	0.00626701	0.00467413	0.00363121	0.00290828	0.00284455	0.00200714	0.00170202	0.00146358	0.00127314	0.00111839	0.000990824	0.00088435	0.000794516	0.000717987	0.000652235	
13.5	3.05906	0.0502512	0.0233682	0.0135833	0.0131139	0.00644722	0.00481549	0.00374576	0.00300344	0.00293527	0.00207673	0.00176265	0.001517	0.00132064	0.00116097	0.00102926	0.000919248	0.000826372	0.000747204	0.000679145	
13.6	3.20736	0.0511809	0.0238887	0.0139205	0.0134123	0.00662594	0.00495478	0.00385775	0.00309569	0.0030234	0.00214296	0.00181984	0.00156696	0.0013647	0.00120013	0.00106432	0.000950828	0.000854975	0.000773235	0.000702939	
13.7	3.37543	0.0521024	0.0244028	0.0142544	0.0137059	0.00680643	0.00509755	0.0039744	0.00319337	0.00311571	0.00221543	0.00188347	0.00162344	0.00141529	0.00124581	0.00110583	0.000988787	0.00088986	0.000805443	0.000732797	
13.8	3.57275	0.0530022	0.0248976	0.0145683	0.0139838	0.00696659	0.00522091	0.00407269	0.00327378	0.0031922	0.00227259	0.00193276	0.00166646	0.00145323	0.00127957	0.0011361	0.00101611	0.000914664	0.000828082	0.000753556	
13.9	3.81862	0.053837	0.0253666	0.0148729	0.0142484	0.00712948	0.00534942	0.0041775	0.00336152	0.00327438	0.00233782	0.00199027	0.00171777	0.00149947	0.0013216	0.00117459	0.00105159	0.000947559	0.000858731	0.00078224	
14	4.15467	0.0543178	0.0255705	0.0149648	0.0143388	0.00713758	0.00534262	0.00416208	0.00334109	0.00325741	0.00231256	0.00196444	0.00169184	0.00147376	0.00129632	0.00114987	0.0010275	0.000924148	0.000836024	0.000760241	
14.1	4.5555	0.0553639	0.0261226	0.0153009	0.0146353	0.00729287	0.0054562	0.0042476	0.0034069	0.00331969	0.00235311	0.00199689	0.00171797	0.00149488	0.00131341	0.0011637	0.00103866	0.000933091	0.000843118	0.000765784	
14.2	4.83283	0.0566811	0.0268801	0.0158015	0.0150711	0.00756682	0.00567272	0.00442401	0.00355406	0.00345826	0.0024613	0.00209142	0.00180148	0.00156936	0.00138038	0.00122434	0.00109391	0.000983713	0.000889729	0.000808893	
14.3	5.0512	0.0579601	0.0275919	0.0162567	0.0154757	0.00780119	0.00585281	0.00456686	0.00367018	0.00356931	0.00254258	0.00216079	0.00186138	0.00162159	0.00142631	0.00126502	0.00113018	0.00101624	0.000919055	0.000835452	
14.4	5.23556	0.0591948	0.0282841	0.0167052	0.0158734	0.00804001	0.0060393	0.00471716	0.00379429	0.00368761	0.00263222	0.00223842	0.00192938	0.00168174	0.00147996	0.00131323	0.00117377	0.00105589	0.000955292	0.00086873	
14.5	5.39665	0.0603817	0.0289455	0.0171287	0.0162526	0.00825804	0.00620636	0.00484924	0.00390132	0.00379076	0.00270675	0.0023018	0.00198394	0.00172918	0.00152157	0.00135	0.00120649	0.00108517	0.000981637	0.000892548	
14.6	5.53989	0.0615183	0.0295763	0.0175317	0.0166147	0.00846704	0.00636762	0.00497786	0.00400655	0.00389186	0.00278163	0.00236621	0.00204001	0.00177849	0.00156532	0.00138911	0.0012417	0.00111705	0.00101066	0.000919102	
14.7	5.6685	0.0626028	0.0301755	0.0179125	0.0169584	0.00866129	0.00651582	0.00509459	0.00410079	0.00398311	0.00284686	0.00242151	0.00208747	0.00181964	0.00160131	0.00142085	0.00126987	0.00114221	0.00103326	0.000939497	
14.8	5.78467	0.0636345	0.0307431	0.0182716	0.0172839	0.00884399	0.00665542	0.00520493	0.00419036	0.00406966	0.00290979	0.00247533	0.00213409	0.00186047	0.0016374	0.00145301	0.00129873	0.00116827	0.00105693	0.000961107	
14.9	5.89003	0.0646128	0.0312792	0.0186093	0.0175912	0.00901412	0.00678456	0.00530624	0.00427187	0.00414884	0.00296595	0.00252283	0.00217478	0.00189568	0.00166816	0.00148009	0.00132274	0.0011897	0.00107615	0.000978441	
15	5.98586	0.0655379	0.0317842	0.0189262	0.0178804	0.00917286	0.00690494	0.00540073	0.00434809	0.0042228	0.00301896	0.00256796	0.00221373	0.00192968	0.00169812	0.00150672	0.00134659	0.0012112	0.00109566	0.000996223	
15.1	6.07319	0.06641	0.0322587	0.0192228	0.018152	0.00932035	0.00701632	0.00548775	0.0044179	0.00429077	0.00306687	0.00260843	0.00224835	0.00195962	0.00172426	0.00152972	0.00136697	0.00122938	0.00111196	0.00101093	
15.2	6.15286	0.0672296	0.0327033	0.0194996	0.0184063	0.00945726	0.00711952	0.00556834	0.00448258	0.00435374	0.00311152	0.00264632	0.00228095	0.001988	0.00174922	0.00155187	0.00138678	0.00124722	0.00112812	0.00102565	
15.3	6.22556	0.0679973	0.0331185	0.0197573	0.0186437	0.00958398	0.00721476	0.00564248	0.00454189	0.00441159	0.0031521	0.00268056	0.00231023	0.00201332	0.00177132	0.00157131	0.00140402	0.00126259	0.00114192	0.00103809	
15.4	6.29189	0.0687137	0.0335051	0.0199965	0.0188645	0.009701	0.00730255	0.00571075	0.0045965	0.00446486	0.00318959	0.00271229	0.00233748	0.002037	0.00179211	0.00158974	0.00142048	0.0012774	0.00115532	0.00105029	
15.5	6.35232	0.0693794	0.0338637	0.0202178	0.0190693	0.00980873	0.00738319	0.00577333	0.00464646	0.00451366	0.00322369	0.00274105	0.00236206	0.00205825	0.00181066	0.00160607	0.00143495	0.00129032	0.00116692	0.00106075	
15.6	6.40729	0.0699951	0.0341949	0.0204216	0.0192582	0.00990757	0.00745706	0.0058306	0.00469215	0.00455829	0.00325493	0.00276745	0.0023847	0.0020779	0.0018279	0.00162133	0.00144857	0.00130256	0.00117799	0.00107083	
15.7	6.45714	0.0705613	0.0344993	0.0206086	0.0194319	0.00999788	0.00752445	0.00588276	0.0047337	0.00459893	0.00328325	0.00279132	0.0024051	0.00209554	0.0018433	0.00163489	0.0014606	0.0013133	0.00118764	0.00107953	
15.8	6.50218	0.0710787	0.0347774	0.0207791	0.0195904	0.01008	0.00758563	0.00593008	0.00477138	0.00463578	0.00330894	0.00281301	0.00242368	0.00211165	0.00185742	0.00164738	0.00147174	0.00132331	0.00119669	0.00108776	
15.9	6.54269	0.0715477	0.0350297	0.0209337	0.0197343	0.0101542	0.00764086	0.00597274	0.00480533	0.00466899	0.00333204	0.00283247	0.00244031	0.00212603	0.00186998	0.00165845	0.00148156	0.00133208	0.00120457	0.00109488	
16	6.57887	0.0719688	0.0352567	0.0210727	0.0198637	0.0102208	0.00769035	0.00601096	0.00483572	0.00469874	0.00335273	0.00284992	0.00245525	0.00213898	0.00188132	0.00166847	0.0014905	0.0013401	0.00121182	0.00110147	
16.1	6.61094	0.0723425	0.0354588	0.0211964	0.0199789	0.0102799	0.00773431	0.00604487	0.00486267	0.00472513	0.00337105	0.00286536	0.00246844	0.00215039	0.00189129	0.00167726	0.0014983	0.00134707	0.00121808	0.00110713	
16.2	6.63905	0.0726692	0.0356364	0.0213052	0.0200802	0.0103319	0.00777291	0.00607464	0.00488633	0.00474829	0.00338714	0.00287892	0.00248005	0.00216044	0.00190009	0.00168504	0.00150523	0.00135329	0.0012237	0.00111224	
16.3	6.66335	0.0729491	0.0357898	0.0213994	0.0201677	0.0103769	0.0078063	0.00610038	0.00490677	0.00476831	0.00340103	0.00289062	0.00249005	0.0021691	0.00190765	0.0016917	0.00151115	0.00135859	0.00122846	0.00111654	
16.4	6.68395	0.0731826	0.0359192	0.0214791	0.0202417	0.010415	0.00783461	0.0061222	0.0049241	0.00478529	0.00341281	0.00290055	0.00249854	0.00217645	0.00191409	0.00169739	0.00151621	0.00136313	0.00123256	0.00112026	
16.5	6.70096	0.0733697	0.0360248	0.0215447	0.0203022	0.0104465	0.00785795	0.00614019	0.00493839	0.00479928	0.00342252	0.00290873	0.00250553	0.0021825	0.00191938	0.00170205	0.00152036	0.00136684	0.0012359	0.00112328	
16.6	6.71446	0.0735107	0.036107	0.0215961	0.0203494	0.0104713	0.0078764	0.00615443	0.00494971	0.00481036	0.0034302	0.00291521	0.00251107	0.0021873	0.00192358	0.00170576	0.00152366	0.0013698	0.00123857	0.0011257	
16.7	6.72452	0.0736057	0.0361657	0.0216336	0.0203833	0.0104896	0.00789004	0.00616497	0.00495808	0.00481857	0.0034359	0.00292001	0.00251518	0.00219085	0.00192669	0.0017085	0.0015261	0.00137198	0.00124054	0.00112749	
16.8	6.73118	0.0736545	0.036201	0.0216573	0.0204041	0.0105014	0.00789892	0.00617185	0.00496357	0.00482393	0.00343964	0.00292316	0.00251787	0.00219319	0.00192873	0.0017103	0.0015277	0.00137341	0.00124182	0.00112865	
16.9	6.73448	0.0736573	0.036213	0.0216671	0.0204116	0.0105068	0.00790307	0.0061751	0.00496617	0.00482648	0.00344142	0.00292467	0.00251917	0.00219431	0.00192971	0.00171118	0.00152848	0.00137412	0.00124247	0.00112924	
17	6.73444	0.0736137	0.0362016	0.0216631	0.020406	0.0105059	0.00790251	0.00617474	0.00496592	0.00482623	0.00344127	0.00292455	0.00251907	0.00219422	0.00192963	0.0017111	0.00152841	0.00137404	0.00124239	0.00112916	
17.1	6.73106	0.0735236	0.0361668	0.0216452	0.0203871	0.0104984	0.00789723	0.00617077	0.00496281	0.00482317	0.00343919	0.0029228	0.00251758	0.00219294	0.00192852	0.00171013	0.00152755	0.00137329	0.00124173	0.00112857	
17.2	6.72434	0.0733868	0.0361083	0.0216135	0.0203548	0.0104846	0.00788722	0.00616317	0.00495683	0.00481729	0.00343516	0.00291941	0.00251468	0.00219043	0.00192631	0.00170817	0.0015258	0.00137171	0.00124028	0.00112724	
17.3	6.71424	0.0732028	0.0360261	0.0215676	0.0203091	0.0104643	0.00787243	0.0061519	0.00494795	0.00480857	0.00342917	0.00291438	0.00251039	0.00218673	0.00192309	0.00170534	0.0015233	0.00136949	0.00123831	0.00112548	
17.4	6.70073	0.0729712	0.0359199	0.0215076	0.0202498	0.0104373	0.0078528	0.00613693	0.00493614	0.00479698	0.00342119	0.00290766	0.00250465	0.00218175	0.00191873	0.00170147	0.00151984	0.00136637	0.00123546	0.00112287	
17.5	6.68376	0.0726914	0.0357892	0.0214331	0.0201768	0.0104037	0.00782825	0.0061182	0.00492135	0.00478246	0.00341121	0.00289928	0.0024975	0.00217558	0.00191335	0.00169676	0.00151567	0.00136267	0.00123216	0.00111992	
17.6	6.66325	0.0723629	0.0356339	0.0213439	0.0200896	0.0103633	0.00779868	0.00609561	0.00490352	0.00476495	0.00339916	0.00288913	0.00248881	0.00216805	0.00190675	0.0016909	0.00151043	0.00135793	0.00122786	0.00111598	
17.7	6.63913	0.0719849	0.0354533	0.0212398	0.0199882	0.0103159	0.00776397	0.00606909	0.00488257	0.00474439	0.00338501	0.00287724	0.00247868	0.00215931	0.00189914	0.00168423	0.00150454	0.00135271	0.0012232	0.00111181	
17.8	6.61127	0.0715564	0.0352471	0.0211203	0.0198722	0.0102612	0.00772396	0.0060385	0.0048584	0.00472066	0.00336866	0.00286347	0.0024669	0.00214909	0.00189017	0.00167627	0.00149741	0.00134626	0.00121733	0.00110643	
17.9	6.57957	0.0710767	0.0350145	0.0209851	0.0197411	0.0101992	0.00767849	0.00600372	0.00483092	0.00469367	0.00335011	0.0028479	0.00245363	0.00213766	0.00188022	0.00166755	0.00148973	0.00133946	0.00121127	0.00110102	
18	6.54386	0.0705445	0.0347549	0.0208336	0.0195947	0.0101295	0.00762734	0.00596457	0.00479996	0.00466328	0.00332916	0.00283023	0.0024385	0.00212452	0.00186868	0.0016573	0.00148053	0.00133114	0.00120369	0.00109406	
18.1	6.50398	0.0699586	0.0344675	0.0206653	0.0194323	0.0100519	0.00757028	0.00592088	0.00476543	0.00462937	0.00330586	0.00281069	0.00242187	0.00211021	0.00185625	0.00164643	0.00147096	0.00132267	0.00119617	0.00108735	
18.2	6.45972	0.0693177	0.0341515	0.0204796	0.0192535	0.00996585	0.00750702	0.0058724	0.00472707	0.00459171	0.00327985	0.00278875	0.00240306	0.00209385	0.00184186	0.00163362	0.00145946	0.00131226	0.00118666	0.00107861	
18.3	6.41086	0.0686202	0.0338057	0.0202758	0.0190576	0.00987109	0.00743727	0.00581894	0.0046848	0.00455018	0.00325137	0.00276488	0.00238278	0.00207644	0.00182677	0.00162045	0.0014479	0.00130205	0.00117761	0.00107056	
18.4	6.35712	0.0678642	0.0334291	0.020053	0.0188439	0.00976711	0.00736063	0.00576012	0.00463819	0.00450443	0.00321969	0.00273812	0.0023598	0.00205642	0.00180912	0.00160472	0.00143374	0.0012892	0.00116587	0.00105976	
18.5	6.29819	0.0670477	0.0330203	0.0198103	0.0186116	0.00965338	0.00727673	0.00569572	0.00458727	0.00445437	0.00318543	0.00270946	0.0023355	0.00203561	0.00179114	0.00158907	0.00142004	0.00127715	0.00115522	0.0010503	
18.6	6.2337	0.0661684	0.0325779	0.0195467	0.0183597	0.00952927	0.00718497	0.00562514	0.00453123	0.00439939	0.0031472	0.0026771	0.00230765	0.00201129	0.00176964	0.00156987	0.00140273	0.00126141	0.0011408	0.00103702	
18.7	6.16323	0.0652237	0.0321001	0.0192609	0.0180873	0.0093941	0.00708497	0.00554829	0.00447045	0.00433959	0.00310644	0.00264308	0.0022789	0.00198675	0.00174852	0.00155156	0.00138675	0.0012474	0.00112847	0.00102611	
18.8	6.08626	0.0642103	0.031585	0.0189515	0.017793	0.00924693	0.00697575	0.00546398	0.00440331	0.00427376	0.00306033	0.00260393	0.00224509	0.00195715	0.00172228	0.00152806	0.00136552	0.00122807	0.00111074	0.00100976	
18.9	6.00222	0.0631248	0.0310302	0.0186169	0.0174755	0.00908698	0.00685706	0.00537267	0.00433112	0.00420265	0.00301214	0.00256386	0.00221137	0.00192848	0.00169771	0.00150686	0.00134711	0.00121199	0.00109664	0.000997348	
19	5.91038	0.0619626	0.0304329	0.018255	0.0171329	0.00891266	0.00672696	0.00527172	0.00425031	0.00412356	0.00295612	0.00251607	0.00216994	0.00189208	0.00166536	0.00147782	0.00132082	0.00118802	0.00107463	0.000977028	
19.1	5.80989	0.0607186	0.0297899	0.0178636	0.0167633	0.00872337	0.00658613	0.00516333	0.00416474	0.00403909	0.00289938	0.00246911	0.00213061	0.00185883	0.00163701	0.00145348	0.00129979	0.00116975	0.00105869	0.000963058	
19.2	5.6997	0.0593861	0.0290971	0.0174396	0.016364	0.00851566	0.0064298	0.005041	0.00406604	0.00394278	0.00283002	0.00240962	0.0020788	0.00181313	0.00159628	0.00141685	0.00126659	0.00113944	0.00103086	0.000937366	
19.3	5.57852	0.0579568	0.0283491	0.0169796	0.0159319	0.00829071	0.00626223	0.00491219	0.00396464	0.00384235	0.0027634	0.00235476	0.00203311	0.00177471	0.00156371	0.00138903	0.00124269	0.0011188	0.00101295	0.000921758	
19.4	5.44468	0.0564193	0.0275389	0.0164777	0.0154624	0.00803855	0.00606988	0.00475976	0.00384026	0.00372151	0.00267447	0.00227801	0.00196596	0.00171529	0.00151063	0.00134123	0.00119933	0.00107922	0.000976608	0.000888228	
19.5	5.29595	0.0547579	0.026657	0.0159297	0.0149501	0.00776914	0.00586958	0.00460631	0.00371997	0.00360181	0.00259613	0.00221379	0.00191271	0.00167073	0.00147304	0.0013093	0.00117205	0.0010558	0.000956416	0.000870756	
19.6	5.12905	0.0529492	0.0256873	0.0153171	0.014383	0.00744732	0.00561913	0.00440451	0.00355309	0.00344054	0.00247466	0.00210832	0.00182002	0.00158846	0.00139939	0.00124288	0.00111175	0.00100074	0.000905877	0.000824148	
19.7	4.93845	0.0509566	0.024611	0.014647	0.0137564	0.00712094	0.00537734	0.00421972	0.00340844	0.00329593	0.00238062	0.00203129	0.00175623	0.00153516	0.00135454	0.0012049	0.00107945	0.000973151	0.000882249	0.000803865	
19.8	4.71319	0.0487199	0.0233514	0.0138112	0.0130017	0.00665156	0.00500418	0.00391414	0.0031525	0.00304999	0.00219088	0.00186536	0.00160952	0.00140427	0.00123684	0.00109835	0.0009824	0.00088429	0.000800492	0.00072832	
19.9	4.42773	0.0461237	0.0219879	0.0129706	0.0122127	0.00623908	0.00469594	0.00367635	0.00296464	0.00286195	0.00206675	0.00176294	0.00152418	0.00133258	0.00117625	0.00104689	0.000938539	0.000846805	0.000768407	0.00070084	
20	4.01604	0.0419598	0.0194543	0.0112089	0.0106621	0.00518486	0.00383666	0.00295671	0.00234945	0.00227792	0.00159406	0.00134271	0.0011469	0.00099112	0.000865055	0.000761566	0.000675543	0.000603253	0.000541915	0.000489419	
