//Imprimir Matrizes Autovalores, Autovalores/Autovetores, Mat Theta, Mat GG (1-Sim, 0-Nao)
0 0 0 0
//Tipo de problema (1-Físico e 2-Adjunto)
2
//Método(1-DD e 2-SGF) Deslocamento (1-Sem desloc)e 2-Com desloc)
2 2
//Ordem da Quadratura GL
16
//NR e NZ
5 5
//Dados por Regiao
//Comprimento
2 3 4 5 6 
//Nodos por Regiao
1 1 1 1 1 
//Periodicidade
100
//Mapeamento
1 2 3 4 5 
//CP e-?
6
//Grau da Anisotropia do Espalhamento (L)
5
//Dados por Zona
///Zona 1
//Sigma Total g (g=1..5)
0.1 0.2 0.3 0.4 0.35 
//Sigma Espalhamento 0 g'g (g linha; g' coluna)
0.01 0 0 0 0 
0.005 0.02 0 0 0 
0.00333333 0.01 0.03 0 0 
0.0025 0.00666667 0.015 0.04 0 
0.002 0.005 0.01 0.02 0.05 
//Sigma Espalhamento 1 g'g (g linha; g' coluna)
0.0069 0 0 0 0 
0.003425 0.0136 0 0 0 
0.00226667 0.00675 0.0201 0 0 
0.0016875 0.00446667 0.009975 0.0264 0 
0.00134 0.003325 0.0066 0.0131 0.0325 
//Sigma Espalhamento 2 g'g (g linha; g' coluna)
0.004761 0 0 0 0 
0.00234612 0.009248 0 0 0 
0.00154133 0.00455625 0.013467 0 0 
0.00113906 0.00299267 0.00663337 0.017424 0 
0.0008978 0.00221112 0.004356 0.0085805 0.021125 
//Sigma Espalhamento 3 g'g (g linha; g' coluna)
0.00328509 0 0 0 0 
0.0016071 0.00628864 0 0 0 
0.00104811 0.00307547 0.00902289 0 0 
0.000768867 0.00200509 0.00441119 0.0114998 0 
0.000601526 0.0014704 0.00287496 0.00562023 0.0137312 
//Sigma Espalhamento 4 g'g (g linha; g' coluna)
0.00226671 0 0 0 0 
0.00110086 0.00427628 0 0 0 
0.000712713 0.00207594 0.00604534 0 0 
0.000518985 0.00134341 0.00293344 0.00758989 0 
0.000403022 0.000977815 0.00189747 0.00368125 0.00892531 
//Sigma Espalhamento 5 g'g (g linha; g' coluna)
0.00156403 0 0 0 0 
0.000754089 0.00290787 0 0 0 
0.000484645 0.00140126 0.00405038 0 0 
0.000350315 0.000900083 0.00195074 0.00500933 0 
0.000270025 0.000650247 0.00125233 0.00241122 0.00580145 
///Zona 2
//Sigma Total g (g=1..5)
0.126188 0.252375 0.378563 0.504751 0.441657 
//Sigma Espalhamento 0 g'g (g linha; g' coluna)
0.0104762 0 0 0 0 
0.0052381 0.0209524 0 0 0 
0.00349206 0.0104762 0.0314286 0 0 
0.00261905 0.00698413 0.0157143 0.0419048 0 
0.00209524 0.0052381 0.0104762 0.0209524 0.052381 
//Sigma Espalhamento 1 g'g (g linha; g' coluna)
0.00722857 0 0 0 0 
0.0035881 0.0142476 0 0 0 
0.0023746 0.00707143 0.0210571 0 0 
0.00176786 0.00467937 0.01045 0.0276571 0 
0.00140381 0.00348333 0.00691429 0.0137238 0.0340476 
//Sigma Espalhamento 2 g'g (g linha; g' coluna)
0.00498771 0 0 0 0 
0.00245785 0.00968838 0 0 0 
0.00161473 0.00477321 0.0141083 0 0 
0.0011933 0.00313517 0.00694925 0.0182537 0 
0.000940552 0.00231642 0.00456343 0.0089891 0.022131 
//Sigma Espalhamento 3 g'g (g linha; g' coluna)
0.00344152 0 0 0 0 
0.00168362 0.0065881 0 0 0 
0.00109802 0.00322192 0.00945255 0 0 
0.00080548 0.00210057 0.00462125 0.0120475 0 
0.00063017 0.00154042 0.00301186 0.00588786 0.0143851 
//Sigma Espalhamento 4 g'g (g linha; g' coluna)
0.00237465 0 0 0 0 
0.00115328 0.00447991 0 0 0 
0.000746651 0.0021748 0.00633321 0 0 
0.000543699 0.00140738 0.00307313 0.00795132 0 
0.000422214 0.00102438 0.00198783 0.00385655 0.00935033 
//Sigma Espalhamento 5 g'g (g linha; g' coluna)
0.00163851 0 0 0 0 
0.000789998 0.00304634 0 0 0 
0.000507723 0.00146799 0.00424325 0 0 
0.000366997 0.000942945 0.00204363 0.00524787 0 
0.000282883 0.000681211 0.00131197 0.00252604 0.00607771 
///Zona 3
//Sigma Total g (g=1..5)
0.157595 0.31519 0.472785 0.63038 0.551583 
//Sigma Espalhamento 0 g'g (g linha; g' coluna)
0.0109524 0 0 0 0 
0.00547619 0.0219048 0 0 0 
0.00365079 0.0109524 0.0328571 0 0 
0.0027381 0.00730159 0.0164286 0.0438095 0 
0.00219048 0.00547619 0.0109524 0.0219048 0.0547619 
//Sigma Espalhamento 1 g'g (g linha; g' coluna)
0.00755714 0 0 0 0 
0.00375119 0.0148952 0 0 0 
0.00248254 0.00739286 0.0220143 0 0 
0.00184821 0.00489206 0.010925 0.0289143 0 
0.00146762 0.00364167 0.00722857 0.0143476 0.0355952 
//Sigma Espalhamento 2 g'g (g linha; g' coluna)
0.00521443 0 0 0 0 
0.00256957 0.0101288 0 0 0 
0.00168813 0.00499018 0.0147496 0 0 
0.00124754 0.00327768 0.00726512 0.0190834 0 
0.000983305 0.00242171 0.00477086 0.00939769 0.0231369 
//Sigma Espalhamento 3 g'g (g linha; g' coluna)
0.00359796 0 0 0 0 
0.00176015 0.00688756 0 0 0 
0.00114793 0.00336837 0.00988221 0 0 
0.000842093 0.00219605 0.00483131 0.0125951 0 
0.000658814 0.00161044 0.00314877 0.00615549 0.015039 
//Sigma Espalhamento 4 g'g (g linha; g' coluna)
0.00248259 0 0 0 0 
0.0012057 0.00468354 0 0 0 
0.00078059 0.00227365 0.00662108 0 0 
0.000568413 0.00147135 0.00321282 0.00831274 0 
0.000441406 0.00107094 0.00207819 0.00403184 0.00977534 
//Sigma Espalhamento 5 g'g (g linha; g' coluna)
0.00171299 0 0 0 0 
0.000825907 0.00318481 0 0 0 
0.000530801 0.00153471 0.00443613 0 0 
0.000383678 0.000985806 0.00213653 0.00548641 0 
0.000295742 0.000712175 0.0013716 0.00264086 0.00635397 
///Zona 4
//Sigma Total g (g=1..5)
0.194966 0.389933 0.584899 0.779866 0.682382 
//Sigma Espalhamento 0 g'g (g linha; g' coluna)
0.0114286 0 0 0 0 
0.00571429 0.0228571 0 0 0 
0.00380952 0.0114286 0.0342857 0 0 
0.00285714 0.00761905 0.0171429 0.0457143 0 
0.00228571 0.00571429 0.0114286 0.0228571 0.0571429 
//Sigma Espalhamento 1 g'g (g linha; g' coluna)
0.00788571 0 0 0 0 
0.00391429 0.0155429 0 0 0 
0.00259048 0.00771429 0.0229714 0 0 
0.00192857 0.00510476 0.0114 0.0301714 0 
0.00153143 0.0038 0.00754286 0.0149714 0.0371429 
//Sigma Espalhamento 2 g'g (g linha; g' coluna)
0.00544114 0 0 0 0 
0.00268129 0.0105691 0 0 0 
0.00176152 0.00520714 0.0153909 0 0 
0.00130179 0.00342019 0.007581 0.0199131 0 
0.00102606 0.002527 0.00497829 0.00980629 0.0241429 
//Sigma Espalhamento 3 g'g (g linha; g' coluna)
0.00375439 0 0 0 0 
0.00183668 0.00718702 0 0 0 
0.00119784 0.00351482 0.0103119 0 0 
0.000878705 0.00229153 0.00504136 0.0131427 0 
0.000687458 0.00168045 0.00328567 0.00642312 0.0156929 
//Sigma Espalhamento 4 g'g (g linha; g' coluna)
0.00259053 0 0 0 0 
0.00125813 0.00488717 0 0 0 
0.000814529 0.0023725 0.00690896 0 0 
0.000593126 0.00153532 0.00335251 0.00867417 0 
0.000460597 0.0011175 0.00216854 0.00420714 0.0102004 
//Sigma Espalhamento 5 g'g (g linha; g' coluna)
0.00178746 0 0 0 0 
0.000861817 0.00332328 0 0 0 
0.000553879 0.00160144 0.004629 0 0 
0.00040036 0.00102867 0.00222942 0.00572495 0 
0.0003086 0.000743139 0.00143124 0.00275568 0.00663023 
///Zona 5
//Sigma Total g (g=1..5)
0.239113 0.478226 0.71734 0.956453 0.836896 
//Sigma Espalhamento 0 g'g (g linha; g' coluna)
0.0119048 0 0 0 0 
0.00595238 0.0238095 0 0 0 
0.00396825 0.0119048 0.0357143 0 0 
0.00297619 0.00793651 0.0178571 0.047619 0 
0.00238095 0.00595238 0.0119048 0.0238095 0.0595238 
//Sigma Espalhamento 1 g'g (g linha; g' coluna)
0.00821429 0 0 0 0 
0.00407738 0.0161905 0 0 0 
0.00269841 0.00803571 0.0239286 0 0 
0.00200893 0.00531746 0.011875 0.0314286 0 
0.00159524 0.00395833 0.00785714 0.0155952 0.0386905 
//Sigma Espalhamento 2 g'g (g linha; g' coluna)
0.00566786 0 0 0 0 
0.00279301 0.0110095 0 0 0 
0.00183492 0.00542411 0.0160321 0 0 
0.00135603 0.0035627 0.00789687 0.0207429 0 
0.00106881 0.00263229 0.00518571 0.0102149 0.0251488 
//Sigma Espalhamento 3 g'g (g linha; g' coluna)
0.00391082 0 0 0 0 
0.00191321 0.00748648 0 0 0 
0.00124775 0.00366127 0.0107415 0 0 
0.000915318 0.00238701 0.00525142 0.0136903 0 
0.000716102 0.00175047 0.00342257 0.00669075 0.0163467 
//Sigma Espalhamento 4 g'g (g linha; g' coluna)
0.00269847 0 0 0 0 
0.00131055 0.0050908 0 0 0 
0.000848467 0.00247136 0.00719683 0 0 
0.00061784 0.0015993 0.0034922 0.00903559 0 
0.000479789 0.00116407 0.0022589 0.00438244 0.0106254 
//Sigma Espalhamento 5 g'g (g linha; g' coluna)
0.00186194 0 0 0 0 
0.000897726 0.00346175 0 0 0 
0.000576958 0.00166817 0.00482188 0 0 
0.000417042 0.00107153 0.00232231 0.00596349 0 
0.000321458 0.000774103 0.00149087 0.0028705 0.00690649 
//Tipo de Condicoes de Contorno (Esq, Dir) (1-Prescrita, 2-Reflexiva)
1 1
//Valor da condicao de contorno prescrita (Esq, Dir) 
//g= 1
1 0
//g= 2
0 0
//g= 3
0 0
//g= 4
0 0
//g= 5
0 0
//Fonte Adjunta (Sigma de Absorcao do Detector)
//g= 1
0.0771667 0.102267 0.132587 0.168871 0.211931 
//g= 2
0.158333 0.208725 0.269555 0.342314 0.428623 
//g= 3
0.245 0.320944 0.412547 0.522042 0.651863 
//g= 4
0.34 0.441894 0.564666 0.711294 0.885024 
//g= 5
0.3 0.389276 0.496821 0.625239 0.777372 
