Numero de iteracoes: 12
Erro: 9.49336e-07
Tempo de Resolucao do Problema: 3527.36 segundos
/////////////////////////////////////////////
Posicao	Fluxo Escalar
	Grupo de Energia 1	Grupo de Energia 2	Grupo de Energia 3	Grupo de Energia 4	Grupo de Energia 5	Grupo de Energia 6	Grupo de Energia 7	Grupo de Energia 8	Grupo de Energia 9	Grupo de Energia 10	Grupo de Energia 11	Grupo de Energia 12	Grupo de Energia 13	Grupo de Energia 14	Grupo de Energia 15	Grupo de Energia 16	Grupo de Energia 17	Grupo de Energia 18	Grupo de Energia 19	Grupo de Energia 20
0	0.505574	0.00191166	0.0010144	0.000645821	0.000628355	0.000347308	0.000271541	0.000219729	0.000182422	0.000182103	0.000134123	0.000116759	0.000102886	9.15624e-05	8.21696e-05	7.42745e-05	6.75627e-05	6.18006e-05	5.681e-05	5.2454e-05	
0.0625	0.498417	0.00212231	0.00115753	0.000753969	0.000717143	0.000419823	0.000333452	0.000273654	0.000230115	0.000225926	0.000172825	0.000152013	0.000135233	0.000121422	0.000109878	0.000100104	9.17374e-05	8.45079e-05	7.82076e-05	7.26758e-05	
0.125	0.49167	0.00230829	0.00127856	0.000841953	0.000791007	0.000475001	0.000379195	0.000312432	0.000263558	0.000257161	0.000198764	0.000175158	0.000156061	0.000140299	0.000127093	0.000115889	0.000106281	9.79649e-05	9.07073e-05	8.43269e-05	
0.1875	0.485293	0.00247423	0.00138324	0.000916302	0.000854302	0.000520311	0.00041646	0.00034387	0.000290609	0.000282526	0.000219767	0.000193942	0.000173017	0.000155727	0.000141224	0.000128907	0.000118335	0.000109175	0.000101175	9.41346e-05	
0.25	0.479248	0.00262378	0.00147557	0.000981054	0.000909896	0.000559378	0.000448541	0.000370919	0.000313872	0.000304405	0.000237795	0.000210033	0.000187504	0.000168862	0.000153206	0.000139894	0.000128454	0.000118533	0.000109858	0.000102217	
0.3125	0.473502	0.00275979	0.00155837	0.00103875	0.000959696	0.000594062	0.000476987	0.000394859	0.000334411	0.000323798	0.000253612	0.000224093	0.000200111	0.000180247	0.00016355	0.000149343	0.000137126	0.000126526	0.000117254	0.000109085	
0.375	0.468026	0.00288451	0.00163361	0.00109102	0.00100499	0.000625393	0.000502616	0.000416358	0.000352788	0.000341225	0.000267653	0.000236525	0.000211215	0.000190238	0.000172596	0.000157578	0.000144661	0.00013345	0.000123641	0.000114998	
0.4375	0.462793	0.00299972	0.00170274	0.00113895	0.00104666	0.000653993	0.000525927	0.000435834	0.000369364	0.000357017	0.000280222	0.000247611	0.000221081	0.000199085	0.00018058	0.000164825	0.000151271	0.000139506	0.000129212	0.000120141	
0.5	0.457782	0.00310683	0.00176679	0.00118328	0.00108533	0.00068028	0.000547261	0.000453581	0.000384407	0.000371412	0.000291544	0.000257562	0.000229907	0.000206973	0.000187677	0.000171247	0.000157111	0.000144841	0.000134105	0.000124645	
0.5625	0.452972	0.00320697	0.00182652	0.00122452	0.00112144	0.000704556	0.000566874	0.000469826	0.00039812	0.00038459	0.000301793	0.000266537	0.000237841	0.000214041	0.000194017	0.000176966	0.000162297	0.000149565	0.000138425	0.00012861	
0.625	0.448344	0.00330104	0.00188251	0.00126306	0.00115532	0.000727053	0.000584968	0.000484748	0.000410666	0.000396699	0.000311106	0.000274664	0.000245002	0.0002204	0.000199702	0.000182078	0.000166919	0.000153762	0.000142252	0.000132113	
0.6875	0.443882	0.00338976	0.0019352	0.0012992	0.00118723	0.000747959	0.000601706	0.000498495	0.00042218	0.000407856	0.000319594	0.000282046	0.000251483	0.000226137	0.000204814	0.000186662	0.000171049	0.000157501	0.000145651	0.000135214	
0.75	0.439573	0.00347374	0.00198494	0.00133317	0.00121737	0.00076743	0.000617225	0.000511188	0.000432769	0.00041816	0.000327348	0.000288765	0.000257363	0.000231324	0.000209422	0.000190778	0.000174747	0.000160838	0.000148675	0.000137965	
0.8125	0.435404	0.00355344	0.00203201	0.00136516	0.00124588	0.000785596	0.00063164	0.00052293	0.000442527	0.000427693	0.000334443	0.000294892	0.000262705	0.00023602	0.000213579	0.00019448	0.000178061	0.000163819	0.000151368	0.000140406	
0.875	0.431363	0.00362929	0.00207664	0.00139534	0.00127291	0.000802571	0.00064505	0.000533808	0.000451532	0.000436527	0.000340945	0.000300484	0.000267564	0.000240277	0.000217333	0.000197812	0.000181033	0.000166483	0.000153765	0.000142572	
0.9375	0.42744	0.00370159	0.002119	0.00142384	0.00129856	0.000818451	0.000657539	0.000543897	0.000459849	0.00044472	0.000346908	0.000305593	0.000271986	0.000244135	0.000220724	0.00020081	0.000183698	0.000168863	0.0001559	0.000144494	
1	0.423626	0.00377065	0.00215928	0.00145078	0.00132293	0.000833322	0.000669182	0.000553262	0.000467538	0.000452326	0.000352378	0.000310262	0.000276011	0.000247634	0.000223787	0.000203508	0.000186086	0.000170988	0.000157798	0.000146195	
1.0625	0.419914	0.00383668	0.0021976	0.00147626	0.00134611	0.000847258	0.000680043	0.00056196	0.000474649	0.00045939	0.000357399	0.000314528	0.000279673	0.000250805	0.000226551	0.000205932	0.000188224	0.000172881	0.000159482	0.000147699	
1.125	0.416295	0.00389991	0.00223408	0.00150039	0.00136816	0.000860326	0.00069018	0.00057004	0.000481226	0.000465952	0.000362004	0.000318425	0.000283004	0.000253676	0.000229043	0.000208108	0.000190134	0.000174566	0.000160974	0.000149025	
1.1875	0.412763	0.00396049	0.00226884	0.00152324	0.00138915	0.000872583	0.000699642	0.000577548	0.000487308	0.000472048	0.000366228	0.000321981	0.00028603	0.000256271	0.000231286	0.000210057	0.000191837	0.00017606	0.00016229	0.000150188	
1.25	0.409314	0.00401859	0.00230197	0.0015449	0.00140915	0.000884083	0.000708474	0.000584522	0.000492931	0.00047771	0.000370098	0.000325223	0.000288775	0.000258615	0.000233299	0.000211798	0.00019335	0.00017738	0.000163446	0.000151204	
1.3125	0.40594	0.00407435	0.00233356	0.00156542	0.0014282	0.000894873	0.000716719	0.000590998	0.000498126	0.000482966	0.00037364	0.000328175	0.00029126	0.000260725	0.000235103	0.000213348	0.000194689	0.000178541	0.000164457	0.000152086	
1.375	0.402639	0.00412787	0.0023637	0.00158487	0.00144635	0.000904996	0.000724411	0.000597009	0.000502921	0.000487842	0.000376876	0.000330857	0.000293505	0.000262619	0.000236712	0.000214723	0.000195868	0.000179556	0.000165334	0.000152845	
1.4375	0.399405	0.00417928	0.00239244	0.00160331	0.00146366	0.000914489	0.000731585	0.000602583	0.000507343	0.000492361	0.000379828	0.000333287	0.000295527	0.000264314	0.000238141	0.000215934	0.000196899	0.000180437	0.000166088	0.000153493	
1.5	0.396234	0.00422867	0.00241986	0.0016208	0.00148015	0.00092339	0.00073827	0.000607745	0.000511414	0.000496545	0.000382514	0.000335484	0.000297341	0.000265823	0.000239405	0.000216996	0.000197795	0.000181195	0.00016673	0.000154036	
1.5625	0.393124	0.00427612	0.00244602	0.00163736	0.00149587	0.000931729	0.000744494	0.000612522	0.000515155	0.000500413	0.000384952	0.000337462	0.000298962	0.00026716	0.000240513	0.000217919	0.000198565	0.000181839	0.000167268	0.000154486	
1.625	0.390071	0.00432173	0.00247098	0.00165307	0.00151086	0.000939536	0.000750283	0.000616934	0.000518586	0.000503983	0.000387156	0.000339236	0.000300402	0.000268336	0.000241478	0.000218713	0.000199219	0.000182377	0.00016771	0.000154848	
1.6875	0.387072	0.00436556	0.00249479	0.00166794	0.00152514	0.000946839	0.000755659	0.000621001	0.000521725	0.00050727	0.000389141	0.000340818	0.000301673	0.000269363	0.00024231	0.000219387	0.000199764	0.000182817	0.000168063	0.000155129	
1.75	0.384124	0.00440768	0.00251749	0.00168202	0.00153874	0.000953663	0.000760644	0.000624743	0.000524589	0.000510291	0.000390921	0.00034222	0.000302786	0.000270249	0.000243016	0.000219949	0.00020021	0.000183167	0.000168335	0.000155336	
1.8125	0.381226	0.00444817	0.00253914	0.00169535	0.0015517	0.000960031	0.000765258	0.000628175	0.000527191	0.000513059	0.000392507	0.000343454	0.00030375	0.000271004	0.000243606	0.000220407	0.000200561	0.000183432	0.00016853	0.000155474	
1.875	0.378374	0.00448708	0.00255978	0.00170796	0.00156404	0.000965964	0.000769519	0.000631316	0.000529547	0.000515587	0.000393909	0.000344528	0.000304575	0.000271636	0.000244086	0.000220767	0.000200826	0.00018362	0.000168655	0.000155548	
1.9375	0.375568	0.00452446	0.00257944	0.00171988	0.00157578	0.000971483	0.000773444	0.000634177	0.000531668	0.000517886	0.000395139	0.000345452	0.000305269	0.000272153	0.000244464	0.000221036	0.000201009	0.000183734	0.000168714	0.000155562	
2	0.372804	0.00456037	0.00259817	0.00173113	0.00158694	0.000976606	0.000777049	0.000636775	0.000533567	0.000519968	0.000396206	0.000346235	0.000305839	0.00027256	0.000244746	0.00022122	0.000201116	0.00018378	0.000168712	0.000155521	
2.0625	0.370082	0.00459486	0.00261599	0.00174174	0.00159755	0.000981349	0.000780348	0.00063912	0.000535256	0.000521842	0.000397118	0.000346884	0.000306293	0.000272866	0.000244938	0.000221324	0.000201151	0.000183762	0.000168652	0.000155429	
2.125	0.367401	0.00462798	0.00263295	0.00175174	0.00160762	0.000985731	0.000783355	0.000641225	0.000536743	0.000523519	0.000397883	0.000347406	0.000306636	0.000273074	0.000245045	0.000221353	0.00020112	0.000183684	0.000168539	0.000155289	
2.1875	0.364757	0.00465977	0.00264906	0.00176116	0.00161718	0.000989764	0.000786083	0.000643101	0.000538038	0.000525007	0.000398509	0.000347808	0.000306875	0.000273192	0.000245071	0.00022131	0.000201025	0.00018355	0.000168375	0.000155103	
2.25	0.362151	0.00469027	0.00266437	0.00177	0.00162624	0.000993464	0.000788543	0.000644757	0.000539151	0.000526313	0.000399002	0.000348097	0.000307015	0.000273223	0.000245022	0.000221201	0.000200871	0.000183363	0.000168164	0.000154875	
2.3125	0.35958	0.00471952	0.00267889	0.00177829	0.00163482	0.000996843	0.000790746	0.000646204	0.00054009	0.000527447	0.000399369	0.000348276	0.000307061	0.000273173	0.000244901	0.000221028	0.000200661	0.000183127	0.000167909	0.000154607	
2.375	0.357044	0.00474755	0.00269266	0.00178606	0.00164293	0.000999914	0.000792703	0.000647449	0.000540861	0.000528414	0.000399615	0.000348353	0.000307018	0.000273044	0.000244711	0.000220796	0.000200398	0.000182843	0.000167612	0.000154302	
2.4375	0.354542	0.00477441	0.00270569	0.00179331	0.00165059	0.00100269	0.000794423	0.000648501	0.000541472	0.000529221	0.000399746	0.00034833	0.00030689	0.000272842	0.000244457	0.000220506	0.000200085	0.000182515	0.000167275	0.000153961	
2.5	0.352072	0.00480012	0.00271801	0.00180007	0.0016578	0.00100517	0.000795915	0.000649367	0.000541929	0.000529874	0.000399766	0.000348214	0.00030668	0.000272568	0.000244141	0.000220162	0.000199723	0.000182144	0.0001669	0.000153587	
2.5625	0.349634	0.00482472	0.00272964	0.00180634	0.00166459	0.00100738	0.000797187	0.000650055	0.000542239	0.000530379	0.000399681	0.000348007	0.000306392	0.000272227	0.000243766	0.000219766	0.000199316	0.000181732	0.000166489	0.00015318	
2.625	0.347226	0.00484823	0.00274059	0.00181215	0.00167096	0.00100932	0.000798246	0.00065057	0.000542406	0.000530741	0.000399494	0.000347713	0.00030603	0.000271822	0.000243334	0.000219321	0.000198866	0.000181282	0.000166044	0.000152742	
2.6875	0.344849	0.00487068	0.00275089	0.00181751	0.00167692	0.00101101	0.000799099	0.000650918	0.000542436	0.000530964	0.000399208	0.000347335	0.000305595	0.000271353	0.000242848	0.000218827	0.000198372	0.000180794	0.000165565	0.000152275	
2.75	0.3425	0.00489209	0.00276056	0.00182243	0.00168249	0.00101244	0.000799752	0.000651105	0.000542332	0.000531052	0.000398827	0.000346876	0.000305091	0.000270825	0.000242309	0.000218288	0.000197838	0.00018027	0.000165054	0.000151778	
2.8125	0.340179	0.00491249	0.0027696	0.00182692	0.00168767	0.00101362	0.000800212	0.000651134	0.000542099	0.000531009	0.000398354	0.000346338	0.000304519	0.000270238	0.000241719	0.000217703	0.000197265	0.000179711	0.000164512	0.000151254	
2.875	0.337886	0.00493189	0.00277804	0.00183099	0.00169247	0.00101456	0.000800482	0.000651011	0.000541741	0.000530838	0.000397791	0.000345724	0.000303881	0.000269593	0.000241079	0.000217075	0.000196653	0.000179118	0.000163939	0.000150702	
2.9375	0.33562	0.00495033	0.00278588	0.00183465	0.00169689	0.00101527	0.000800568	0.000650738	0.000541259	0.000530542	0.000397141	0.000345035	0.000303179	0.000268893	0.00024039	0.000216403	0.000196002	0.000178491	0.000163335	0.000150123	
3	0.33338	0.0049678	0.00279314	0.0018379	0.00170095	0.00101575	0.000800472	0.000650319	0.000540657	0.000530123	0.000396404	0.000344273	0.000302413	0.000268137	0.000239653	0.000215689	0.000195314	0.000177829	0.000162702	0.000149517	
3.0625	0.331165	0.00498433	0.00279982	0.00184076	0.00170465	0.00101601	0.000800199	0.000649756	0.000539936	0.000529583	0.000395581	0.000343437	0.000301584	0.000267327	0.000238867	0.000214932	0.000194588	0.000177134	0.000162038	0.000148883	
3.125	0.328975	0.00499992	0.00280594	0.00184323	0.00170799	0.00101604	0.000799749	0.00064905	0.000539097	0.000528922	0.000394674	0.000342529	0.000300693	0.000266461	0.000238034	0.000214133	0.000193823	0.000176405	0.000161343	0.000148221	
3.1875	0.32681	0.00501458	0.00281149	0.00184532	0.00171097	0.00101585	0.000799123	0.000648202	0.000538141	0.000528141	0.000393682	0.000341548	0.000299738	0.000265541	0.000237151	0.000213289	0.00019302	0.00017564	0.000160616	0.00014753	
3.25	0.324668	0.00502832	0.00281649	0.00184703	0.0017136	0.00101544	0.000798323	0.000647212	0.000537067	0.00052724	0.000392603	0.000340493	0.000298719	0.000264563	0.000236218	0.000212401	0.000192176	0.000174839	0.000159855	0.000146809	
3.3125	0.322549	0.00504113	0.00282094	0.00184835	0.00171588	0.00101481	0.000797347	0.000646078	0.000535874	0.000526216	0.000391438	0.000339363	0.000297633	0.000263527	0.000235233	0.000211467	0.00019129	0.000174	0.00015906	0.000146056	
3.375	0.320453	0.00505299	0.00282482	0.00184929	0.0017178	0.00101395	0.000796191	0.000644798	0.000534558	0.000525067	0.000390182	0.000338154	0.000296479	0.00026243	0.000234193	0.000210483	0.000190359	0.00017312	0.000158227	0.000145267	
3.4375	0.318379	0.0050639	0.00282814	0.00184984	0.00171936	0.00101287	0.000794853	0.000643367	0.000533116	0.000523789	0.000388831	0.000336862	0.000295252	0.000261268	0.000233095	0.000209446	0.00018938	0.000172195	0.000157353	0.000144441	
3.5	0.316326	0.00507383	0.00283087	0.00184999	0.00172054	0.00101155	0.000793325	0.000641779	0.000531542	0.000522376	0.000387379	0.000335482	0.000293946	0.000260036	0.000231933	0.00020835	0.000188347	0.000171221	0.000156434	0.000143571	
3.5625	0.314295	0.00508274	0.00283299	0.00184972	0.00172133	0.00100999	0.000791598	0.000640025	0.000529825	0.000520819	0.000385819	0.000334006	0.000292554	0.000258726	0.000230701	0.00020719	0.000187255	0.000170191	0.000155462	0.000142653	
3.625	0.312283	0.00509057	0.00283445	0.00184901	0.00172169	0.00100816	0.000789657	0.000638091	0.000527955	0.000519106	0.000384138	0.000332422	0.000291066	0.000257328	0.000229388	0.000205956	0.000186094	0.000169097	0.00015443	0.000141679	
3.6875	0.310292	0.00509726	0.0028352	0.00184781	0.00172159	0.00100604	0.000787481	0.000635959	0.000525913	0.00051722	0.000382321	0.000330716	0.000289466	0.000255828	0.00022798	0.000204634	0.00018485	0.000167926	0.000153325	0.000140635	
3.75	0.308321	0.0051027	0.00283515	0.00184605	0.00172096	0.00100359	0.000785033	0.000633598	0.000523673	0.000515135	0.000380343	0.000328863	0.000287732	0.000254204	0.000226457	0.000203204	0.000183506	0.000166659	0.00015213	0.000139505	
3.8125	0.306368	0.00510677	0.00283417	0.00184361	0.00171969	0.00100073	0.000782247	0.000630954	0.000521188	0.000512805	0.000378167	0.000326831	0.000285831	0.000252425	0.000224789	0.000201637	0.000182031	0.000165269	0.000150817	0.000138264	
3.875	0.304434	0.0051093	0.00283205	0.00184029	0.00171763	0.000997284	0.000778988	0.000627911	0.000518362	0.000510133	0.000375723	0.000324557	0.000283709	0.000250438	0.000222925	0.000199883	0.000180376	0.000163704	0.000149333	0.000136854	
3.9375	0.302518	0.00511006	0.00282852	0.00183579	0.00171453	0.000992941	0.000774947	0.000624186	0.000514938	0.000506869	0.000372808	0.000321866	0.000281217	0.000248124	0.000220768	0.000197868	0.000178488	0.000161931	0.000147663	0.000135277	
4	0.300619	0.00510878	0.00282316	0.00182958	0.00171002	0.000987008	0.000769384	0.000618997	0.000510099	0.000502284	0.000368552	0.000317879	0.000277469	0.000244589	0.000217425	0.000194698	0.000175475	0.000159059	0.000144921	0.000132653	
4.0625	0.297037	0.00508538	0.00279926	0.00180767	0.00169291	0.000969183	0.00075331	0.000604414	0.000496792	0.000489781	0.000357224	0.000307399	0.000267727	0.000235496	0.000208908	0.000186694	0.000167931	0.00015193	0.000138168	0.000126241	
4.125	0.293526	0.00506647	0.00278009	0.00179043	0.0016795	0.000955807	0.000741482	0.00059389	0.00048737	0.000480864	0.000349505	0.00030038	0.000261312	0.000229609	0.000203483	0.000181678	0.000163278	0.000147601	0.00013413	0.000122465	
4.1875	0.290084	0.00505026	0.00276339	0.00177535	0.0016679	0.00094403	0.000731022	0.000584546	0.000478973	0.00047293	0.000342578	0.000294061	0.00025552	0.000224276	0.000198555	0.00017711	0.000159029	0.000143638	0.000130424	0.000118991	
4.25	0.286708	0.00503564	0.00274807	0.00176142	0.00165728	0.000933182	0.000721424	0.000576023	0.000471368	0.000465715	0.000336416	0.000288493	0.000250466	0.000219672	0.000194345	0.000173248	0.000155476	0.00014036	0.000127391	0.000116179	
4.3125	0.283394	0.00502192	0.00273355	0.00174822	0.00164724	0.000923003	0.000712471	0.000568119	0.000464355	0.00045904	0.000330786	0.000283423	0.000245878	0.0002155	0.000190538	0.000169758	0.000152267	0.000137399	0.000124651	0.000113636	
4.375	0.280141	0.00500866	0.00271951	0.00173552	0.00163758	0.000913344	0.000704024	0.0005607	0.000457805	0.000452788	0.000325575	0.000278752	0.000241669	0.000211692	0.000187078	0.000166604	0.000149382	0.000134752	0.000122215	0.000111389	
4.4375	0.276946	0.00499559	0.00270579	0.0017232	0.00162818	0.000904103	0.000695986	0.000553675	0.00045163	0.000446878	0.000320703	0.000274401	0.000237763	0.000208169	0.000183887	0.000163703	0.000146734	0.000132327	0.000119988	0.000109338	
4.5	0.273807	0.00498253	0.00269227	0.00171118	0.00161897	0.000895207	0.000688286	0.000546977	0.000445767	0.000441254	0.000316112	0.000270316	0.000234108	0.000204884	0.000180921	0.000161014	0.000144288	0.000130095	0.000117944	0.00010746	
4.5625	0.270723	0.00496936	0.00267888	0.0016994	0.0016099	0.000886599	0.000680873	0.000540556	0.000440169	0.000435871	0.000311761	0.000266456	0.000230666	0.000201798	0.000178143	0.000158502	0.000142008	0.000128018	0.000116046	0.00010572	
4.625	0.267691	0.00495601	0.00266558	0.0016878	0.00160093	0.000878237	0.000673704	0.000534373	0.0004348	0.000430696	0.000307615	0.00026279	0.000227406	0.000198883	0.000175525	0.000156141	0.00013987	0.000126074	0.000114273	0.000104098	
4.6875	0.264711	0.00494242	0.00265231	0.00167636	0.00159204	0.000870086	0.00066675	0.000528399	0.000429631	0.000425704	0.000303648	0.000259293	0.000224303	0.000196116	0.000173045	0.000153909	0.000137852	0.000124243	0.000112606	0.000102575	
4.75	0.26178	0.00492857	0.00263907	0.00166504	0.0015832	0.000862122	0.000659984	0.000522609	0.000424638	0.000420874	0.000299839	0.000255943	0.000221339	0.000193478	0.000170686	0.000151789	0.000135939	0.00012251	0.00011103	0.000101136	
4.8125	0.258897	0.00491444	0.00262582	0.00165383	0.00157439	0.000854321	0.000653385	0.000516983	0.000419803	0.000416187	0.00029617	0.000252724	0.000218497	0.000190954	0.000168432	0.000149767	0.000134117	0.000120862	0.000109532	9.97713e-05	
4.875	0.256061	0.00490001	0.00261256	0.00164271	0.00156561	0.000846667	0.000646937	0.000511506	0.00041511	0.00041163	0.000292626	0.000249623	0.000215763	0.000188531	0.000166272	0.000147832	0.000132376	0.000119288	0.000108104	9.84705e-05	
4.9375	0.25327	0.00488528	0.00259926	0.00163166	0.00155685	0.000839145	0.000640626	0.000506162	0.000410545	0.00040719	0.000289196	0.000246627	0.000213128	0.000186198	0.000164196	0.000145974	0.000130706	0.00011778	0.000106737	9.72259e-05	
5	0.250523	0.00487023	0.00258593	0.00162068	0.00154808	0.000831743	0.000634438	0.000500941	0.000406097	0.000402858	0.000285868	0.000243726	0.00021058	0.000183947	0.000162194	0.000144186	0.000129099	0.00011633	0.000105423	9.6031e-05	
5.0625	0.24782	0.00485488	0.00257255	0.00160975	0.00153932	0.00082445	0.000628365	0.000495832	0.000401756	0.000398624	0.000282634	0.000240911	0.000208113	0.000181769	0.00016026	0.000142459	0.000127549	0.000114933	0.000104158	9.48803e-05	
5.125	0.245158	0.00483922	0.00255913	0.00159886	0.00153056	0.000817259	0.000622398	0.000490826	0.000397514	0.000394481	0.000279486	0.000238176	0.000205718	0.000179658	0.000158388	0.000140788	0.000126051	0.000113583	0.000102936	9.37692e-05	
5.1875	0.242537	0.00482326	0.00254565	0.00158802	0.00152178	0.000810162	0.000616528	0.000485917	0.000393364	0.000390422	0.000276417	0.000235514	0.00020339	0.000177607	0.000156571	0.000139168	0.000124599	0.000112275	0.000101752	9.26936e-05	
5.25	0.239956	0.004807	0.00253212	0.00157722	0.001513	0.000803152	0.00061075	0.000481097	0.000389298	0.000386442	0.000273421	0.000232918	0.000201123	0.000175613	0.000154804	0.000137595	0.00012319	0.000111006	0.000100604	9.16502e-05	
5.3125	0.237414	0.00479044	0.00251853	0.00156645	0.0015042	0.000796224	0.000605058	0.000476361	0.000385312	0.000382535	0.000270492	0.000230385	0.000198913	0.00017367	0.000153085	0.000136064	0.000121819	0.000109772	9.94879e-05	9.0636e-05	
5.375	0.23491	0.0047736	0.00250489	0.00155572	0.00149539	0.000789374	0.000599447	0.000471704	0.000381401	0.000378697	0.000267627	0.000227909	0.000196755	0.000171775	0.000151409	0.000134572	0.000120484	0.00010857	9.8401e-05	8.96484e-05	
5.4375	0.232443	0.00475648	0.00249119	0.00154502	0.00148656	0.000782597	0.000593912	0.000467122	0.000377559	0.000374923	0.000264821	0.000225488	0.000194646	0.000169924	0.000149773	0.000133117	0.000119181	0.000107398	9.7341e-05	8.86853e-05	
5.5	0.230012	0.00473908	0.00247744	0.00153434	0.00147772	0.00077589	0.000588449	0.000462609	0.000373783	0.000371212	0.00026207	0.000223116	0.000192582	0.000168114	0.000148174	0.000131695	0.000117909	0.000106253	9.63057e-05	8.77446e-05	
5.5625	0.227616	0.00472141	0.00246364	0.00152369	0.00146887	0.000769249	0.000583055	0.000458163	0.00037007	0.000367558	0.000259371	0.000220792	0.000190562	0.000166343	0.000146609	0.000130304	0.000116664	0.000105134	9.52935e-05	8.68248e-05	
5.625	0.225255	0.00470349	0.0024498	0.00151307	0.00146	0.000762672	0.000577727	0.000453781	0.000366416	0.000363959	0.000256721	0.000218512	0.000188581	0.000164607	0.000145077	0.000128942	0.000115446	0.000104038	9.43025e-05	8.59242e-05	
5.6875	0.222927	0.00468531	0.0024359	0.00150247	0.00145112	0.000756156	0.000572462	0.000449459	0.000362818	0.000360413	0.000254118	0.000216273	0.000186637	0.000162905	0.000143575	0.000127607	0.000114252	0.000102964	9.33313e-05	8.50416e-05	
5.75	0.220633	0.00466689	0.00242196	0.0014919	0.00144222	0.000749699	0.000567257	0.000445195	0.000359273	0.000356917	0.000251559	0.000214075	0.000184729	0.000161235	0.000142101	0.000126298	0.000113081	0.000101911	9.23787e-05	8.41758e-05	
5.8125	0.21837	0.00464824	0.00240798	0.00148136	0.00143331	0.000743298	0.00056211	0.000440986	0.00035578	0.000353469	0.000249041	0.000211913	0.000182854	0.000159594	0.000140655	0.000125012	0.000111932	0.000100877	9.14435e-05	8.33257e-05	
5.875	0.216139	0.00462936	0.00239395	0.00147084	0.00142439	0.000736953	0.000557019	0.000436829	0.000352335	0.000350066	0.000246562	0.000209787	0.000181011	0.000157982	0.000139233	0.000123749	0.000110803	9.9861e-05	9.05247e-05	8.24903e-05	
5.9375	0.213939	0.00461025	0.00237989	0.00146035	0.00141546	0.00073066	0.000551981	0.000432724	0.000348936	0.000346707	0.000244121	0.000207694	0.000179198	0.000156396	0.000137835	0.000122507	0.000109692	9.88623e-05	8.96212e-05	8.16689e-05	
6	0.21177	0.00459093	0.0023658	0.00144988	0.00140651	0.000724419	0.000546995	0.000428667	0.000345583	0.00034339	0.000241716	0.000205634	0.000177413	0.000154836	0.000136459	0.000121286	0.0001086	9.78797e-05	8.87323e-05	8.08606e-05	
6.0625	0.20963	0.00457141	0.00235167	0.00143944	0.00139756	0.000718228	0.000542059	0.000424657	0.000342272	0.000340114	0.000239345	0.000203603	0.000175655	0.000153299	0.000135105	0.000120083	0.000107525	9.69123e-05	8.78571e-05	8.00647e-05	
6.125	0.207518	0.00455169	0.00233751	0.00142903	0.0013886	0.000712085	0.000537171	0.000420693	0.000339002	0.000336876	0.000237007	0.000201602	0.000173923	0.000151786	0.000133771	0.000118899	0.000106466	9.59594e-05	8.69949e-05	7.92806e-05	
6.1875	0.205436	0.00453177	0.00232332	0.00141864	0.00137963	0.000705989	0.00053233	0.000416772	0.000335772	0.000333675	0.0002347	0.000199628	0.000172215	0.000150294	0.000132456	0.000117731	0.000105422	9.50202e-05	8.6145e-05	7.85076e-05	
6.25	0.20338	0.00451167	0.0023091	0.00140828	0.00137066	0.000699939	0.000527534	0.000412892	0.000332579	0.00033051	0.000232423	0.000197681	0.000170531	0.000148822	0.00013116	0.00011658	0.000104393	9.4094e-05	8.53069e-05	7.77452e-05	
6.3125	0.201353	0.00449139	0.00229486	0.00139794	0.00136168	0.000693934	0.000522781	0.000409053	0.000329423	0.000327379	0.000230174	0.000195758	0.000168868	0.00014737	0.000129881	0.000115444	0.000103377	9.31802e-05	8.44799e-05	7.69928e-05	
6.375	0.199352	0.00447093	0.0022806	0.00138764	0.00135269	0.000687971	0.000518071	0.000405253	0.000326302	0.000324281	0.000227952	0.00019386	0.000167227	0.000145937	0.000128618	0.000114323	0.000102374	9.2278e-05	8.36634e-05	7.62499e-05	
6.4375	0.197377	0.00445031	0.00226631	0.00137735	0.0013437	0.00068205	0.000513401	0.00040149	0.000323213	0.000321215	0.000225756	0.000191984	0.000165605	0.000144521	0.000127371	0.000113216	0.000101384	9.1387e-05	8.28569e-05	7.55162e-05	
6.5	0.195427	0.00442952	0.00225201	0.0013671	0.0013347	0.00067617	0.00050877	0.000397763	0.000320157	0.000318179	0.000223585	0.00019013	0.000164003	0.000143122	0.000126138	0.000112122	0.000100406	9.05064e-05	8.20598e-05	7.47909e-05	
6.5625	0.193503	0.00440858	0.00223769	0.00135687	0.0013257	0.000670329	0.000504177	0.00039407	0.000317132	0.000315171	0.000221437	0.000188296	0.000162419	0.000141739	0.00012492	0.00011104	9.94385e-05	8.96358e-05	8.12717e-05	7.40738e-05	
6.625	0.191604	0.00438748	0.00222335	0.00134666	0.00131669	0.000664525	0.00049962	0.000390411	0.000314135	0.000312192	0.000219311	0.000186482	0.000160851	0.000140371	0.000123715	0.00010997	9.84815e-05	8.87744e-05	8.0492e-05	7.33642e-05	
6.6875	0.189729	0.00436624	0.00220899	0.00133648	0.00130768	0.000658757	0.000495098	0.000386782	0.000311166	0.000309238	0.000217207	0.000184686	0.0001593	0.000139017	0.000122522	0.000108911	9.75343e-05	8.79219e-05	7.97201e-05	7.26618e-05	
6.75	0.187877	0.00434485	0.00219462	0.00132632	0.00129867	0.000653024	0.000490608	0.000383183	0.000308224	0.000306309	0.000215122	0.000182908	0.000157764	0.000137676	0.000121341	0.000107862	9.65962e-05	8.70774e-05	7.89556e-05	7.1966e-05	
6.8125	0.186049	0.00432331	0.00218024	0.00131619	0.00128965	0.000647324	0.00048615	0.000379612	0.000305306	0.000303403	0.000213056	0.000181145	0.000156241	0.000136347	0.00012017	0.000106822	9.56664e-05	8.62404e-05	7.81978e-05	7.12762e-05	
6.875	0.184244	0.00430164	0.00216583	0.00130608	0.00128062	0.000641655	0.000481722	0.000376068	0.000302411	0.000300519	0.000211007	0.000179397	0.000154732	0.000135029	0.00011901	0.000105791	9.47443e-05	8.54103e-05	7.74461e-05	7.0592e-05	
6.9375	0.182461	0.00427983	0.00215141	0.00129599	0.00127159	0.000636015	0.00047732	0.000372548	0.000299538	0.000297654	0.000208973	0.000177663	0.000153234	0.000133722	0.000117858	0.000104768	9.3829e-05	8.45862e-05	7.66998e-05	6.99127e-05	
7	0.1807	0.00425788	0.00213698	0.00128591	0.00126254	0.000630401	0.000472945	0.000369051	0.000296684	0.000294808	0.000206954	0.000175941	0.000151746	0.000132423	0.000116714	0.000103752	9.29197e-05	8.37674e-05	7.59583e-05	6.92376e-05	
7.0625	0.178961	0.0042358	0.00212252	0.00127586	0.00125349	0.000624812	0.000468592	0.000365574	0.000293847	0.000291978	0.000204947	0.00017423	0.000150268	0.000131132	0.000115576	0.000102741	9.20154e-05	8.29529e-05	7.52206e-05	6.8566e-05	
7.125	0.177243	0.00421357	0.00210804	0.00126581	0.00124442	0.000619244	0.000464259	0.000362115	0.000291026	0.000289162	0.000202951	0.000172527	0.000148797	0.000129848	0.000114444	0.000101735	9.11149e-05	8.21419e-05	7.44858e-05	6.78969e-05	
7.1875	0.175546	0.00419121	0.00209353	0.00125577	0.00123534	0.000613694	0.000459944	0.000358672	0.000288218	0.000286357	0.000200964	0.000170832	0.000147332	0.000128568	0.000113316	0.000100732	9.02172e-05	8.13331e-05	7.3753e-05	6.72295e-05	
7.25	0.173869	0.00416871	0.002079	0.00124574	0.00122624	0.000608158	0.000455642	0.00035524	0.00028542	0.000283561	0.000198982	0.000169141	0.00014587	0.000127291	0.00011219	9.97311e-05	8.93206e-05	8.05251e-05	7.30207e-05	6.65624e-05	
7.3125	0.172213	0.00414606	0.00206443	0.00123571	0.00121712	0.000602632	0.000451351	0.000351817	0.000282629	0.000280771	0.000197005	0.000167453	0.000144411	0.000126015	0.000111064	9.87297e-05	8.84235e-05	7.97164e-05	7.22875e-05	6.58943e-05	
7.375	0.170576	0.00412326	0.00204982	0.00122567	0.00120796	0.000597111	0.000447064	0.000348397	0.00027984	0.000277982	0.000195027	0.000165764	0.000142949	0.000124737	0.000109936	9.77258e-05	8.75238e-05	7.89049e-05	7.15514e-05	6.52233e-05	
7.4375	0.168958	0.00410029	0.00203516	0.00121562	0.00119877	0.000591587	0.000442776	0.000344977	0.000277049	0.000275189	0.000193046	0.000164071	0.000141484	0.000123454	0.000108802	9.67168e-05	8.66189e-05	7.80883e-05	7.08104e-05	6.45475e-05	
7.5	0.16736	0.00407714	0.00202044	0.00120554	0.00118954	0.000586052	0.000438481	0.000341549	0.000274251	0.000272388	0.000191055	0.000162369	0.000140009	0.000122163	0.00010766	9.5699e-05	8.57055e-05	7.72633e-05	7.00611e-05	6.38635e-05	
7.5625	0.16578	0.00405377	0.00200564	0.00119543	0.00118025	0.000580497	0.000434167	0.000338105	0.000271437	0.00026957	0.00018905	0.000160652	0.00013852	0.000120857	0.000106505	9.46683e-05	8.47796e-05	7.64264e-05	6.93006e-05	6.31689e-05	
7.625	0.164218	0.00403017	0.00199075	0.00118526	0.00117088	0.000574906	0.000429824	0.000334633	0.000268597	0.000266726	0.000187021	0.000158913	0.000137009	0.00011953	0.000105329	9.3618e-05	8.38346e-05	7.55709e-05	6.85216e-05	6.24562e-05	
7.6875	0.162674	0.00400626	0.00197572	0.00117502	0.00116142	0.000569263	0.000425434	0.00033112	0.000265719	0.000263842	0.000184957	0.00015714	0.000135467	0.000118174	0.000104126	9.25418e-05	8.28655e-05	7.46929e-05	6.77221e-05	6.17246e-05	
7.75	0.161147	0.00398196	0.00196051	0.00116466	0.00115184	0.000563541	0.000420975	0.000327543	0.000262782	0.0002609	0.00018284	0.000155318	0.000133877	0.000116772	0.000102878	9.14213e-05	8.18524e-05	7.37711e-05	6.68786e-05	6.09489e-05	
7.8125	0.159637	0.00395714	0.00194502	0.00115412	0.00114205	0.000557701	0.000416412	0.000323871	0.000259757	0.00025787	0.000180647	0.000153427	0.000132225	0.000115314	0.000101579	9.02566e-05	8.08008e-05	7.28161e-05	6.60069e-05	6.01496e-05	
7.875	0.158143	0.00393159	0.00192908	0.00114328	0.00113195	0.000551674	0.000411689	0.000320053	0.000256593	0.000254707	0.000178317	0.000151398	0.000130435	0.000113717	0.000100142	8.89521e-05	7.96088e-05	7.17205e-05	6.49945e-05	5.92097e-05	
7.9375	0.156666	0.00390497	0.00191233	0.00113183	0.00112125	0.000545254	0.000406659	0.000315995	0.00025324	0.000251344	0.00017587	0.00014928	0.000128577	0.000112071	9.86693e-05	8.76248e-05	7.84045e-05	7.06212e-05	6.39857e-05	5.82796e-05	
8	0.155204	0.00387673	0.00189409	0.00111896	0.00110934	0.000537519	0.000400391	0.000310764	0.000248773	0.00024693	0.000172396	0.000146181	0.000125781	0.000109523	9.6329e-05	8.5461e-05	7.63921e-05	6.874e-05	6.22194e-05	5.66146e-05	
8.0625	0.152779	0.00381611	0.00185462	0.0010907	0.00108361	0.00052003	0.000386054	0.000298684	0.000238379	0.000236867	0.000164247	0.000138893	0.000119194	0.00010352	9.08204e-05	8.03758e-05	7.16739e-05	6.43428e-05	5.81052e-05	5.27516e-05	
8.125	0.150405	0.00376066	0.00181984	0.0010667	0.00106146	0.000506196	0.000375069	0.000289709	0.000230882	0.000229508	0.000158691	0.000134053	0.00011493	9.97298e-05	8.74258e-05	7.73157e-05	6.88998e-05	6.18157e-05	5.57931e-05	5.06281e-05	
8.1875	0.14808	0.00370827	0.00178738	0.00104447	0.00104089	0.000493485	0.000364994	0.000281486	0.000224016	0.000222761	0.0001536	0.000129617	0.000111019	9.62496e-05	8.4305e-05	7.44983e-05	6.63416e-05	5.9481e-05	5.36527e-05	4.8658e-05	
8.25	0.145801	0.00365795	0.00175646	0.00102348	0.00102139	0.000481759	0.000355821	0.000274103	0.00021794	0.000216746	0.000149228	0.000125864	0.000107761	9.33948e-05	8.17837e-05	7.22566e-05	6.43367e-05	5.76786e-05	5.20249e-05	4.71818e-05	
8.3125	0.143567	0.00360921	0.00172677	0.00100351	0.00100276	0.000470802	0.000347312	0.000267293	0.000212363	0.00021121	0.000145235	0.000122441	0.00010479	9.07896e-05	7.94799e-05	7.02042e-05	6.24965e-05	5.60192e-05	5.05209e-05	4.58123e-05	
8.375	0.141376	0.00356176	0.00169812	0.000984422	0.000984869	0.000460487	0.000339355	0.00026097	0.000207219	0.000206086	0.000141606	0.000119355	0.000102133	8.84798e-05	7.74555e-05	6.84172e-05	6.09094e-05	5.46019e-05	4.9249e-05	4.46659e-05	
8.4375	0.139226	0.00351544	0.00167041	0.000966099	0.000967626	0.000450719	0.000331866	0.000255051	0.000202426	0.000201302	0.000138249	0.000116507	9.9686e-05	8.63553e-05	7.55938e-05	6.6773e-05	5.94471e-05	5.32932e-05	4.80713e-05	4.36007e-05	
8.5	0.137117	0.00347014	0.00164353	0.000948458	0.000950963	0.00044143	0.000324782	0.000249478	0.000197935	0.000196809	0.00013513	0.000113873	9.74315e-05	8.4406e-05	7.38934e-05	6.52783e-05	5.81243e-05	5.21156e-05	4.70174e-05	4.26529e-05	
8.5625	0.135047	0.00342576	0.00161742	0.000931435	0.000934826	0.000432565	0.000318053	0.000244208	0.000193703	0.00019257	0.000132209	0.000111411	9.53291e-05	8.25905e-05	7.23109e-05	6.38874e-05	5.68928e-05	5.1018e-05	4.60333e-05	4.17658e-05	
8.625	0.133015	0.00338224	0.001592	0.000914974	0.000919172	0.00042408	0.00031164	0.000239203	0.000189699	0.000188552	0.00012946	0.0001091	9.33595e-05	8.08934e-05	7.08346e-05	6.25926e-05	5.57489e-05	5.00009e-05	4.51236e-05	4.09479e-05	
8.6875	0.131021	0.00333952	0.00156724	0.000899031	0.000903962	0.000415938	0.00030551	0.000234436	0.000185894	0.000184732	0.000126859	0.000106917	9.15021e-05	7.92944e-05	6.94445e-05	6.13735e-05	5.46715e-05	4.90422e-05	4.42652e-05	4.0175e-05	
8.75	0.129062	0.00329756	0.00154308	0.000883568	0.000889167	0.000408109	0.000299637	0.000229881	0.000182268	0.000181089	0.00012439	0.000104847	8.97427e-05	7.77813e-05	6.81301e-05	6.02217e-05	5.36544e-05	4.81378e-05	4.3456e-05	3.94469e-05	
8.8125	0.127139	0.00325631	0.0015195	0.000868553	0.00087476	0.000400567	0.000293996	0.000225517	0.000178802	0.000177604	0.000122036	0.000102877	8.80688e-05	7.63423e-05	6.68803e-05	5.91264e-05	5.26868e-05	4.72769e-05	4.26851e-05	3.87525e-05	
8.875	0.125251	0.00321574	0.00149645	0.000853956	0.000860716	0.00039329	0.000288567	0.000221328	0.00017548	0.000174263	0.000119786	0.000100994	8.64703e-05	7.49686e-05	6.56874e-05	5.8081e-05	5.17633e-05	4.64552e-05	4.19492e-05	3.80896e-05	
8.9375	0.123397	0.00317582	0.00147391	0.000839753	0.000847017	0.000386257	0.000283335	0.000217297	0.000172289	0.000171053	0.000117628	9.91897e-05	8.49389e-05	7.36526e-05	6.45444e-05	5.7079e-05	5.08777e-05	4.56667e-05	4.12425e-05	3.74524e-05	
9	0.121575	0.00313652	0.00145186	0.000825922	0.000833642	0.000379451	0.000278283	0.000213413	0.000169217	0.000167964	0.000115554	9.74559e-05	8.34674e-05	7.2388e-05	6.34458e-05	5.61157e-05	5.00259e-05	4.49079e-05	4.05622e-05	3.68388e-05	
9.0625	0.119785	0.00309781	0.00143027	0.000812442	0.000820577	0.000372857	0.000273399	0.000209663	0.000166254	0.000164984	0.000113555	9.57858e-05	8.20498e-05	7.11695e-05	6.23869e-05	5.51867e-05	4.92041e-05	4.41754e-05	3.99049e-05	3.62455e-05	
9.125	0.118027	0.00305968	0.00140913	0.000799295	0.000807807	0.000366462	0.000268671	0.000206037	0.000163392	0.000162107	0.000111627	9.41735e-05	8.06812e-05	6.99927e-05	6.13638e-05	5.42887e-05	4.84092e-05	4.34666e-05	3.92686e-05	3.56708e-05	
9.1875	0.1163	0.00302211	0.0013884	0.000786466	0.000795318	0.000360253	0.000264087	0.000202526	0.000160623	0.000159323	0.000109761	9.26142e-05	7.93571e-05	6.88537e-05	6.03732e-05	5.34188e-05	4.76388e-05	4.27791e-05	3.86509e-05	3.51126e-05	
9.25	0.114603	0.00298507	0.00136809	0.000773939	0.000783098	0.000354218	0.00025964	0.000199122	0.00015794	0.000156627	0.000107954	9.11034e-05	7.80739e-05	6.77494e-05	5.94123e-05	5.25744e-05	4.68905e-05	4.21111e-05	3.80505e-05	3.45697e-05	
9.3125	0.112935	0.00294855	0.00134817	0.000761701	0.000771136	0.000348349	0.00025532	0.000195819	0.000155337	0.000154013	0.000106201	8.96374e-05	7.68282e-05	6.66769e-05	5.84785e-05	5.17535e-05	4.61627e-05	4.14609e-05	3.74658e-05	3.40407e-05	
9.375	0.111295	0.00291254	0.00132862	0.000749739	0.000759421	0.000342636	0.00025112	0.00019261	0.000152808	0.000151474	0.000104498	8.82129e-05	7.56172e-05	6.56338e-05	5.75699e-05	5.09543e-05	4.54537e-05	4.08272e-05	3.68956e-05	3.35246e-05	
9.4375	0.109684	0.00287702	0.00130944	0.000738042	0.000747945	0.000337071	0.000247033	0.000189488	0.00015035	0.000149007	0.000102842	8.68269e-05	7.44385e-05	6.4618e-05	5.66846e-05	5.01753e-05	4.47623e-05	4.02089e-05	3.6339e-05	3.30206e-05	
9.5	0.1081	0.00284198	0.00129061	0.000726599	0.000736698	0.000331646	0.000243052	0.00018645	0.000147957	0.000146607	0.00010123	8.5477e-05	7.32899e-05	6.36277e-05	5.58211e-05	4.9415e-05	4.40871e-05	3.96049e-05	3.57951e-05	3.25279e-05	
9.5625	0.106543	0.00280741	0.00127212	0.000715399	0.000725672	0.000326355	0.000239173	0.00018349	0.000145626	0.00014427	9.96581e-05	8.41608e-05	7.21696e-05	6.26613e-05	5.4978e-05	4.86723e-05	4.34273e-05	3.90144e-05	3.52631e-05	3.20458e-05	
9.625	0.105012	0.00277329	0.00125396	0.000704434	0.00071486	0.00032119	0.00023539	0.000180604	0.000143354	0.000141993	9.81251e-05	8.28763e-05	7.10757e-05	6.17173e-05	5.41541e-05	4.79461e-05	4.2782e-05	3.84366e-05	3.47424e-05	3.15738e-05	
9.6875	0.103507	0.00273962	0.00123611	0.000693695	0.000704253	0.000316147	0.000231697	0.000177788	0.000141136	0.000139772	9.66285e-05	8.16218e-05	7.00068e-05	6.07944e-05	5.33483e-05	4.72357e-05	4.21504e-05	3.78708e-05	3.42324e-05	3.11113e-05	
9.75	0.102028	0.00270638	0.00121858	0.000683174	0.000693847	0.000311219	0.000228092	0.000175039	0.00013897	0.000137604	9.51663e-05	8.03956e-05	6.89616e-05	5.98916e-05	5.25596e-05	4.65401e-05	4.15317e-05	3.73166e-05	3.37325e-05	3.06579e-05	
9.8125	0.100572	0.00267357	0.00120135	0.000672863	0.000683633	0.000306402	0.000224569	0.000172353	0.000136854	0.000135487	9.37367e-05	7.91962e-05	6.79388e-05	5.90077e-05	5.17873e-05	4.58587e-05	4.09255e-05	3.67732e-05	3.32424e-05	3.02133e-05	
9.875	0.0991415	0.00264118	0.00118441	0.000662755	0.000673606	0.000301691	0.000221125	0.000169727	0.000134786	0.000133418	9.23381e-05	7.80223e-05	6.69374e-05	5.8142e-05	5.10305e-05	4.51908e-05	4.03311e-05	3.62404e-05	3.27617e-05	2.97771e-05	
9.9375	0.0977341	0.0026092	0.00116775	0.000652843	0.00066376	0.000297081	0.000217756	0.000167158	0.000132762	0.000131396	9.0969e-05	7.68727e-05	6.59564e-05	5.72936e-05	5.02886e-05	4.45358e-05	3.9748e-05	3.57175e-05	3.22899e-05	2.93489e-05	
10	0.0963499	0.00257762	0.00115138	0.00064312	0.00065409	0.000292568	0.00021446	0.000164645	0.000130781	0.000129417	8.9628e-05	7.57464e-05	6.49948e-05	5.64618e-05	4.9561e-05	4.38932e-05	3.91758e-05	3.52044e-05	3.18267e-05	2.89285e-05	
10.0625	0.0949883	0.00254643	0.00113526	0.000633581	0.00064459	0.000288149	0.000211233	0.000162184	0.000128841	0.000127479	8.83141e-05	7.46423e-05	6.40518e-05	5.56458e-05	4.8847e-05	4.32625e-05	3.86141e-05	3.47005e-05	3.13719e-05	2.85156e-05	
10.125	0.093649	0.00251563	0.00111942	0.00062422	0.000635256	0.00028382	0.000208072	0.000159774	0.00012694	0.000125582	8.70259e-05	7.35594e-05	6.31267e-05	5.4845e-05	4.81461e-05	4.26433e-05	3.80626e-05	3.42057e-05	3.09251e-05	2.81099e-05	
10.1875	0.0923314	0.0024852	0.00110382	0.000615031	0.000626082	0.000279577	0.000204974	0.000157412	0.000125077	0.000123723	8.57624e-05	7.2497e-05	6.22188e-05	5.40589e-05	4.74579e-05	4.20352e-05	3.75207e-05	3.37195e-05	3.04861e-05	2.77113e-05	
10.25	0.0910352	0.00245515	0.00108848	0.000606008	0.000617065	0.000275418	0.000201938	0.000155096	0.00012325	0.000121901	8.45227e-05	7.14542e-05	6.13274e-05	5.32869e-05	4.6782e-05	4.14377e-05	3.69883e-05	3.32417e-05	3.00546e-05	2.73194e-05	
10.3125	0.0897599	0.00242546	0.00107337	0.000597148	0.0006082	0.000271339	0.000198961	0.000152825	0.000121457	0.000120114	8.33058e-05	7.04303e-05	6.04519e-05	5.25285e-05	4.61178e-05	4.08505e-05	3.64651e-05	3.2772e-05	2.96304e-05	2.69342e-05	
10.375	0.0885051	0.00239613	0.00105851	0.000588444	0.000599482	0.000267337	0.00019604	0.000150597	0.000119698	0.000118361	8.21109e-05	6.94246e-05	5.95918e-05	5.17832e-05	4.5465e-05	4.02734e-05	3.59506e-05	3.23103e-05	2.92133e-05	2.65554e-05	
10.4375	0.0872704	0.00236715	0.00104387	0.000579892	0.000590908	0.000263409	0.000193174	0.000148409	0.000117971	0.000116641	8.09372e-05	6.84365e-05	5.87464e-05	5.10507e-05	4.48232e-05	3.97058e-05	3.54448e-05	3.18561e-05	2.88031e-05	2.61828e-05	
10.5	0.0860553	0.00233852	0.00102946	0.000571487	0.000582473	0.000259554	0.00019036	0.000146262	0.000116275	0.000114951	7.97838e-05	6.74652e-05	5.79154e-05	5.03303e-05	4.4192e-05	3.91477e-05	3.49472e-05	3.14094e-05	2.83996e-05	2.58162e-05	
10.5625	0.0848596	0.00231022	0.00101526	0.000563226	0.000574173	0.000255767	0.000187597	0.000144152	0.000114608	0.000113292	7.865e-05	6.65103e-05	5.70982e-05	4.96219e-05	4.35712e-05	3.85986e-05	3.44576e-05	3.09699e-05	2.80025e-05	2.54556e-05	
10.625	0.0836829	0.00228226	0.00100128	0.000555104	0.000566006	0.000252048	0.000184883	0.00014208	0.00011297	0.000111661	7.75352e-05	6.5571e-05	5.62942e-05	4.89248e-05	4.29603e-05	3.80583e-05	3.39759e-05	3.05374e-05	2.76118e-05	2.51006e-05	
10.6875	0.0825247	0.00225463	0.00098751	0.000547117	0.000557966	0.000248393	0.000182215	0.000140042	0.000111359	0.000110059	7.64385e-05	6.46469e-05	5.55031e-05	4.82389e-05	4.23591e-05	3.75264e-05	3.35017e-05	3.01116e-05	2.72271e-05	2.47512e-05	
10.75	0.0813847	0.00222731	0.00097394	0.00053926	0.000550051	0.0002448	0.000179592	0.000138039	0.000109775	0.000108483	7.53594e-05	6.37375e-05	5.47244e-05	4.75636e-05	4.17671e-05	3.70028e-05	3.30347e-05	2.96923e-05	2.68483e-05	2.44071e-05	
10.8125	0.0802626	0.00220031	0.000960568	0.00053153	0.000542257	0.000241267	0.000177013	0.000136068	0.000108216	0.000106932	7.42971e-05	6.2842e-05	5.39576e-05	4.68985e-05	4.11842e-05	3.6487e-05	3.25749e-05	2.92794e-05	2.64753e-05	2.40682e-05	
10.875	0.079158	0.00217362	0.000947389	0.000523922	0.000534581	0.000237792	0.000174476	0.000134129	0.000106682	0.000105406	7.3251e-05	6.196e-05	5.32023e-05	4.62433e-05	4.06098e-05	3.59789e-05	3.21217e-05	2.88725e-05	2.61077e-05	2.37343e-05	
10.9375	0.0780706	0.00214723	0.000934396	0.000516434	0.000527017	0.000234372	0.000171978	0.000132219	0.000105171	0.000103903	7.22203e-05	6.1091e-05	5.24579e-05	4.55976e-05	4.00437e-05	3.54781e-05	3.16752e-05	2.84716e-05	2.57455e-05	2.34053e-05	
11	0.0770001	0.00212114	0.000921586	0.00050906	0.000519564	0.000231005	0.000169519	0.000130339	0.000103682	0.000102423	7.12044e-05	6.02342e-05	5.1724e-05	4.4961e-05	3.94855e-05	3.49842e-05	3.12348e-05	2.80761e-05	2.53883e-05	2.30808e-05	
11.0625	0.0759461	0.00209534	0.000908952	0.000501797	0.000512218	0.000227689	0.000167097	0.000128485	0.000102215	0.000100963	7.02025e-05	5.93891e-05	5.1e-05	4.43328e-05	3.89348e-05	3.4497e-05	3.08003e-05	2.76861e-05	2.50359e-05	2.27608e-05	
11.125	0.0749083	0.00206982	0.00089649	0.000494641	0.000504974	0.000224422	0.000164709	0.000126658	0.000100767	9.95238e-05	6.92138e-05	5.8555e-05	5.02853e-05	4.37128e-05	3.83911e-05	3.4016e-05	3.03714e-05	2.73009e-05	2.4688e-05	2.24448e-05	
11.1875	0.0738865	0.00204457	0.000884193	0.000487587	0.000497828	0.000221201	0.000162354	0.000124855	9.93387e-05	9.8103e-05	6.82375e-05	5.77312e-05	4.95794e-05	4.31002e-05	3.7854e-05	3.35408e-05	2.99477e-05	2.69205e-05	2.43444e-05	2.21328e-05	
11.25	0.0728803	0.00201959	0.000872055	0.000480632	0.000490777	0.000218023	0.00016003	0.000123075	9.79276e-05	9.66996e-05	6.72725e-05	5.69168e-05	4.88814e-05	4.24945e-05	3.73228e-05	3.30707e-05	2.95285e-05	2.65442e-05	2.40044e-05	2.1824e-05	
11.3125	0.0718895	0.00199487	0.000860071	0.00047377	0.000483817	0.000214886	0.000157734	0.000121316	9.65324e-05	9.53119e-05	6.63178e-05	5.61109e-05	4.81905e-05	4.18949e-05	3.6797e-05	3.26055e-05	2.91138e-05	2.61719e-05	2.36682e-05	2.15187e-05	
11.375	0.0709137	0.0019704	0.000848233	0.000466996	0.000476941	0.000211787	0.000155465	0.000119576	9.51516e-05	9.39383e-05	6.5372e-05	5.53123e-05	4.75057e-05	4.13005e-05	3.62756e-05	3.2144e-05	2.87021e-05	2.58021e-05	2.33341e-05	2.12152e-05	
11.4375	0.0699526	0.00194617	0.000836534	0.000460305	0.000470146	0.000208722	0.000153219	0.000117852	9.37831e-05	9.25767e-05	6.44338e-05	5.45197e-05	4.6826e-05	4.07103e-05	3.5758e-05	3.1686e-05	2.82938e-05	2.54357e-05	2.30033e-05	2.0915e-05	
11.5	0.069006	0.00192217	0.000824965	0.000453689	0.000463424	0.000205686	0.000150993	0.000116142	9.24245e-05	9.12246e-05	6.3501e-05	5.37313e-05	4.61494e-05	4.01225e-05	3.52419e-05	3.12289e-05	2.78857e-05	2.5069e-05	2.26717e-05	2.06135e-05	
11.5625	0.0680736	0.00189839	0.000813516	0.000447142	0.000456768	0.000202676	0.000148782	0.000114443	9.10727e-05	8.98789e-05	6.25716e-05	5.29454e-05	4.54749e-05	3.95366e-05	3.47278e-05	3.0774e-05	2.74802e-05	2.4705e-05	2.23433e-05	2.03156e-05	
11.625	0.0671551	0.0018748	0.000802175	0.000440654	0.00045017	0.000199684	0.000146582	0.000112749	8.97237e-05	8.85357e-05	6.16414e-05	5.21576e-05	4.47975e-05	3.89469e-05	3.42092e-05	3.03138e-05	2.70686e-05	2.43345e-05	2.20076e-05	2.00099e-05	
11.6875	0.0662502	0.00185139	0.000790926	0.000434212	0.000443618	0.000196702	0.000144386	0.000111056	8.83728e-05	8.719e-05	6.07087e-05	5.13678e-05	4.4119e-05	3.83571e-05	3.36914e-05	2.98555e-05	2.66601e-05	2.3968e-05	2.1677e-05	1.97102e-05	
11.75	0.0653585	0.00182812	0.000779748	0.0004278	0.000437096	0.000193718	0.000142182	0.000109351	8.70093e-05	8.58322e-05	5.97597e-05	5.05605e-05	4.34215e-05	3.77472e-05	3.31526e-05	2.93753e-05	2.62288e-05	2.35781e-05	2.13224e-05	1.9386e-05	
11.8125	0.0644798	0.00180494	0.00076861	0.000421395	0.000430584	0.000190715	0.000139958	0.000107628	8.56305e-05	8.44569e-05	5.88031e-05	4.97492e-05	4.27237e-05	3.71399e-05	3.26191e-05	2.89027e-05	2.58072e-05	2.31996e-05	2.09808e-05	1.90761e-05	
11.875	0.0636137	0.00178172	0.000757449	0.000414957	0.000424041	0.000187656	0.000137672	0.000105839	8.41809e-05	8.30166e-05	5.77704e-05	4.88611e-05	4.19487e-05	3.64557e-05	3.20091e-05	2.83543e-05	2.53106e-05	2.27471e-05	2.05661e-05	1.86943e-05	
11.9375	0.0627596	0.00175826	0.000746095	0.000408384	0.000417354	0.000184536	0.00013535	0.000104031	8.27278e-05	8.15644e-05	5.67521e-05	4.79932e-05	4.11982e-05	3.57993e-05	3.14293e-05	2.7838e-05	2.48476e-05	2.23293e-05	2.0187e-05	1.83486e-05	
12	0.0619172	0.00173405	0.000733985	0.000401087	0.000410046	0.00018076	0.000132422	0.000101661	8.0748e-05	7.96126e-05	5.52614e-05	4.6679e-05	4.00242e-05	3.47394e-05	3.0464e-05	2.69523e-05	2.40297e-05	2.15698e-05	1.94784e-05	1.76845e-05	
12.0625	0.0606261	0.00169051	0.000711074	0.000386615	0.000396026	0.000172734	0.000126041	9.63916e-05	7.62787e-05	7.53044e-05	5.18312e-05	4.36334e-05	3.72896e-05	3.2262e-05	2.82031e-05	2.4876e-05	2.21128e-05	1.97916e-05	1.78221e-05	1.61361e-05	
12.125	0.0593674	0.00165038	0.000690863	0.000374403	0.000383968	0.000166509	0.000121276	9.25981e-05	7.31717e-05	7.22649e-05	4.96e-05	4.17143e-05	3.56192e-05	3.07942e-05	2.69033e-05	2.37173e-05	2.10739e-05	1.88556e-05	1.69752e-05	1.53668e-05	
12.1875	0.0581392	0.00161218	0.000671868	0.000363021	0.000372691	0.000160762	0.000116892	8.91152e-05	7.03245e-05	6.94735e-05	4.75596e-05	3.99602e-05	3.40925e-05	2.9452e-05	2.57135e-05	2.2655e-05	2.01194e-05	1.79933e-05	1.61923e-05	1.46529e-05	
12.25	0.0569402	0.00157546	0.000653853	0.000352389	0.000362075	0.00015558	0.000113011	8.60916e-05	6.78997e-05	6.70747e-05	4.58867e-05	3.85489e-05	3.28869e-05	2.84117e-05	2.48081e-05	2.18613e-05	1.94193e-05	1.73723e-05	1.56387e-05	1.41573e-05	
12.3125	0.0557691	0.00154002	0.000636681	0.00034237	0.000352017	0.000150775	0.000109433	8.33118e-05	6.56741e-05	6.48714e-05	4.435e-05	3.72502e-05	3.17742e-05	2.74478e-05	2.39654e-05	2.11185e-05	1.87599e-05	1.67831e-05	1.51093e-05	1.36791e-05	
12.375	0.0546251	0.00150573	0.000620256	0.000332881	0.000342446	0.000146307	0.000106135	8.07756e-05	6.36647e-05	6.28724e-05	4.29926e-05	3.6116e-05	3.08138e-05	2.66257e-05	2.32551e-05	2.04999e-05	1.82174e-05	1.63043e-05	1.46844e-05	1.33e-05	
12.4375	0.0535074	0.00147251	0.000604503	0.000323859	0.000333309	0.000142117	0.00010306	7.84199e-05	6.18029e-05	6.10191e-05	4.17357e-05	3.50641e-05	2.99205e-05	2.58578e-05	2.25882e-05	1.99155e-05	1.77011e-05	1.58449e-05	1.4273e-05	1.29294e-05	
12.5	0.0524152	0.00144028	0.000589365	0.000315256	0.000324565	0.000138171	0.000100179	7.62253e-05	6.00776e-05	5.9298e-05	4.05835e-05	3.41054e-05	2.91113e-05	2.51668e-05	2.19921e-05	1.93967e-05	1.72462e-05	1.54433e-05	1.39161e-05	1.26105e-05	
12.5625	0.0513478	0.00140899	0.000574792	0.000307033	0.00031618	0.00013444	9.74664e-05	7.41646e-05	5.84611e-05	5.7685e-05	3.95052e-05	3.32072e-05	2.83515e-05	2.45157e-05	2.1428e-05	1.89033e-05	1.68107e-05	1.50561e-05	1.35693e-05	1.22981e-05	
12.625	0.0503044	0.00137857	0.000560744	0.000299157	0.000308126	0.000130898	9.4901e-05	7.22218e-05	5.6941e-05	5.61672e-05	3.84959e-05	3.23686e-05	2.76439e-05	2.39112e-05	2.09059e-05	1.84481e-05	1.64106e-05	1.47018e-05	1.32536e-05	1.20151e-05	
12.6875	0.0492845	0.001349	0.000547187	0.0002916	0.000300379	0.000127527	9.24659e-05	7.03815e-05	5.5503e-05	5.47316e-05	3.75416e-05	3.1575e-05	2.69732e-05	2.33366e-05	2.04081e-05	1.80124e-05	1.60259e-05	1.43594e-05	1.29467e-05	1.17381e-05	
12.75	0.0482875	0.00132021	0.000534091	0.000284339	0.000292918	0.000124311	9.01474e-05	6.86323e-05	5.41378e-05	5.33689e-05	3.6637e-05	3.0823e-05	2.6338e-05	2.27931e-05	1.99376e-05	1.76013e-05	1.56635e-05	1.40375e-05	1.26589e-05	1.14793e-05	
12.8125	0.0473127	0.00129219	0.000521429	0.000277353	0.000285726	0.000121234	8.79337e-05	6.6964e-05	5.28365e-05	5.20705e-05	3.57745e-05	3.01054e-05	2.57311e-05	2.22726e-05	1.94862e-05	1.72056e-05	1.53137e-05	1.37257e-05	1.2379e-05	1.12264e-05	
12.875	0.0463595	0.0012649	0.000509176	0.000270623	0.000278784	0.000118285	8.5815e-05	6.53685e-05	5.15924e-05	5.08299e-05	3.49497e-05	2.9419e-05	2.51504e-05	2.17746e-05	1.90542e-05	1.68271e-05	1.49792e-05	1.34279e-05	1.2112e-05	1.09856e-05	
12.9375	0.0454275	0.0012383	0.000497312	0.000264133	0.00027208	0.000115454	8.37828e-05	6.38389e-05	5.03997e-05	4.96414e-05	3.41583e-05	2.87598e-05	2.4592e-05	2.12951e-05	1.86375e-05	1.64613e-05	1.46552e-05	1.31387e-05	1.18521e-05	1.07506e-05	
13	0.044516	0.00121237	0.000485815	0.000257868	0.0002656	0.00011273	8.18298e-05	6.23692e-05	4.92535e-05	4.85e-05	3.33971e-05	2.81252e-05	2.40541e-05	2.08329e-05	1.82357e-05	1.61086e-05	1.43429e-05	1.286e-05	1.16018e-05	1.05244e-05	
13.0625	0.0436246	0.0011871	0.00047467	0.000251816	0.000259332	0.000110108	7.99496e-05	6.09543e-05	4.81496e-05	4.74017e-05	3.26631e-05	2.75128e-05	2.35344e-05	2.03858e-05	1.78467e-05	1.57666e-05	1.40396e-05	1.2589e-05	1.13579e-05	1.03036e-05	
13.125	0.0427527	0.00116244	0.000463858	0.000245963	0.000253264	0.000107578	7.81367e-05	5.95898e-05	4.70846e-05	4.63428e-05	3.1954e-05	2.69206e-05	2.30316e-05	1.9953e-05	1.74698e-05	1.54352e-05	1.37456e-05	1.23263e-05	1.11216e-05	1.00898e-05	
13.1875	0.0418999	0.00113838	0.000453365	0.0002403	0.000247388	0.000105135	7.63862e-05	5.8272e-05	4.60554e-05	4.53204e-05	3.12677e-05	2.63471e-05	2.25442e-05	1.95331e-05	1.71038e-05	1.5113e-05	1.34596e-05	1.20704e-05	1.08912e-05	9.88114e-06	
13.25	0.0410656	0.00111491	0.000443176	0.000234816	0.000241692	0.000102774	7.4694e-05	5.69974e-05	4.50594e-05	4.43317e-05	3.06027e-05	2.57908e-05	2.20711e-05	1.91253e-05	1.67482e-05	1.47999e-05	1.31816e-05	1.18217e-05	1.06672e-05	9.67832e-06	
13.3125	0.0402495	0.001092	0.000433279	0.000229503	0.00023617	0.000100489	7.30561e-05	5.57631e-05	4.40942e-05	4.33744e-05	2.99574e-05	2.52507e-05	2.16114e-05	1.87287e-05	1.64021e-05	1.4495e-05	1.29106e-05	1.15792e-05	1.04487e-05	9.4803e-06	
13.375	0.039451	0.00106963	0.00042366	0.00022435	0.000230813	9.82762e-05	7.14693e-05	5.45666e-05	4.3158e-05	4.24464e-05	2.93306e-05	2.47256e-05	2.11642e-05	1.83427e-05	1.60652e-05	1.4198e-05	1.26467e-05	1.13429e-05	1.02358e-05	9.28739e-06	
13.4375	0.0386698	0.00104778	0.00041431	0.000219352	0.000225614	9.61308e-05	6.99304e-05	5.34056e-05	4.22489e-05	4.1546e-05	2.87211e-05	2.42147e-05	2.07289e-05	1.79667e-05	1.57368e-05	1.39085e-05	1.23893e-05	1.11123e-05	1.0028e-05	9.09898e-06	
13.5	0.0379053	0.00102644	0.000405216	0.000214501	0.000220565	9.40495e-05	6.84368e-05	5.2278e-05	4.13653e-05	4.06714e-05	2.8128e-05	2.37173e-05	2.03048e-05	1.76003e-05	1.54167e-05	1.36261e-05	1.21382e-05	1.08874e-05	9.82526e-06	8.91518e-06	
13.5625	0.0371573	0.0010056	0.00039637	0.000209789	0.00021566	9.20289e-05	6.6986e-05	5.11821e-05	4.05059e-05	3.98213e-05	2.75505e-05	2.32326e-05	1.98914e-05	1.7243e-05	1.51044e-05	1.33506e-05	1.1893e-05	1.06678e-05	9.62723e-06	8.73561e-06	
13.625	0.0364253	0.000985239	0.000387761	0.000205212	0.000210894	9.00659e-05	6.55758e-05	5.01161e-05	3.96694e-05	3.89944e-05	2.69877e-05	2.27601e-05	1.94881e-05	1.68943e-05	1.47996e-05	1.30816e-05	1.16537e-05	1.04533e-05	9.43385e-06	8.56027e-06	
13.6875	0.0357089	0.00096534	0.00037938	0.000200762	0.000206261	8.81577e-05	6.42042e-05	4.90785e-05	3.88548e-05	3.81895e-05	2.64391e-05	2.22992e-05	1.90947e-05	1.6554e-05	1.4502e-05	1.28189e-05	1.14199e-05	1.02438e-05	9.24489e-06	8.3889e-06	
13.75	0.0350078	0.000945892	0.000371219	0.000196435	0.000201755	8.63018e-05	6.28693e-05	4.80681e-05	3.80609e-05	3.74056e-05	2.5904e-05	2.18495e-05	1.87106e-05	1.62217e-05	1.42113e-05	1.25623e-05	1.11915e-05	1.00391e-05	9.06026e-06	8.22145e-06	
13.8125	0.0343216	0.000926882	0.00036327	0.000192225	0.000197371	8.44957e-05	6.15695e-05	4.70837e-05	3.72869e-05	3.66417e-05	2.53817e-05	2.14105e-05	1.83355e-05	1.58971e-05	1.39274e-05	1.23115e-05	1.09684e-05	9.83901e-06	8.87979e-06	8.05776e-06	
13.875	0.0336499	0.000908298	0.000355526	0.000188129	0.000193104	8.27372e-05	6.03032e-05	4.6124e-05	3.6532e-05	3.58968e-05	2.4872e-05	2.09817e-05	1.79692e-05	1.558e-05	1.36499e-05	1.20665e-05	1.07502e-05	9.64344e-06	8.70337e-06	7.89774e-06	
13.9375	0.0329924	0.000890128	0.000347979	0.00018414	0.000188951	8.10243e-05	5.9069e-05	4.5188e-05	3.57954e-05	3.51704e-05	2.43741e-05	2.05629e-05	1.76112e-05	1.52701e-05	1.33787e-05	1.18269e-05	1.05369e-05	9.45222e-06	8.53087e-06	7.74125e-06	
14	0.0323487	0.000872359	0.000340623	0.000180256	0.000184907	7.93552e-05	5.78655e-05	4.42748e-05	3.50763e-05	3.44615e-05	2.38879e-05	2.01537e-05	1.72613e-05	1.49671e-05	1.31135e-05	1.15927e-05	1.03284e-05	9.26524e-06	8.36218e-06	7.58823e-06	
14.0625	0.0317186	0.000854983	0.00033345	0.000176472	0.000180967	7.77281e-05	5.66916e-05	4.33836e-05	3.43742e-05	3.37695e-05	2.34127e-05	1.97537e-05	1.69193e-05	1.4671e-05	1.28542e-05	1.13637e-05	1.01244e-05	9.08237e-06	8.19719e-06	7.43856e-06	
14.125	0.0311017	0.000837986	0.000326456	0.000172784	0.000177129	7.61413e-05	5.55461e-05	4.25135e-05	3.36884e-05	3.30939e-05	2.29483e-05	1.93627e-05	1.6585e-05	1.43813e-05	1.26007e-05	1.11397e-05	9.92495e-06	8.90349e-06	8.0358e-06	7.29214e-06	
14.1875	0.0304977	0.00082136	0.000319633	0.000169189	0.000173388	7.45932e-05	5.4428e-05	4.16637e-05	3.30183e-05	3.24339e-05	2.24944e-05	1.89804e-05	1.62579e-05	1.40981e-05	1.23527e-05	1.09205e-05	9.72982e-06	8.7285e-06	7.87791e-06	7.14891e-06	
14.25	0.0299063	0.000805095	0.000312976	0.000165684	0.000169741	7.30825e-05	5.33362e-05	4.08335e-05	3.23635e-05	3.17891e-05	2.20505e-05	1.86066e-05	1.59381e-05	1.3821e-05	1.21101e-05	1.07062e-05	9.53891e-06	8.5573e-06	7.72344e-06	7.00875e-06	
14.3125	0.0293272	0.000789181	0.00030648	0.000162265	0.000166184	7.16078e-05	5.22698e-05	4.00223e-05	3.17234e-05	3.11589e-05	2.16164e-05	1.82409e-05	1.56252e-05	1.35499e-05	1.18727e-05	1.04964e-05	9.3521e-06	8.38977e-06	7.57228e-06	6.87161e-06	
14.375	0.0287601	0.000773608	0.00030014	0.000158929	0.000162716	7.01678e-05	5.1228e-05	3.92294e-05	3.10975e-05	3.05429e-05	2.11918e-05	1.78831e-05	1.53191e-05	1.32847e-05	1.16404e-05	1.02912e-05	9.1693e-06	8.22583e-06	7.42434e-06	6.7374e-06	
14.4375	0.0282048	0.000758368	0.00029395	0.000155674	0.000159332	6.87613e-05	5.02099e-05	3.84542e-05	3.04854e-05	2.99405e-05	2.07765e-05	1.75331e-05	1.50196e-05	1.30251e-05	1.14131e-05	1.00903e-05	8.9904e-06	8.06538e-06	7.27957e-06	6.60604e-06	
14.5	0.027661	0.000743452	0.000287906	0.000152496	0.000156029	6.73872e-05	4.92147e-05	3.76962e-05	2.98867e-05	2.93514e-05	2.037e-05	1.71906e-05	1.47265e-05	1.27711e-05	1.11907e-05	9.89372e-06	8.81528e-06	7.90833e-06	7.13784e-06	6.47746e-06	
14.5625	0.0271284	0.000728851	0.000282003	0.000149393	0.000152806	6.60443e-05	4.82416e-05	3.69548e-05	2.93009e-05	2.87752e-05	1.99723e-05	1.68554e-05	1.44395e-05	1.25224e-05	1.09729e-05	9.70127e-06	8.64387e-06	7.75459e-06	6.99912e-06	6.3516e-06	
14.625	0.0266068	0.000714558	0.000276238	0.000146363	0.000149659	6.47315e-05	4.729e-05	3.62295e-05	2.87278e-05	2.82113e-05	1.9583e-05	1.65272e-05	1.41587e-05	1.2279e-05	1.07597e-05	9.51286e-06	8.47605e-06	7.60408e-06	6.86329e-06	6.22835e-06	
14.6875	0.0260959	0.000700565	0.000270605	0.000143403	0.000146586	6.3448e-05	4.63592e-05	3.55198e-05	2.81668e-05	2.76596e-05	1.92018e-05	1.62059e-05	1.38837e-05	1.20407e-05	1.0551e-05	9.32839e-06	8.31174e-06	7.45672e-06	6.73033e-06	6.10772e-06	
14.75	0.0255955	0.000686864	0.0002651	0.00014051	0.000143584	6.21927e-05	4.54484e-05	3.48251e-05	2.76177e-05	2.71194e-05	1.88287e-05	1.58914e-05	1.36144e-05	1.18073e-05	1.03466e-05	9.14775e-06	8.15084e-06	7.3124e-06	6.60009e-06	5.98954e-06	
14.8125	0.0251053	0.000673446	0.00025972	0.000137683	0.000140651	6.09646e-05	4.45571e-05	3.41452e-05	2.708e-05	2.65906e-05	1.84633e-05	1.55833e-05	1.33507e-05	1.15788e-05	1.01464e-05	8.97085e-06	7.99328e-06	7.17109e-06	6.47259e-06	5.87387e-06	
14.875	0.0246251	0.000660306	0.000254461	0.000134919	0.000137785	5.9763e-05	4.36846e-05	3.34794e-05	2.65534e-05	2.60728e-05	1.81054e-05	1.52816e-05	1.30924e-05	1.13549e-05	9.95034e-06	8.79756e-06	7.83892e-06	7.03264e-06	6.34765e-06	5.7605e-06	
14.9375	0.0241547	0.000647436	0.000249318	0.000132217	0.000134983	5.85868e-05	4.28303e-05	3.28273e-05	2.60377e-05	2.55655e-05	1.77547e-05	1.4986e-05	1.28394e-05	1.11356e-05	9.75828e-06	8.62784e-06	7.68776e-06	6.89709e-06	6.22534e-06	5.64955e-06	
15	0.0236939	0.000634828	0.000244289	0.000129573	0.000132244	5.74353e-05	4.19936e-05	3.21885e-05	2.55323e-05	2.50685e-05	1.74112e-05	1.46963e-05	1.25914e-05	1.09207e-05	9.57005e-06	8.46148e-06	7.53958e-06	6.76418e-06	6.10539e-06	5.5407e-06	
15.0625	0.0232424	0.000622476	0.000239369	0.000126987	0.000129565	5.63076e-05	4.11738e-05	3.15625e-05	2.50371e-05	2.45813e-05	1.70744e-05	1.44124e-05	1.23484e-05	1.07101e-05	9.38563e-06	8.29854e-06	7.39447e-06	6.63407e-06	5.98803e-06	5.43425e-06	
15.125	0.0228	0.000610372	0.000234555	0.000124456	0.000126943	5.52027e-05	4.03704e-05	3.09489e-05	2.45515e-05	2.41037e-05	1.67442e-05	1.4134e-05	1.21101e-05	1.05035e-05	9.20475e-06	8.13867e-06	7.25207e-06	6.50633e-06	5.87274e-06	5.32962e-06	
15.1875	0.0223666	0.000598511	0.000229844	0.000121978	0.000124378	5.41198e-05	3.95827e-05	3.03471e-05	2.40753e-05	2.36352e-05	1.64204e-05	1.3861e-05	1.18765e-05	1.03011e-05	9.02751e-06	7.9821e-06	7.11267e-06	6.38138e-06	5.76005e-06	5.22745e-06	
15.25	0.0219419	0.000586885	0.000225232	0.00011955	0.000121867	5.30581e-05	3.88101e-05	2.97567e-05	2.3608e-05	2.31754e-05	1.61026e-05	1.35931e-05	1.16471e-05	1.01023e-05	8.85339e-06	7.8282e-06	6.97557e-06	6.25839e-06	5.64903e-06	5.12667e-06	
15.3125	0.0215258	0.000575487	0.000220716	0.000117172	0.000119407	5.20165e-05	3.80518e-05	2.91772e-05	2.31493e-05	2.2724e-05	1.57906e-05	1.33301e-05	1.14221e-05	9.90741e-06	8.6828e-06	7.67757e-06	6.84153e-06	6.13829e-06	5.54078e-06	5.02858e-06	
15.375	0.021118	0.000564311	0.000216291	0.000114841	0.000116996	5.0994e-05	3.73072e-05	2.86079e-05	2.26986e-05	2.22803e-05	1.54839e-05	1.30715e-05	1.12007e-05	9.71549e-06	8.51468e-06	7.52894e-06	6.70909e-06	6.01945e-06	5.43347e-06	4.93114e-06	
15.4375	0.0207184	0.000553349	0.000211954	0.000112555	0.000114633	4.99897e-05	3.65754e-05	2.80482e-05	2.22554e-05	2.18439e-05	1.51825e-05	1.28175e-05	1.09835e-05	9.52741e-06	8.35016e-06	7.38377e-06	6.57999e-06	5.90388e-06	5.32938e-06	4.8369e-06	
15.5	0.0203267	0.000542595	0.000207701	0.000110311	0.000112314	4.9002e-05	3.58553e-05	2.74973e-05	2.18189e-05	2.1414e-05	1.48852e-05	1.25667e-05	1.07686e-05	9.34108e-06	8.18685e-06	7.23932e-06	6.45122e-06	5.78826e-06	5.22493e-06	4.742e-06	
15.5625	0.0199429	0.000532039	0.000203528	0.000108106	0.000110038	4.80297e-05	3.5146e-05	2.69544e-05	2.13889e-05	2.09901e-05	1.45927e-05	1.23203e-05	1.05581e-05	9.15891e-06	8.02765e-06	7.09898e-06	6.32655e-06	5.67678e-06	5.12465e-06	4.65132e-06	
15.625	0.0195667	0.000521673	0.00019943	0.000105937	0.000107799	4.70708e-05	3.44455e-05	2.64176e-05	2.0963e-05	2.05704e-05	1.43018e-05	1.20745e-05	1.03472e-05	8.97585e-06	7.86701e-06	6.95672e-06	6.19958e-06	5.56267e-06	5.02146e-06	4.55748e-06	
15.6875	0.0191979	0.000511488	0.000195401	0.000103801	0.000105596	4.61233e-05	3.37531e-05	2.58871e-05	2.05426e-05	2.01554e-05	1.40159e-05	1.1834e-05	1.01418e-05	8.79827e-06	7.712e-06	6.82024e-06	6.07852e-06	5.45456e-06	4.92435e-06	4.4698e-06	
15.75	0.0188364	0.000501471	0.000191432	0.000101692	0.000103421	4.51825e-05	3.30631e-05	2.53562e-05	2.01198e-05	1.97385e-05	1.37249e-05	1.15873e-05	9.92956e-06	8.61347e-06	7.54939e-06	6.67589e-06	5.94938e-06	5.33825e-06	4.81896e-06	4.37379e-06	
15.8125	0.018482	0.000491606	0.000187515	9.96025e-05	0.000101269	4.42479e-05	3.23788e-05	2.48314e-05	1.97037e-05	1.93268e-05	1.34419e-05	1.13492e-05	9.72626e-06	8.43786e-06	7.3962e-06	6.54112e-06	5.82993e-06	5.23169e-06	4.72336e-06	4.28758e-06	
15.875	0.0181344	0.000481866	0.000183634	9.75177e-05	9.91284e-05	4.32957e-05	3.16728e-05	2.42827e-05	1.92626e-05	1.8892e-05	1.31331e-05	1.10855e-05	9.49784e-06	8.23762e-06	7.21892e-06	6.38281e-06	5.68752e-06	5.10274e-06	4.60592e-06	4.18007e-06	
15.9375	0.0177934	0.000472177	0.000179759	9.54372e-05	9.69869e-05	4.23555e-05	3.09814e-05	2.37503e-05	1.88388e-05	1.84716e-05	1.28426e-05	1.08402e-05	9.28778e-06	8.05564e-06	7.05973e-06	6.24241e-06	5.5628e-06	4.99125e-06	4.50572e-06	4.08958e-06	
16	0.0174588	0.000462296	0.000175645	9.31254e-05	9.46481e-05	4.12146e-05	3.01076e-05	2.30504e-05	1.826e-05	1.79036e-05	1.24156e-05	1.04668e-05	8.95677e-06	7.75899e-06	6.79142e-06	5.99784e-06	5.33837e-06	4.78409e-06	4.3135e-06	3.9104e-06	
16.0625	0.016974	0.000445967	0.000168302	8.87309e-05	9.03718e-05	3.88572e-05	2.82469e-05	2.15241e-05	1.69737e-05	1.66692e-05	1.14413e-05	9.60615e-06	8.1878e-06	7.06572e-06	6.16166e-06	5.42208e-06	4.80906e-06	4.29511e-06	3.85986e-06	3.48796e-06	
16.125	0.0165045	0.000430998	0.00016191	8.50925e-05	8.67559e-05	3.7078e-05	2.69011e-05	2.04646e-05	1.61156e-05	1.58322e-05	1.08401e-05	9.09486e-06	7.74784e-06	6.68358e-06	5.82717e-06	5.12738e-06	4.54795e-06	4.06265e-06	3.65204e-06	3.30148e-06	
16.1875	0.016049	0.000416791	0.000155917	8.17096e-05	8.33806e-05	3.54433e-05	2.56706e-05	1.94998e-05	1.5337e-05	1.50702e-05	1.02964e-05	8.6327e-06	7.34994e-06	6.33744e-06	5.52337e-06	4.8587e-06	4.30872e-06	3.84835e-06	3.45904e-06	3.1268e-06	
16.25	0.0156071	0.000403236	0.000150304	7.86055e-05	8.02522e-05	3.40087e-05	2.46147e-05	1.86902e-05	1.46976e-05	1.44387e-05	9.86871e-06	8.27668e-06	7.04974e-06	6.08162e-06	5.30341e-06	4.66808e-06	4.14241e-06	3.70237e-06	3.33021e-06	3.01255e-06	
16.3125	0.0151782	0.00039027	0.000145007	7.57066e-05	7.73175e-05	3.26847e-05	2.36426e-05	1.79452e-05	1.41087e-05	1.38573e-05	9.47195e-06	7.94464e-06	6.76784e-06	5.83941e-06	5.09316e-06	4.48393e-06	3.97981e-06	3.55776e-06	3.20075e-06	2.89597e-06	
16.375	0.0147618	0.000377841	0.00013999	7.29913e-05	7.45543e-05	3.1473e-05	2.2764e-05	1.72805e-05	1.35899e-05	1.33424e-05	9.13127e-06	7.66312e-06	6.53183e-06	5.63917e-06	4.9215e-06	4.33543e-06	3.85032e-06	3.44402e-06	3.1002e-06	2.80655e-06	
16.4375	0.0143575	0.00036591	0.000135225	7.04344e-05	7.19427e-05	3.03448e-05	2.19479e-05	1.6663e-05	1.3107e-05	1.28639e-05	8.81103e-06	7.39659e-06	6.30645e-06	5.44604e-06	4.75411e-06	4.18889e-06	3.72088e-06	3.32879e-06	2.99687e-06	2.7133e-06	
16.5	0.0139649	0.000354445	0.000130689	6.80191e-05	6.94676e-05	2.92928e-05	2.11916e-05	1.60943e-05	1.26652e-05	1.24252e-05	8.52201e-06	7.15775e-06	6.10597e-06	5.27557e-06	4.60752e-06	4.0616e-06	3.6094e-06	3.2304e-06	2.90944e-06	2.63512e-06	
16.5625	0.0135837	0.000343416	0.000126364	6.57306e-05	6.71164e-05	2.83043e-05	2.04822e-05	1.55609e-05	1.22499e-05	1.20135e-05	8.24795e-06	6.92978e-06	5.91314e-06	5.11016e-06	4.46393e-06	3.93563e-06	3.49787e-06	3.13085e-06	2.81994e-06	2.55414e-06	
16.625	0.0132134	0.0003328	0.000122232	6.35571e-05	6.48785e-05	2.73726e-05	1.98154e-05	1.50608e-05	1.18616e-05	1.16285e-05	7.9932e-06	6.71864e-06	5.73527e-06	4.95829e-06	4.33277e-06	3.82122e-06	3.39721e-06	3.0416e-06	2.74028e-06	2.4826e-06	
16.6875	0.0128538	0.000322574	0.000118281	6.14883e-05	6.27449e-05	2.64907e-05	1.91847e-05	1.45876e-05	1.14935e-05	1.1264e-05	7.75006e-06	6.5161e-06	5.56363e-06	4.81077e-06	4.20442e-06	3.7084e-06	3.29711e-06	2.95209e-06	2.65965e-06	2.40952e-06	
16.75	0.0125045	0.000312719	0.000114498	5.95157e-05	6.07077e-05	2.56535e-05	1.85866e-05	1.41389e-05	1.11447e-05	1.09189e-05	7.52009e-06	6.32482e-06	5.40189e-06	4.67214e-06	4.08423e-06	3.60317e-06	3.2042e-06	2.86943e-06	2.58564e-06	2.34286e-06	
16.8125	0.0121652	0.000303215	0.000110872	5.76316e-05	5.87599e-05	2.48564e-05	1.80171e-05	1.37115e-05	1.08118e-05	1.059e-05	7.29951e-06	6.14068e-06	5.24553e-06	4.53749e-06	3.9669e-06	3.49986e-06	3.11242e-06	2.78726e-06	2.51157e-06	2.27568e-06	
16.875	0.0118355	0.000294046	0.000107393	5.58295e-05	5.68955e-05	2.40956e-05	1.74736e-05	1.33034e-05	1.04938e-05	1.02761e-05	7.08873e-06	5.96481e-06	5.09635e-06	4.40924e-06	3.85538e-06	3.40196e-06	3.02577e-06	2.71e-06	2.44224e-06	2.21311e-06	
16.9375	0.0115153	0.000285198	0.000104053	5.41034e-05	5.51088e-05	2.33681e-05	1.69536e-05	1.29125e-05	1.01889e-05	9.97533e-06	6.88582e-06	5.79508e-06	4.95197e-06	4.28472e-06	3.74674e-06	3.30621e-06	2.94065e-06	2.63375e-06	2.37347e-06	2.15073e-06	
17	0.0112041	0.000276654	0.000100843	5.24482e-05	5.33951e-05	2.2671e-05	1.64551e-05	1.25375e-05	9.89595e-06	9.68674e-06	6.69074e-06	5.63189e-06	4.81322e-06	4.16517e-06	3.64258e-06	3.21461e-06	2.85943e-06	2.56122e-06	2.3083e-06	2.09185e-06	
17.0625	0.0109018	0.000268403	9.77557e-05	5.08592e-05	5.17497e-05	2.20021e-05	1.59763e-05	1.21769e-05	9.61398e-06	9.4092e-06	6.50243e-06	5.4741e-06	4.67881e-06	4.04912e-06	3.54125e-06	3.12525e-06	2.77996e-06	2.49002e-06	2.24409e-06	2.0336e-06	
17.125	0.010608	0.000260431	9.4785e-05	4.93323e-05	5.01688e-05	2.13592e-05	1.55157e-05	1.18296e-05	9.34223e-06	9.14191e-06	6.32071e-06	5.32181e-06	4.5491e-06	3.93719e-06	3.4436e-06	3.03927e-06	2.70364e-06	2.4218e-06	2.18273e-06	1.97811e-06	
17.1875	0.0103225	0.000252727	9.19246e-05	4.78638e-05	4.86485e-05	2.07406e-05	1.50722e-05	1.14949e-05	9.07994e-06	8.88413e-06	6.14497e-06	5.17435e-06	4.42336e-06	3.82855e-06	3.34867e-06	2.95553e-06	2.62915e-06	2.35507e-06	2.12255e-06	1.92353e-06	
17.25	0.010045	0.000245279	8.91687e-05	4.64501e-05	4.71856e-05	2.01447e-05	1.46444e-05	1.11718e-05	8.82654e-06	8.63525e-06	5.97499e-06	5.03169e-06	4.30171e-06	3.72347e-06	3.25692e-06	2.87467e-06	2.55733e-06	2.29082e-06	2.06473e-06	1.87121e-06	
17.3125	0.00977533	0.000238077	8.65122e-05	4.50883e-05	4.57768e-05	1.957e-05	1.42316e-05	1.08596e-05	8.58149e-06	8.39472e-06	5.81037e-06	4.89342e-06	4.18371e-06	3.62146e-06	3.16776e-06	2.79601e-06	2.48735e-06	2.22812e-06	2.0082e-06	1.81995e-06	
17.375	0.00951323	0.000231111	8.395e-05	4.37755e-05	4.44194e-05	1.90154e-05	1.38328e-05	1.05577e-05	8.34436e-06	8.16208e-06	5.65091e-06	4.75945e-06	4.06938e-06	3.52263e-06	3.08141e-06	2.71987e-06	2.41969e-06	2.16758e-06	1.95369e-06	1.7706e-06	
17.4375	0.00925846	0.000224373	8.14778e-05	4.2509e-05	4.31107e-05	1.84797e-05	1.34472e-05	1.02656e-05	8.11473e-06	7.9369e-06	5.49633e-06	4.62951e-06	3.95843e-06	3.42667e-06	2.99752e-06	2.64585e-06	2.35384e-06	2.10858e-06	1.9005e-06	1.72237e-06	
17.5	0.00901082	0.000217852	7.90912e-05	4.12866e-05	4.18483e-05	1.7962e-05	1.30742e-05	9.98283e-06	7.89225e-06	7.71882e-06	5.34644e-06	4.50348e-06	3.85081e-06	3.33361e-06	2.91618e-06	2.5741e-06	2.29006e-06	2.05149e-06	1.84908e-06	1.67581e-06	
17.5625	0.00877008	0.00021154	7.67864e-05	4.0106e-05	4.06298e-05	1.74612e-05	1.2713e-05	9.70885e-06	7.67659e-06	7.5075e-06	5.20103e-06	4.38118e-06	3.74634e-06	3.24323e-06	2.83716e-06	2.50437e-06	2.22803e-06	1.99591e-06	1.79898e-06	1.63039e-06	
17.625	0.00853605	0.00020543	7.45596e-05	3.89651e-05	3.94533e-05	1.69766e-05	1.23633e-05	9.44332e-06	7.46745e-06	7.30264e-06	5.05993e-06	4.26248e-06	3.64494e-06	3.15551e-06	2.76047e-06	2.43671e-06	2.16787e-06	1.94205e-06	1.75046e-06	1.58644e-06	
17.6875	0.00830852	0.000199513	7.24073e-05	3.78622e-05	3.83167e-05	1.65075e-05	1.20244e-05	9.18585e-06	7.26458e-06	7.10396e-06	4.92297e-06	4.14724e-06	3.54648e-06	3.07032e-06	2.68597e-06	2.37096e-06	2.10938e-06	1.88965e-06	1.70322e-06	1.54362e-06	
17.75	0.00808731	0.000193783	7.03263e-05	3.67955e-05	3.72182e-05	1.6053e-05	1.16959e-05	8.93613e-06	7.06772e-06	6.91122e-06	4.79e-06	4.03535e-06	3.45086e-06	2.98759e-06	2.61363e-06	2.30713e-06	2.05261e-06	1.83882e-06	1.65742e-06	1.50213e-06	
17.8125	0.00787222	0.000188233	6.83136e-05	3.57633e-05	3.61561e-05	1.56126e-05	1.13773e-05	8.69384e-06	6.87665e-06	6.72418e-06	4.66088e-06	3.92667e-06	3.35799e-06	2.90722e-06	2.54334e-06	2.2451e-06	1.99743e-06	1.78938e-06	1.61287e-06	1.46175e-06	
17.875	0.00766309	0.000182855	6.63662e-05	3.47641e-05	3.51287e-05	1.51857e-05	1.10683e-05	8.45868e-06	6.69114e-06	6.54262e-06	4.53548e-06	3.82111e-06	3.26777e-06	2.82914e-06	2.47506e-06	2.18485e-06	1.94384e-06	1.74139e-06	1.56962e-06	1.42256e-06	
17.9375	0.00745973	0.000177644	6.44814e-05	3.37964e-05	3.41346e-05	1.47716e-05	1.07685e-05	8.23041e-06	6.511e-06	6.36634e-06	4.41367e-06	3.71856e-06	3.18011e-06	2.75328e-06	2.40871e-06	2.12629e-06	1.89175e-06	1.69473e-06	1.52756e-06	1.38445e-06	
18	0.00726197	0.000172593	6.26566e-05	3.28591e-05	3.31723e-05	1.437e-05	1.04774e-05	8.00875e-06	6.33603e-06	6.19514e-06	4.29532e-06	3.61892e-06	3.09494e-06	2.67957e-06	2.34424e-06	2.06939e-06	1.84114e-06	1.6494e-06	1.48671e-06	1.34743e-06	
18.0625	0.00706966	0.000167697	6.08894e-05	3.19507e-05	3.22405e-05	1.39803e-05	1.01948e-05	7.79348e-06	6.16607e-06	6.02886e-06	4.18033e-06	3.5221e-06	3.01217e-06	2.60793e-06	2.28158e-06	2.01409e-06	1.79194e-06	1.60533e-06	1.44699e-06	1.31144e-06	
18.125	0.00688263	0.00016295	5.91775e-05	3.10701e-05	3.13379e-05	1.36021e-05	9.92045e-06	7.58437e-06	6.00093e-06	5.86731e-06	4.06858e-06	3.428e-06	2.93173e-06	2.5383e-06	2.22068e-06	1.96034e-06	1.74413e-06	1.5625e-06	1.40839e-06	1.27645e-06	
18.1875	0.00670073	0.000158347	5.75186e-05	3.02162e-05	3.04633e-05	1.32348e-05	9.65395e-06	7.3812e-06	5.84047e-06	5.71034e-06	3.95997e-06	3.33654e-06	2.85354e-06	2.47063e-06	2.16149e-06	1.9081e-06	1.69766e-06	1.52088e-06	1.37088e-06	1.24246e-06	
18.25	0.00652382	0.000153882	5.59106e-05	2.93879e-05	2.96155e-05	1.28782e-05	9.39504e-06	7.18379e-06	5.68451e-06	5.55779e-06	3.8544e-06	3.24763e-06	2.77753e-06	2.40483e-06	2.10394e-06	1.8573e-06	1.65246e-06	1.48039e-06	1.33438e-06	1.20938e-06	
18.3125	0.00635174	0.000149551	5.43516e-05	2.85843e-05	2.87935e-05	1.25318e-05	9.14347e-06	6.99192e-06	5.53292e-06	5.40952e-06	3.75177e-06	3.1612e-06	2.70363e-06	2.34087e-06	2.048e-06	1.80793e-06	1.60855e-06	1.44106e-06	1.29894e-06	1.17727e-06	
18.375	0.00618436	0.000145348	5.28396e-05	2.78043e-05	2.79962e-05	1.21953e-05	8.89897e-06	6.80542e-06	5.38555e-06	5.26538e-06	3.65199e-06	3.07716e-06	2.63178e-06	2.27868e-06	1.99359e-06	1.7599e-06	1.56582e-06	1.40277e-06	1.26442e-06	1.14598e-06	
18.4375	0.00602154	0.00014127	5.13727e-05	2.7047e-05	2.72227e-05	1.18682e-05	8.66131e-06	6.6241e-06	5.24227e-06	5.12524e-06	3.55497e-06	2.99545e-06	2.56193e-06	2.21821e-06	1.94071e-06	1.71323e-06	1.52431e-06	1.3656e-06	1.23094e-06	1.11564e-06	
18.5	0.00586316	0.000137311	4.99493e-05	2.63116e-05	2.64719e-05	1.15504e-05	8.43025e-06	6.4478e-06	5.10294e-06	4.98897e-06	3.46062e-06	2.91599e-06	2.49398e-06	2.15939e-06	1.88925e-06	1.6678e-06	1.48388e-06	1.32937e-06	1.19827e-06	1.08602e-06	
18.5625	0.00570908	0.000133468	4.85677e-05	2.55972e-05	2.5743e-05	1.12413e-05	8.20557e-06	6.27634e-06	4.96744e-06	4.85643e-06	3.36886e-06	2.83871e-06	2.42792e-06	2.10221e-06	1.83924e-06	1.62368e-06	1.44464e-06	1.29424e-06	1.16662e-06	1.05736e-06	
18.625	0.00555918	0.000129737	4.72261e-05	2.49029e-05	2.50351e-05	1.09407e-05	7.98703e-06	6.10956e-06	4.83563e-06	4.72751e-06	3.2796e-06	2.76353e-06	2.36363e-06	2.04656e-06	1.79054e-06	1.58068e-06	1.40637e-06	1.25994e-06	1.13568e-06	1.0293e-06	
18.6875	0.00541333	0.000126112	4.5923e-05	2.42281e-05	2.43473e-05	1.06484e-05	7.77443e-06	5.94731e-06	4.7074e-06	4.60207e-06	3.19277e-06	2.69041e-06	2.30113e-06	1.99247e-06	1.74325e-06	1.53896e-06	1.36928e-06	1.22674e-06	1.10579e-06	1.00224e-06	
18.75	0.00527144	0.000122591	4.4657e-05	2.35719e-05	2.36788e-05	1.03639e-05	7.56754e-06	5.78942e-06	4.58262e-06	4.48e-06	3.10827e-06	2.61924e-06	2.24027e-06	1.93977e-06	1.69714e-06	1.49823e-06	1.33302e-06	1.19423e-06	1.07645e-06	9.75612e-07	
18.8125	0.00513337	0.00011917	4.34264e-05	2.29336e-05	2.30288e-05	1.0087e-05	7.36616e-06	5.63574e-06	4.46118e-06	4.36119e-06	3.02607e-06	2.55003e-06	2.18112e-06	1.8886e-06	1.6524e-06	1.45878e-06	1.29797e-06	1.16287e-06	1.04823e-06	9.50081e-07	
18.875	0.00499903	0.000115845	4.22298e-05	2.23123e-05	2.23965e-05	9.81745e-06	7.17008e-06	5.48611e-06	4.34294e-06	4.24549e-06	2.94601e-06	2.48259e-06	2.12345e-06	1.83865e-06	1.60868e-06	1.42015e-06	1.26356e-06	1.132e-06	1.02036e-06	9.24769e-07	
18.9375	0.0048683	0.000112611	4.10657e-05	2.17075e-05	2.17811e-05	9.55484e-06	6.97909e-06	5.34037e-06	4.2278e-06	4.13281e-06	2.86812e-06	2.41704e-06	2.06745e-06	1.79023e-06	1.56638e-06	1.38287e-06	1.23045e-06	1.1024e-06	9.93748e-07	9.00719e-07	
19	0.00474108	0.000109467	3.99328e-05	2.11183e-05	2.11818e-05	9.2989e-06	6.79295e-06	5.19836e-06	4.11561e-06	4.023e-06	2.79216e-06	2.35306e-06	2.01272e-06	1.74281e-06	1.52486e-06	1.34616e-06	1.19773e-06	1.07302e-06	9.67193e-07	8.7658e-07	
19.0625	0.00461727	0.000106407	3.88296e-05	2.0544e-05	2.05978e-05	9.04931e-06	6.61146e-06	5.05993e-06	4.00629e-06	3.91595e-06	2.71829e-06	2.29093e-06	1.95969e-06	1.697e-06	1.48487e-06	1.31096e-06	1.16651e-06	1.04515e-06	9.42162e-07	8.53987e-07	
19.125	0.00449677	0.000103429	3.77546e-05	1.99838e-05	2.00283e-05	8.80573e-06	6.43434e-06	4.92484e-06	3.89959e-06	3.81146e-06	2.64606e-06	2.23008e-06	1.90761e-06	1.65185e-06	1.4453e-06	1.27595e-06	1.13526e-06	1.01706e-06	9.16746e-07	8.30852e-07	
19.1875	0.00437949	0.000100528	3.67063e-05	1.94369e-05	1.94724e-05	8.56782e-06	6.26139e-06	4.793e-06	3.79556e-06	3.7095e-06	2.5759e-06	2.17115e-06	1.85738e-06	1.60853e-06	1.40755e-06	1.24277e-06	1.10589e-06	9.90886e-07	8.9329e-07	8.09725e-07	
19.25	0.00426533	9.7702e-05	3.56831e-05	1.89024e-05	1.89292e-05	8.33515e-06	6.09224e-06	4.66402e-06	3.69371e-06	3.60969e-06	2.50692e-06	2.113e-06	1.80758e-06	1.56531e-06	1.36963e-06	1.20916e-06	1.07586e-06	9.63843e-07	8.68777e-07	7.87372e-07	
19.3125	0.00415421	9.49461e-05	3.46834e-05	1.83794e-05	1.83979e-05	8.10732e-06	5.9267e-06	4.53795e-06	3.59436e-06	3.51217e-06	2.44015e-06	2.05705e-06	1.76001e-06	1.52438e-06	1.33406e-06	1.178e-06	1.04835e-06	9.39403e-07	8.4694e-07	7.67763e-07	
19.375	0.00404603	9.22565e-05	3.37054e-05	1.78669e-05	1.78772e-05	7.88373e-06	5.76412e-06	4.41396e-06	3.49643e-06	3.41611e-06	2.37371e-06	2.00097e-06	1.71192e-06	1.48258e-06	1.29731e-06	1.14537e-06	1.01912e-06	9.13033e-07	8.22987e-07	7.45875e-07	
19.4375	0.00394071	8.9629e-05	3.27471e-05	1.73636e-05	1.73661e-05	7.66397e-06	5.60455e-06	4.29262e-06	3.40103e-06	3.32224e-06	2.31e-06	1.94779e-06	1.66688e-06	1.444e-06	1.26394e-06	1.11625e-06	9.93542e-07	8.90411e-07	8.02868e-07	7.27892e-07	
19.5	0.00383817	8.70589e-05	3.18061e-05	1.6868e-05	1.6863e-05	7.44684e-06	5.44645e-06	4.17188e-06	3.30548e-06	3.22843e-06	2.24488e-06	1.8927e-06	1.61951e-06	1.40272e-06	1.22755e-06	1.08387e-06	9.64466e-07	8.64111e-07	7.78921e-07	7.05958e-07	
19.5625	0.00373831	8.45406e-05	3.08797e-05	1.63786e-05	1.63663e-05	7.23229e-06	5.29086e-06	4.0539e-06	3.2131e-06	3.13713e-06	2.18382e-06	1.84203e-06	1.57689e-06	1.36645e-06	1.19639e-06	1.05688e-06	9.40916e-07	8.43435e-07	7.60668e-07	6.89765e-07	
19.625	0.00364105	8.20677e-05	2.99643e-05	1.58927e-05	1.58737e-05	7.01706e-06	5.13336e-06	3.93299e-06	3.11694e-06	3.04267e-06	2.11763e-06	1.7858e-06	1.52835e-06	1.324e-06	1.15885e-06	1.02336e-06	9.1074e-07	8.16069e-07	7.3569e-07	6.66835e-07	
19.6875	0.00354632	7.9632e-05	2.90554e-05	1.54079e-05	1.53824e-05	6.8035e-06	4.97889e-06	3.81643e-06	3.02624e-06	2.95244e-06	2.05856e-06	1.73721e-06	1.48784e-06	1.28986e-06	1.12982e-06	9.98471e-07	8.89266e-07	7.97434e-07	7.19437e-07	6.526e-07	
19.75	0.00345401	7.72228e-05	2.81462e-05	1.49176e-05	1.48875e-05	6.57984e-06	4.81299e-06	3.68749e-06	2.92256e-06	2.85059e-06	1.9859e-06	1.67505e-06	1.43387e-06	1.24241e-06	1.08767e-06	9.60693e-07	8.55141e-07	7.66394e-07	6.9103e-07	6.26459e-07	
19.8125	0.00336403	7.48246e-05	2.72278e-05	1.44214e-05	1.4385e-05	6.36076e-06	4.65517e-06	3.56902e-06	2.83095e-06	2.75866e-06	1.9271e-06	1.62713e-06	1.39432e-06	1.20946e-06	1.05999e-06	9.37311e-07	8.35287e-07	7.49472e-07	6.76567e-07	6.14076e-07	
19.875	0.00327624	7.24144e-05	2.62749e-05	1.38836e-05	1.3851e-05	6.09694e-06	4.45411e-06	3.40918e-06	2.69994e-06	2.63014e-06	1.83242e-06	1.54513e-06	1.32233e-06	1.14556e-06	1.00274e-06	8.85597e-07	7.88246e-07	7.06416e-07	6.3694e-07	5.77423e-07	
19.9375	0.00319042	6.99413e-05	2.53031e-05	1.33515e-05	1.33124e-05	5.85767e-06	4.28045e-06	3.27803e-06	2.59804e-06	2.52718e-06	1.7667e-06	1.49159e-06	1.27826e-06	1.109e-06	9.72263e-07	8.60098e-07	7.66875e-07	6.88502e-07	6.2195e-07	5.64925e-07	
20	0.00310611	6.69856e-05	2.39327e-05	1.2489e-05	1.24878e-05	5.36847e-06	3.8872e-06	2.95062e-06	2.31854e-06	2.25604e-06	1.55018e-06	1.29834e-06	1.10385e-06	9.50209e-07	8.26598e-07	7.25623e-07	6.42044e-07	5.72061e-07	5.1287e-07	4.62351e-07	
