Numero de iteracoes: 12
Erro: 9.4958e-07
Tempo de Resolucao do Problema: 889.744 segundos
/////////////////////////////////////////////
Posicao	Fluxo Escalar
	Grupo de Energia 1	Grupo de Energia 2	Grupo de Energia 3	Grupo de Energia 4	Grupo de Energia 5	Grupo de Energia 6	Grupo de Energia 7	Grupo de Energia 8	Grupo de Energia 9	Grupo de Energia 10	Grupo de Energia 11	Grupo de Energia 12	Grupo de Energia 13	Grupo de Energia 14	Grupo de Energia 15	Grupo de Energia 16	Grupo de Energia 17	Grupo de Energia 18	Grupo de Energia 19	Grupo de Energia 20
0	0.505574	0.0019117	0.00101442	0.000645839	0.000628374	0.000347319	0.000271551	0.000219736	0.000182428	0.00018211	0.000134128	0.000116764	0.00010289	9.15656e-05	8.21724e-05	7.42769e-05	6.75648e-05	6.18022e-05	5.68112e-05	5.24548e-05	
0.25	0.479088	0.00263788	0.00149008	0.000995112	0.000920054	0.000571794	0.000460042	0.000381566	0.000323742	0.000313191	0.000246362	0.000218036	0.000195008	0.000175922	0.000159868	0.000146199	0.000134439	0.000124228	0.000115291	0.000107413	
0.5	0.457586	0.00311752	0.00177361	0.00118719	0.00108905	0.000681005	0.000547201	0.000453032	0.000383558	0.000370783	0.000290404	0.000256366	0.000228685	0.000205746	0.000186457	0.000170042	0.000155927	0.00014368	0.000132969	0.000123534	
0.75	0.43939	0.00348048	0.00198857	0.00133567	0.00121941	0.000769642	0.000619497	0.000513512	0.000435115	0.000420156	0.000329662	0.000291035	0.000259578	0.000233478	0.000211512	0.000192805	0.000176709	0.000162738	0.000150514	0.000139746	
1	0.423472	0.00377506	0.00216185	0.00145278	0.0013245	0.000834675	0.00067023	0.000554034	0.000468073	0.000452883	0.000352554	0.000310308	0.000275953	0.000247494	0.000223581	0.00020325	0.000185787	0.000170656	0.00015744	0.000145818	
1.25	0.409189	0.00402183	0.00230409	0.00154657	0.00141047	0.000885249	0.00070951	0.000585486	0.000493858	0.000478518	0.000371003	0.000326125	0.000289675	0.000259511	0.00023419	0.000212682	0.000194224	0.000178244	0.000164298	0.000152043	
1.5	0.396135	0.00423131	0.0024217	0.00162223	0.0014813	0.000924348	0.000739077	0.000608425	0.00051198	0.000497083	0.000382885	0.000335771	0.000297553	0.000265969	0.000239492	0.000217032	0.000197786	0.000181147	0.000166648	0.000153925	
1.75	0.384045	0.00441	0.00251913	0.00168327	0.00153975	0.000954493	0.000761355	0.000625367	0.000525152	0.000510805	0.000391415	0.000342696	0.00030325	0.000270706	0.000243468	0.000220399	0.000200658	0.000183614	0.00016878	0.000155779	
2	0.37274	0.00456247	0.00259964	0.00173224	0.00158785	0.000977337	0.000777668	0.000637305	0.000534024	0.000520398	0.00039654	0.000346516	0.000306071	0.000272747	0.000244891	0.000221327	0.000201187	0.000183819	0.000168722	0.000155505	
2.25	0.362097	0.00469221	0.00266571	0.001771	0.00162707	0.000994121	0.000789097	0.000645235	0.000539571	0.000526707	0.000399346	0.000348417	0.000307318	0.000273514	0.000245305	0.000221479	0.000201146	0.000183636	0.000168436	0.000155147	
2.5	0.352026	0.00480195	0.00271925	0.00180099	0.00165857	0.00100577	0.000796415	0.000649792	0.000542292	0.000530222	0.000400031	0.000348437	0.000306866	0.00027272	0.000244262	0.000220254	0.000199789	0.000182185	0.000166919	0.000153585	
2.75	0.34246	0.00489383	0.00276172	0.00182329	0.00168321	0.00101299	0.000800221	0.00065151	0.00054269	0.000531391	0.000399124	0.000347152	0.000305351	0.000271074	0.000242549	0.000218521	0.000198067	0.000180496	0.000165277	0.000152	
3	0.333344	0.00496951	0.00279424	0.00183872	0.00170164	0.00101627	0.000800893	0.00065066	0.000540931	0.000530398	0.000396578	0.000344408	0.000302515	0.000268211	0.000239701	0.000215715	0.00019532	0.000177818	0.000162674	0.000149475	
3.25	0.324636	0.00503009	0.0028176	0.00184782	0.00171428	0.00101599	0.000798821	0.000647672	0.000537498	0.000527643	0.000392992	0.000340863	0.000299072	0.000264902	0.000236545	0.000212717	0.000192482	0.000175138	0.000160147	0.000147095	
3.5	0.316297	0.00507577	0.00283215	0.00185084	0.00172133	0.00101192	0.000793548	0.000641903	0.000531594	0.000522453	0.00038734	0.000335414	0.000293856	0.000259929	0.000231813	0.000208219	0.000188207	0.000171072	0.000156278	0.00014341	
3.75	0.308293	0.0051048	0.00283697	0.00184771	0.0017223	0.00100504	0.000786375	0.000634847	0.000524839	0.000516238	0.00038138	0.00032984	0.000288655	0.00025508	0.000227292	0.000204002	0.000184271	0.000167396	0.000152841	0.000140193	
4	0.300593	0.0051099	0.00282388	0.00183009	0.00171046	0.000987312	0.000769628	0.000619195	0.000510263	0.000502447	0.000368667	0.000317975	0.00027755	0.000244657	0.000217482	0.000194745	0.000175513	0.000159089	0.000144944	0.00013267	
4.25	0.286673	0.00503274	0.00274489	0.00175832	0.00165477	0.000930386	0.00071882	0.000573581	0.000469067	0.000463576	0.000334319	0.000286495	0.000248553	0.000217835	0.000192577	0.000171541	0.000153826	0.000138763	0.000125843	0.000114676	
4.5	0.273771	0.00498247	0.00269269	0.0017118	0.00161938	0.000895871	0.000688915	0.000547566	0.000446318	0.00044178	0.000316603	0.000270778	0.000234545	0.000205299	0.000181317	0.000161393	0.000144652	0.000130445	0.000118282	0.000107787	
4.75	0.261744	0.00492901	0.0026391	0.00166475	0.00158307	0.000861504	0.00065931	0.000521911	0.000423934	0.000420242	0.000299145	0.000255267	0.000220681	0.000192841	0.000170068	0.000151191	0.000135361	0.000121952	0.00011049	0.000100615	
5	0.250488	0.00487079	0.00258616	0.00162082	0.00154821	0.0008319	0.000634608	0.000501118	0.000406278	0.000403026	0.000286055	0.00024391	0.000210763	0.000184128	0.000162373	0.000144362	0.000129273	0.000116502	0.000105593	9.61986e-05	
5.25	0.239922	0.00480761	0.00253238	0.00157731	0.00151312	0.000803007	0.000610539	0.000480841	0.000389014	0.000386199	0.00027311	0.000232606	0.000200812	0.000175307	0.000154505	0.000137303	0.000122906	0.000110731	0.000100339	9.13939e-05	
5.5	0.229978	0.00473972	0.00247774	0.00153448	0.00147788	0.000775934	0.000588487	0.00046265	0.000373831	0.000371254	0.000262135	0.000223187	0.000192659	0.000168195	0.000148259	0.000131783	0.000117999	0.000106346	9.64001e-05	8.784e-05	
5.75	0.2206	0.00466755	0.00242227	0.00149204	0.00144238	0.000749678	0.000567191	0.000445098	0.000359155	0.000356821	0.000251417	0.000213928	0.00018458	0.000161086	0.000141954	0.000126152	0.000112939	0.000101772	9.22436e-05	8.40446e-05	
6	0.211738	0.00459158	0.0023661	0.00145003	0.00140668	0.000724439	0.000546994	0.000428659	0.000345574	0.000343384	0.000241719	0.000205642	0.000177428	0.000154856	0.000136485	0.000121317	0.000108635	9.79183e-05	8.87738e-05	8.09045e-05	
6.25	0.20335	0.00451231	0.0023094	0.00140842	0.00137083	0.000699959	0.000527526	0.000412868	0.000332545	0.000330485	0.000232377	0.000197632	0.000170479	0.000148769	0.000131106	0.000116526	0.000104339	9.40406e-05	8.5254e-05	7.7693e-05	
6.5	0.195398	0.00443016	0.00225231	0.00136724	0.00133487	0.000676177	0.000508747	0.000397725	0.000320113	0.000318142	0.000223542	0.000190091	0.00016397	0.000143094	0.000126116	0.000112104	0.000100393	9.04977e-05	8.20548e-05	7.47891e-05	
6.75	0.187849	0.00434547	0.00219492	0.00132647	0.00129884	0.000653089	0.000490659	0.000383228	0.000308265	0.00030635	0.00021516	0.000182943	0.000157796	0.000137706	0.000121368	0.000107886	9.66185e-05	8.70974e-05	7.89736e-05	7.1982e-05	
7	0.180673	0.0042585	0.00213727	0.00128603	0.00126271	0.000630363	0.000472871	0.000368959	0.000296583	0.000294721	0.000206853	0.000175845	0.000151656	0.000132339	0.000116635	0.000103679	9.28529e-05	8.37057e-05	7.59013e-05	6.91849e-05	
7.25	0.173843	0.00416934	0.00207934	0.00124599	0.00122648	0.000608374	0.000455845	0.000355433	0.000285604	0.000283736	0.000199153	0.000169304	0.000146025	0.000127438	0.000112329	9.9864e-05	8.94471e-05	8.06455e-05	7.31354e-05	6.66718e-05	
7.5	0.167335	0.00407789	0.00202064	0.00120549	0.00118959	0.000585829	0.00043824	0.000341305	0.000274012	0.000272169	0.000190834	0.000162159	0.000139811	0.000121975	0.000107483	9.55316e-05	8.55469e-05	7.71129e-05	6.99182e-05	6.37275e-05	
7.75	0.161123	0.00398356	0.00196184	0.0011658	0.00115285	0.000564459	0.000421797	0.000328291	0.000263471	0.000261559	0.000183448	0.000155889	0.000134416	0.000117284	0.000103364	9.18861e-05	8.22975e-05	7.41983e-05	6.72895e-05	6.13449e-05	
8	0.15518	0.00387712	0.00189424	0.00111901	0.00110941	0.000537503	0.000400367	0.000310737	0.000248747	0.000246906	0.000172375	0.000146164	0.000125766	0.000109511	9.63209e-05	8.54558e-05	7.63896e-05	6.87401e-05	6.22218e-05	5.66192e-05	
8.25	0.145772	0.00365487	0.0017536	0.00102091	0.00101922	0.000479606	0.000353859	0.000272292	0.000216253	0.000215174	0.000147716	0.000124433	0.000106398	9.20922e-05	8.05345e-05	7.10553e-05	6.31789e-05	5.65605e-05	5.09433e-05	4.61339e-05	
8.5	0.137088	0.00347023	0.00164377	0.000948703	0.000951195	0.000441665	0.000325004	0.000249691	0.000198143	0.000197006	0.000135337	0.000114077	9.76354e-05	8.46098e-05	7.40975e-05	6.54831e-05	5.833e-05	5.23223e-05	4.72251e-05	4.28617e-05	
8.75	0.129033	0.0032971	0.0015423	0.000882703	0.000888511	0.000407289	0.000298877	0.00022918	0.000181621	0.000180479	0.000123827	0.000104324	8.92529e-05	7.7321e-05	6.76959e-05	5.98107e-05	5.3264e-05	4.7766e-05	4.31008e-05	3.91067e-05	
9	0.121546	0.00313629	0.00145163	0.000825771	0.000833514	0.000379429	0.000278298	0.000213455	0.000169279	0.000168012	0.000115646	9.75576e-05	8.35767e-05	7.25037e-05	6.35667e-05	5.62409e-05	5.01546e-05	4.50396e-05	4.06962e-05	3.69747e-05	
9.25	0.114574	0.00298484	0.0013677	0.000773498	0.000782778	0.000353787	0.000259239	0.000198754	0.000157602	0.000156306	0.000107665	9.08361e-05	7.78254e-05	6.75171e-05	5.91939e-05	5.23682e-05	4.66947e-05	4.19244e-05	3.78718e-05	3.4398e-05	
9.5	0.108072	0.00284178	0.00129033	0.00072637	0.000736509	0.00033155	0.000243003	0.000186436	0.00014797	0.000146606	0.000101278	8.55359e-05	7.33573e-05	6.37015e-05	5.58997e-05	4.94974e-05	4.41724e-05	3.96924e-05	3.58843e-05	3.26184e-05	
9.75	0.102	0.00270619	0.00121829	0.000682882	0.000693627	0.000310968	0.000227864	0.000174833	0.000138783	0.000137425	9.50065e-05	8.02477e-05	6.88236e-05	5.97618e-05	5.24367e-05	4.6423e-05	4.14194e-05	3.72083e-05	3.36278e-05	3.05562e-05	
10	0.0963225	0.00257743	0.00115112	0.000642895	0.000653907	0.000292451	0.000214385	0.000164603	0.000130763	0.000129389	8.96433e-05	7.57721e-05	6.50283e-05	5.65013e-05	4.96051e-05	4.39409e-05	3.92263e-05	3.5257e-05	3.18811e-05	2.89842e-05	
10.25	0.0910085	0.00245496	0.00108823	0.000605789	0.00061689	0.000275268	0.000201812	0.000154986	0.000123152	0.000121807	8.44399e-05	7.1377e-05	6.12544e-05	5.32172e-05	4.67148e-05	4.13725e-05	3.69248e-05	3.31795e-05	2.99934e-05	2.72591e-05	
10.5	0.0860294	0.00233833	0.00102922	0.000571277	0.000582302	0.000259428	0.000190269	0.000146197	0.000116231	0.000114902	7.97687e-05	6.74598e-05	5.79176e-05	5.03385e-05	4.42049e-05	3.91644e-05	3.4967e-05	3.14319e-05	2.84242e-05	2.58428e-05	
10.75	0.0813594	0.00222713	0.000973734	0.000539104	0.000549918	0.000244729	0.000179543	0.000138002	0.000109745	0.000108453	7.53354e-05	6.37146e-05	5.47018e-05	4.75408e-05	4.1744e-05	3.6979e-05	3.30104e-05	2.96673e-05	2.68226e-05	2.43807e-05	
11	0.0769756	0.00212096	0.000921347	0.000508843	0.00051939	0.000230857	0.000169401	0.000130244	0.000103606	0.000102346	7.11547e-05	6.01943e-05	5.1692e-05	4.49355e-05	3.94654e-05	3.49687e-05	3.12231e-05	2.80678e-05	2.53829e-05	2.3078e-05	
11.25	0.0728567	0.00201946	0.000871958	0.000480595	0.000490738	0.000218058	0.000160076	0.000123125	9.79782e-05	9.67471e-05	6.73181e-05	5.69586e-05	4.89193e-05	4.25287e-05	3.73535e-05	3.30982e-05	2.95529e-05	2.65658e-05	2.40234e-05	2.18406e-05	
11.5	0.0689833	0.00192191	0.000824623	0.000453383	0.000463168	0.000205467	0.000150808	0.000115985	9.2288e-05	9.10922e-05	6.33944e-05	5.36367e-05	4.60648e-05	4.00463e-05	3.5173e-05	3.11663e-05	2.78287e-05	2.50168e-05	2.26239e-05	2.05696e-05	
11.75	0.0653371	0.00182864	0.000780178	0.000428188	0.000437445	0.000194066	0.000142501	0.000109645	8.72814e-05	8.60923e-05	5.9998e-05	5.07828e-05	4.36299e-05	3.79432e-05	3.33376e-05	2.95503e-05	2.63949e-05	2.37361e-05	2.1473e-05	1.95298e-05	
12	0.0618957	0.0017338	0.000733777	0.000400938	0.000409912	0.000180688	0.000132372	0.000101626	8.07238e-05	7.95863e-05	5.52525e-05	4.66758e-05	4.00256e-05	3.47446e-05	3.04726e-05	2.69637e-05	2.40436e-05	2.15858e-05	1.94963e-05	1.77041e-05	
12.25	0.0569156	0.0015734	0.000652194	0.00035102	0.000360879	0.000154509	0.000112049	8.52098e-05	6.70806e-05	6.63168e-05	4.5154e-05	3.78547e-05	3.22256e-05	2.77794e-05	2.42018e-05	2.12786e-05	1.88581e-05	1.68308e-05	1.51156e-05	1.36512e-05	
12.5	0.0523919	0.00144002	0.000589235	0.000315205	0.000324517	0.000138198	0.000100224	7.62825e-05	6.01451e-05	5.93575e-05	4.0669e-05	3.41973e-05	2.92091e-05	2.52698e-05	2.21e-05	1.95089e-05	1.73622e-05	1.55627e-05	1.40385e-05	1.27357e-05	
12.75	0.048264	0.00131932	0.000533323	0.000283712	0.000292371	0.000123858	8.9757e-05	6.8289e-05	5.38311e-05	5.30771e-05	3.63808e-05	3.05872e-05	2.6119e-05	2.25881e-05	1.97446e-05	1.74184e-05	1.54895e-05	1.38711e-05	1.2499e-05	1.13252e-05	
13	0.0444928	0.00121182	0.000485499	0.0002577	0.000265426	0.000112698	8.18296e-05	6.23908e-05	4.92907e-05	4.85276e-05	3.34554e-05	2.81902e-05	2.41243e-05	2.09072e-05	1.83132e-05	1.61885e-05	1.44246e-05	1.29431e-05	1.16858e-05	1.06091e-05	
13.25	0.0410427	0.00111425	0.000442671	0.000234429	0.000241345	0.000102517	7.44797e-05	5.68136e-05	4.48983e-05	4.41766e-05	3.04703e-05	2.56691e-05	2.19576e-05	1.90182e-05	1.66463e-05	1.47022e-05	1.30873e-05	1.17303e-05	1.05782e-05	9.59128e-06	
13.5	0.037883	0.00102586	0.000404879	0.000214317	0.000220371	9.4007e-05	6.84263e-05	5.2288e-05	4.13888e-05	4.06874e-05	2.81678e-05	2.37618e-05	2.03528e-05	1.7651e-05	1.54694e-05	1.36803e-05	1.21934e-05	1.09436e-05	9.88211e-06	8.97255e-06	
13.75	0.034986	0.000945311	0.000370838	0.000196171	0.000201507	8.61437e-05	6.27401e-05	4.79583e-05	3.79647e-05	3.73132e-05	2.58234e-05	2.17744e-05	1.86394e-05	1.61536e-05	1.41455e-05	1.24982e-05	1.11289e-05	9.97753e-06	8.99961e-06	8.16156e-06	
14	0.0323276	0.000871811	0.00034031	0.000180084	0.000184725	7.93076e-05	5.7846e-05	4.42728e-05	3.50857e-05	3.44658e-05	2.39106e-05	2.01804e-05	1.7291e-05	1.49992e-05	1.31475e-05	1.16282e-05	1.03651e-05	9.30308e-06	8.40095e-06	7.62781e-06	
14.25	0.0298859	0.000804567	0.000312671	0.000165496	0.000169554	7.29827e-05	5.32563e-05	4.07658e-05	3.23037e-05	3.17323e-05	2.1999e-05	1.85577e-05	1.58911e-05	1.37752e-05	1.20653e-05	1.0662e-05	9.49518e-06	8.51389e-06	7.68025e-06	6.96571e-06	
14.5	0.0276414	0.000742944	0.000287626	0.000152339	0.000155865	6.73336e-05	4.9185e-05	3.76815e-05	2.9882e-05	2.93437e-05	2.03775e-05	1.7202e-05	1.4741e-05	1.27881e-05	1.12099e-05	9.91475e-06	8.8379e-06	7.93233e-06	7.16308e-06	6.5038e-06	
14.75	0.0255766	0.000686388	0.000264857	0.000140378	0.000143445	6.21341e-05	4.54034e-05	3.47874e-05	2.75842e-05	2.70882e-05	1.87988e-05	1.58624e-05	1.3586e-05	1.1779e-05	1.03183e-05	9.11935e-06	8.12224e-06	7.28354e-06	6.57094e-06	5.96009e-06	
15	0.0236758	0.000634354	0.000244031	0.000129423	0.00013209	5.73719e-05	4.1951e-05	3.21595e-05	2.55127e-05	2.50475e-05	1.74036e-05	1.4693e-05	1.25916e-05	1.09237e-05	9.57557e-06	8.46917e-06	7.54918e-06	6.77549e-06	6.11824e-06	5.55494e-06	
15.25	0.0219247	0.000586491	0.000225064	0.000119477	0.000121782	5.3041e-05	3.88005e-05	2.97502e-05	2.36025e-05	2.31711e-05	1.60965e-05	1.35862e-05	1.16393e-05	1.00936e-05	8.84366e-06	7.81751e-06	6.96393e-06	6.24583e-06	5.6356e-06	5.11241e-06	
15.5	0.0203102	0.000542111	0.000207433	0.000110146	0.000112151	4.89168e-05	3.57903e-05	2.74461e-05	2.17777e-05	2.13732e-05	1.48574e-05	1.2544e-05	1.07502e-05	9.32622e-06	8.17512e-06	7.23033e-06	6.44466e-06	5.78388e-06	5.22252e-06	4.74137e-06	
15.75	0.018821	0.00050133	0.000191444	0.000101754	0.000103462	4.52607e-05	3.31368e-05	2.54244e-05	2.01824e-05	1.97993e-05	1.37779e-05	1.16357e-05	9.97387e-06	8.65404e-06	7.58656e-06	6.70993e-06	5.98054e-06	5.36675e-06	4.84501e-06	4.39756e-06	
16	0.0174437	0.000461908	0.000175464	9.30304e-05	9.45475e-05	4.11779e-05	3.0084e-05	2.30354e-05	1.82514e-05	1.78937e-05	1.24154e-05	1.04698e-05	8.96227e-06	7.76668e-06	6.80102e-06	6.00912e-06	5.35113e-06	4.79819e-06	4.32881e-06	3.92682e-06	
16.25	0.0155912	0.000402263	0.000149669	7.81249e-05	7.98247e-05	3.36484e-05	2.42915e-05	1.83939e-05	1.44223e-05	1.41857e-05	9.62301e-06	8.04397e-06	6.82825e-06	5.87004e-06	5.10071e-06	4.47344e-06	3.95512e-06	3.52183e-06	3.15591e-06	2.84405e-06	
16.5	0.01395	0.000354083	0.000130543	6.79508e-05	6.93962e-05	2.92793e-05	2.11914e-05	1.61043e-05	1.26833e-05	1.24389e-05	8.55301e-06	7.1935e-06	6.14585e-06	5.31902e-06	4.65406e-06	4.11081e-06	3.66091e-06	3.28388e-06	2.96461e-06	2.69173e-06	
16.75	0.0124898	0.000312117	0.00011415	5.92788e-05	6.04867e-05	2.55056e-05	1.84636e-05	1.40332e-05	1.10515e-05	1.08301e-05	7.44274e-06	6.25323e-06	5.33472e-06	4.60841e-06	4.02318e-06	3.54422e-06	3.14689e-06	2.8134e-06	2.53062e-06	2.28863e-06	
17	0.01119	0.000276244	0.000100676	5.237e-05	5.33097e-05	2.26544e-05	1.64526e-05	1.25445e-05	9.90982e-06	9.69681e-06	6.7135e-06	5.65742e-06	4.84088e-06	4.1945e-06	3.67324e-06	3.24634e-06	2.89204e-06	2.59457e-06	2.34228e-06	2.12638e-06	
17.25	0.0100314	0.000244813	8.89312e-05	4.63031e-05	4.70421e-05	2.00645e-05	1.45804e-05	1.11178e-05	8.77923e-06	8.5902e-06	5.93463e-06	4.99348e-06	4.26495e-06	3.68768e-06	3.22178e-06	2.83995e-06	2.52286e-06	2.25648e-06	2.03045e-06	1.83691e-06	
17.5	0.00899788	0.000217466	7.89383e-05	4.12152e-05	4.17693e-05	1.79443e-05	1.30679e-05	9.98388e-06	7.89831e-06	7.72265e-06	5.35899e-06	4.51815e-06	3.8672e-06	3.35144e-06	2.93525e-06	2.59425e-06	2.31117e-06	2.07346e-06	1.87183e-06	1.69928e-06	
17.75	0.00807503	0.000193404	7.0157e-05	3.67004e-05	3.71216e-05	1.60064e-05	1.16593e-05	8.9053e-06	7.04028e-06	6.88544e-06	4.76547e-06	4.01154e-06	3.42741e-06	2.96427e-06	2.59028e-06	2.28366e-06	2.02894e-06	1.8149e-06	1.63322e-06	1.47764e-06	
18	0.00725036	0.000172252	6.25202e-05	3.27919e-05	3.31001e-05	1.43476e-05	1.04645e-05	8.00211e-06	6.33382e-06	6.19173e-06	4.29918e-06	3.62495e-06	3.10282e-06	2.68905e-06	2.35513e-06	2.08155e-06	1.85443e-06	1.66373e-06	1.502e-06	1.3636e-06	
18.25	0.00651288	0.000153572	5.57921e-05	2.93296e-05	2.9553e-05	1.28539e-05	9.37654e-06	7.16822e-06	5.67039e-06	5.54479e-06	3.84092e-06	3.23407e-06	2.7637e-06	2.39062e-06	2.08928e-06	1.84216e-06	1.63681e-06	1.46422e-06	1.3177e-06	1.19219e-06	
18.5	0.00585287	0.000137011	4.98233e-05	2.6243e-05	2.6402e-05	1.15201e-05	8.40887e-06	6.43249e-06	5.09214e-06	4.97774e-06	3.45626e-06	2.91407e-06	2.49417e-06	2.16142e-06	1.89291e-06	1.67294e-06	1.49035e-06	1.33707e-06	1.20708e-06	1.09587e-06	
18.75	0.0052618	0.000122354	4.45866e-05	2.35474e-05	2.36479e-05	1.03604e-05	7.56619e-06	5.78861e-06	4.58158e-06	4.47946e-06	3.10581e-06	2.61593e-06	2.23607e-06	1.93468e-06	1.69117e-06	1.49141e-06	1.32537e-06	1.18578e-06	1.06724e-06	9.65663e-07	
19	0.00473205	0.000109188	3.98034e-05	2.10393e-05	2.11056e-05	9.25596e-06	6.75939e-06	5.17146e-06	4.09378e-06	4.00158e-06	2.77772e-06	2.34152e-06	2.0037e-06	1.73601e-06	1.52002e-06	1.34311e-06	1.19629e-06	1.07307e-06	9.68602e-07	8.79248e-07	
19.25	0.00425697	9.75711e-05	3.56794e-05	1.89247e-05	1.89419e-05	8.36164e-06	6.11622e-06	4.68526e-06	3.71232e-06	3.62786e-06	2.52093e-06	2.12494e-06	1.81763e-06	1.57364e-06	1.37637e-06	1.21445e-06	1.07979e-06	9.66508e-07	8.70261e-07	7.87751e-07	
19.5	0.00383024	8.67473e-05	3.16423e-05	1.67573e-05	1.67608e-05	7.37764e-06	5.38927e-06	4.12348e-06	3.26391e-06	3.18855e-06	2.21322e-06	1.865e-06	1.59522e-06	1.38141e-06	1.20888e-06	1.06755e-06	9.50279e-07	8.51862e-07	7.68444e-07	6.97113e-07	
19.75	0.00344723	7.73854e-05	2.83282e-05	1.50767e-05	1.5024e-05	6.70113e-06	4.91882e-06	3.78106e-06	3.0061e-06	2.93056e-06	2.05438e-06	1.73719e-06	1.49051e-06	1.29421e-06	1.13517e-06	1.00433e-06	8.95286e-07	8.03363e-07	7.25094e-07	6.57855e-07	
20	0.00309931	6.68176e-05	2.38747e-05	1.2462e-05	1.24587e-05	5.36101e-06	3.88415e-06	2.9506e-06	2.32077e-06	2.2573e-06	1.55574e-06	1.30515e-06	1.11177e-06	9.59117e-07	8.3641e-07	7.3627e-07	6.53466e-07	5.84211e-07	5.25703e-07	4.75831e-07	
