Numero de iteracoes: 24
Erro: 9.44707e-07
Tempo de Resolucao do Problema: 6449.18 segundos
/////////////////////////////////////////////
Posicao	Fluxo Escalar
	Grupo de Energia 1	Grupo de Energia 2	Grupo de Energia 3	Grupo de Energia 4	Grupo de Energia 5	Grupo de Energia 6	Grupo de Energia 7	Grupo de Energia 8	Grupo de Energia 9	Grupo de Energia 10	Grupo de Energia 11	Grupo de Energia 12	Grupo de Energia 13	Grupo de Energia 14	Grupo de Energia 15	Grupo de Energia 16	Grupo de Energia 17	Grupo de Energia 18	Grupo de Energia 19
0	0.507947	0.0159361	0.0118712	0.0119475	0.012231	0.0128525	0.0091786	0.0099924	0.0112716	0.0133532	0.0169295	0.0231658	0.00917077	0.00819085	0.00576006	0.0016388	0.000414807	2.84237e-05	4.18369e-06	
0.0285714	0.476822	0.017358	0.0129497	0.0130517	0.0133834	0.0140912	0.0100838	0.0110004	0.0124412	0.0147905	0.0188461	0.0259903	0.0103174	0.00934175	0.0067505	0.00201064	0.000551164	4.20499e-05	6.96224e-06	
0.0571429	0.453733	0.0182107	0.0136007	0.0137229	0.0140898	0.0148577	0.0106484	0.011633	0.0131792	0.0157012	0.0200633	0.0277902	0.0111554	0.0101848	0.00747345	0.00228089	0.000646936	5.13909e-05	8.76863e-06	
0.0857143	0.434505	0.0188008	0.0140581	0.0142015	0.0146014	0.0154222	0.01107	0.0121107	0.0137423	0.0164029	0.0210096	0.0292028	0.0118731	0.0109113	0.0080975	0.00251479	0.000728557	5.9251e-05	1.02492e-05	
0.114286	0.417554	0.0192392	0.0144035	0.014568	0.0149992	0.0158676	0.0114066	0.0124954	0.0141996	0.0169766	0.0217874	0.0303703	0.0125091	0.0115583	0.00865472	0.00272469	0.000801008	6.61557e-05	1.15261e-05	
0.142857	0.40219	0.0195734	0.014671	0.0148561	0.0153163	0.0162279	0.0116819	0.0128126	0.0145793	0.017456	0.0224404	0.0313551	0.0130809	0.012143	0.00916017	0.00291616	0.000866528	7.23452e-05	1.26554e-05	
0.171429	0.388057	0.0198284	0.014879	0.0150837	0.0155709	0.0165215	0.0119088	0.0130765	0.0148977	0.0178605	0.0229943	0.0321953	0.0135991	0.0126758	0.00962262	0.00309236	0.000926394	7.79586e-05	1.36694e-05	
0.2	0.374937	0.0200199	0.0150391	0.0152624	0.0157747	0.0167609	0.0120964	0.0132967	0.0151657	0.0182036	0.0234669	0.0329164	0.0140709	0.0131638	0.0100478	0.00325536	0.000981435	8.30871e-05	1.45889e-05	
0.228571	0.362676	0.0201592	0.0151595	0.0154006	0.0159364	0.0169551	0.012251	0.0134804	0.0153915	0.018495	0.023871	0.0335369	0.0145016	0.013612	0.01044	0.00340659	0.00103224	8.77955e-05	1.54283e-05	
0.257143	0.35116	0.0202548	0.0152467	0.0155047	0.0160623	0.0171108	0.0123774	0.0136328	0.0155811	0.018742	0.0242161	0.0340709	0.0148955	0.0140242	0.0108023	0.00354717	0.00107924	9.21324e-05	1.61983e-05	
0.285714	0.340301	0.0203133	0.0153056	0.0155796	0.0161576	0.0172334	0.0124797	0.0137581	0.0157392	0.0189505	0.02451	0.0345294	0.0152558	0.0144036	0.0111373	0.00367795	0.0011228	9.61358e-05	1.69068e-05	
0.314286	0.330025	0.02034	0.0153402	0.0156294	0.0162264	0.0173273	0.0125607	0.0138598	0.0158698	0.0191251	0.0247586	0.0349211	0.0155852	0.0147528	0.011447	0.00379965	0.00116319	9.98364e-05	1.75602e-05	
0.342857	0.320273	0.0203393	0.0153537	0.0156573	0.0162721	0.017396	0.0126232	0.0139405	0.0159761	0.0192696	0.0249669	0.0352533	0.0158861	0.0150739	0.0117332	0.00391287	0.00120064	0.00010326	1.81635e-05	
0.371429	0.310995	0.0203148	0.0153488	0.0156661	0.0162974	0.0174424	0.0126691	0.0140027	0.0160605	0.0193871	0.0251393	0.0355321	0.0161606	0.015369	0.0119976	0.00401814	0.00123537	0.000106427	1.8721e-05	
0.4	0.302148	0.0202695	0.0153277	0.0156581	0.0163048	0.017469	0.0127003	0.0140482	0.0161254	0.0194805	0.0252792	0.0357627	0.0164104	0.0156396	0.0122413	0.00411592	0.00126755	0.000109357	1.92361e-05	
0.428571	0.293698	0.020206	0.0152925	0.0156351	0.0162961	0.0174779	0.0127183	0.0140788	0.0161728	0.019552	0.0253897	0.0359496	0.0166372	0.0158873	0.0124658	0.00420661	0.00129733	0.000112066	1.97119e-05	
0.457143	0.285612	0.0201264	0.0152447	0.0155989	0.0162732	0.017471	0.0127244	0.0140959	0.0162042	0.0196036	0.0254735	0.0360967	0.0168424	0.0161134	0.012672	0.0042906	0.00132486	0.000114567	2.0151e-05	
0.485714	0.277864	0.0200327	0.0151858	0.0155508	0.0162376	0.0174498	0.0127197	0.0141007	0.0162211	0.0196372	0.025533	0.0362075	0.0170272	0.0163192	0.012861	0.00436823	0.00135026	0.000116874	2.05558e-05	
0.514286	0.270429	0.0199265	0.015117	0.0154923	0.0161904	0.0174157	0.0127054	0.0140945	0.0162249	0.0196543	0.0255702	0.0362849	0.017193	0.0165059	0.0130336	0.00443982	0.00137365	0.000118997	2.09283e-05	
0.542857	0.263287	0.0198092	0.0150394	0.0154243	0.016133	0.0173701	0.0126822	0.0140781	0.0162166	0.0196563	0.025587	0.0363318	0.0173408	0.0166744	0.0131908	0.00450566	0.00139514	0.000120948	2.12704e-05	
0.571429	0.256418	0.0196821	0.0149539	0.0153479	0.0160663	0.0173139	0.012651	0.0140525	0.0161973	0.0196445	0.0255851	0.0363505	0.0174717	0.0168257	0.0133334	0.00456603	0.00141482	0.000122736	2.15838e-05	
0.6	0.249806	0.0195463	0.0148615	0.0152639	0.0159912	0.0172482	0.0126125	0.0140185	0.0161679	0.01962	0.0255659	0.0363434	0.0175865	0.0169608	0.013462	0.00462118	0.00143279	0.00012437	2.187e-05	
0.628571	0.243434	0.0194028	0.0147628	0.0151732	0.0159085	0.0171738	0.0125673	0.0139768	0.0161293	0.0195838	0.0255308	0.0363123	0.0176861	0.0170805	0.0135774	0.00467137	0.00144914	0.000125857	2.21305e-05	
0.657143	0.23729	0.0192526	0.0146586	0.0150763	0.0158191	0.0170916	0.0125161	0.0139281	0.0160823	0.0195369	0.025481	0.036259	0.0177715	0.0171855	0.0136803	0.00471683	0.00146394	0.000127205	2.23666e-05	
0.685714	0.231361	0.0190962	0.0145494	0.014974	0.0157235	0.0170022	0.0124593	0.0138728	0.0160273	0.01948	0.0254178	0.0361854	0.0178433	0.0172767	0.0137712	0.00475777	0.00147727	0.000128422	2.25796e-05	
0.714286	0.225635	0.0189346	0.0144358	0.0148668	0.0156223	0.0169063	0.0123974	0.0138117	0.0159653	0.019414	0.025342	0.0360928	0.0179023	0.0173547	0.0138507	0.00479441	0.00148921	0.000129513	2.27706e-05	
0.742857	0.220101	0.0187683	0.0143183	0.0147552	0.0155161	0.0168045	0.0123309	0.0137451	0.0158966	0.0193396	0.0252547	0.0359828	0.0179491	0.0174203	0.0139194	0.00482694	0.00149981	0.000130486	2.29408e-05	
0.771429	0.21475	0.018598	0.0141973	0.0146397	0.0154054	0.0166973	0.0122602	0.0136735	0.0158218	0.0192574	0.0251567	0.0358565	0.0179845	0.0174739	0.0139779	0.00485556	0.00150915	0.000131345	2.30911e-05	
0.8	0.209573	0.018424	0.0140732	0.0145207	0.0152907	0.0165853	0.0121857	0.0135974	0.0157415	0.019168	0.0250488	0.0357152	0.0180089	0.0175162	0.0140266	0.00488044	0.00151729	0.000132097	2.32225e-05	
0.828571	0.204561	0.018247	0.0139465	0.0143986	0.0151722	0.0164689	0.0121076	0.013517	0.0156559	0.019072	0.0249317	0.0355599	0.0180231	0.0175479	0.014066	0.00490176	0.00152428	0.000132747	2.33359e-05	
0.857143	0.199706	0.0180673	0.0138174	0.0142737	0.0150505	0.0163485	0.0120263	0.0134329	0.0155657	0.0189699	0.0248063	0.0353918	0.0180275	0.0175694	0.0140965	0.00491968	0.00153018	0.0001333	2.34323e-05	
0.885714	0.195002	0.0178854	0.0136863	0.0141464	0.0149259	0.0162245	0.011942	0.0133452	0.0154711	0.0188621	0.024673	0.0352118	0.0180226	0.0175812	0.0141186	0.00493436	0.00153503	0.000133759	2.35125e-05	
0.914286	0.190442	0.0177015	0.0135534	0.014017	0.0147987	0.0160972	0.0118551	0.0132543	0.0153725	0.0187491	0.0245325	0.0350207	0.018009	0.0175838	0.0141327	0.00494595	0.00153891	0.000134131	2.35771e-05	
0.942857	0.186019	0.017516	0.0134189	0.0138857	0.0146691	0.0159669	0.0117658	0.0131605	0.0152703	0.0186314	0.0243853	0.0348194	0.0179871	0.0175777	0.0141392	0.0049546	0.00154184	0.000134419	2.36271e-05	
0.971429	0.181728	0.0173293	0.0132832	0.0137528	0.0145375	0.0158341	0.0116743	0.013064	0.0151647	0.0185092	0.024232	0.0346086	0.0179573	0.0175634	0.0141385	0.00496045	0.00154387	0.000134627	2.36631e-05	
1	0.177563	0.0171415	0.0131464	0.0136184	0.0144041	0.0156989	0.0115809	0.012965	0.015056	0.018383	0.024073	0.0343891	0.0179201	0.0175412	0.0141308	0.00496363	0.00154505	0.00013476	2.36857e-05	
1.02857	0.173519	0.016953	0.0130088	0.0134829	0.0142691	0.0155616	0.0114856	0.0128639	0.0149445	0.0182531	0.0239089	0.0341616	0.0178759	0.0175115	0.0141167	0.00496426	0.00154543	0.00013482	2.36957e-05	
1.05714	0.169591	0.0167639	0.0128705	0.0133464	0.0141327	0.0154224	0.0113888	0.0127608	0.0148304	0.0181198	0.0237399	0.0339267	0.0178251	0.0174748	0.0140963	0.00496247	0.00154503	0.000134811	2.36937e-05	
1.08571	0.165774	0.0165744	0.0127316	0.0132091	0.0139952	0.0152817	0.0112905	0.0126558	0.014714	0.0179834	0.0235665	0.0336849	0.0177679	0.0174314	0.0140701	0.00495839	0.0015439	0.000134738	2.36802e-05	
1.11429	0.162065	0.0163849	0.0125923	0.0130712	0.0138567	0.0151394	0.011191	0.0125492	0.0145955	0.0178442	0.0233891	0.0334369	0.0177048	0.0173816	0.0140383	0.00495211	0.00154207	0.000134602	2.36559e-05	
1.14286	0.158458	0.0161953	0.0124529	0.0129328	0.0137174	0.014996	0.0110903	0.0124412	0.0144751	0.0177023	0.0232081	0.0331832	0.0176361	0.0173259	0.0140011	0.00494375	0.00153958	0.000134408	2.36212e-05	
1.17143	0.154951	0.0160059	0.0123133	0.012794	0.0135774	0.0148515	0.0109887	0.0123319	0.014353	0.0175581	0.0230237	0.0329242	0.0175621	0.0172645	0.013959	0.00493341	0.00153647	0.000134158	2.35768e-05	
1.2	0.151539	0.0158169	0.0121737	0.012655	0.0134369	0.0147061	0.0108862	0.0122214	0.0142293	0.0174118	0.0228362	0.0326604	0.0174832	0.0171976	0.0139121	0.0049212	0.00153276	0.000133855	2.3523e-05	
1.22857	0.148219	0.0156283	0.0120343	0.0125158	0.013296	0.01456	0.0107829	0.01211	0.0141043	0.0172636	0.022646	0.0323923	0.0173995	0.0171257	0.0138607	0.0049072	0.00152849	0.000133501	2.34604e-05	
1.25714	0.144988	0.0154403	0.0118951	0.0123767	0.0131549	0.0144133	0.010679	0.0119976	0.013978	0.0171137	0.0224533	0.0321203	0.0173114	0.017049	0.013805	0.00489152	0.00152368	0.0001331	2.33895e-05	
1.28571	0.141843	0.015253	0.0117562	0.0122377	0.0130136	0.0142661	0.0105746	0.0118845	0.0138507	0.0169623	0.0222584	0.0318447	0.0172191	0.0169678	0.0137453	0.00487423	0.00151836	0.000132653	2.33106e-05	
1.31429	0.13878	0.0150666	0.0116177	0.012099	0.0128723	0.0141187	0.0104698	0.0117707	0.0137224	0.0168095	0.0220615	0.0315659	0.0171229	0.0168823	0.0136819	0.00485543	0.00151257	0.000132164	2.32242e-05	
1.34286	0.135797	0.014881	0.0114797	0.0119605	0.0127311	0.013971	0.0103646	0.0116565	0.0135933	0.0166556	0.0218628	0.0312843	0.0170231	0.0167927	0.0136148	0.00483519	0.00150632	0.000131635	2.31308e-05	
1.37143	0.132891	0.0146964	0.0113423	0.0118223	0.0125901	0.0138232	0.0102592	0.0115417	0.0134636	0.0165006	0.0216626	0.0310002	0.0169198	0.0166994	0.0135443	0.00481359	0.00149964	0.000131067	2.30306e-05	
1.4	0.13006	0.0145128	0.0112055	0.0116847	0.0124492	0.0136753	0.0101537	0.0114267	0.0133333	0.0163448	0.021461	0.0307138	0.0168133	0.0166025	0.0134707	0.00479071	0.00149256	0.000130463	2.29241e-05	
1.42857	0.127301	0.0143304	0.0110693	0.0115475	0.0123087	0.0135276	0.010048	0.0113114	0.0132025	0.0161882	0.0212583	0.0304256	0.0167037	0.0165023	0.013394	0.00476662	0.00148509	0.000129825	2.28116e-05	
1.45714	0.124611	0.0141492	0.010934	0.0114109	0.0121686	0.0133801	0.00994232	0.0111959	0.0130714	0.016031	0.0210546	0.0301357	0.0165913	0.0163989	0.0133146	0.00474139	0.00147727	0.000129154	2.26935e-05	
1.48571	0.121989	0.0139693	0.0107993	0.011275	0.012029	0.0132328	0.00983667	0.0110803	0.01294	0.0158734	0.0208501	0.0298443	0.0164764	0.0162926	0.0132324	0.00471509	0.0014691	0.000128454	2.25701e-05	
1.51429	0.119432	0.0137906	0.0106656	0.0111398	0.0118899	0.0130859	0.00973113	0.0109647	0.0128085	0.0157153	0.0206449	0.0295519	0.0163589	0.0161835	0.0131479	0.00468777	0.00146062	0.000127725	2.24416e-05	
1.54286	0.116939	0.0136134	0.0105327	0.0110053	0.0117514	0.0129394	0.00962575	0.0108492	0.0126769	0.015557	0.0204392	0.0292585	0.0162392	0.0160719	0.013061	0.0046595	0.00145183	0.000126969	2.23085e-05	
1.57143	0.114506	0.0134375	0.0104007	0.0108716	0.0116136	0.0127934	0.00952058	0.0107337	0.0125452	0.0153985	0.0202332	0.0289644	0.0161174	0.0159579	0.0129719	0.00463033	0.00144277	0.000126188	2.21709e-05	
1.6	0.112133	0.0132631	0.0102697	0.0107387	0.0114764	0.0126479	0.00941568	0.0106185	0.0124136	0.01524	0.0200269	0.0286698	0.0159936	0.0158416	0.0128808	0.00460034	0.00143344	0.000125383	2.20293e-05	
1.62857	0.109818	0.0130902	0.0101397	0.0106067	0.01134	0.012503	0.00931109	0.0105034	0.0122822	0.0150815	0.0198206	0.0283748	0.0158681	0.0157233	0.0127878	0.00456955	0.00142386	0.000124556	2.18837e-05	
1.65714	0.107558	0.0129187	0.0100107	0.0104756	0.0112044	0.0123588	0.00920685	0.0103887	0.012151	0.0149231	0.0196142	0.0280798	0.0157409	0.0156031	0.0126931	0.00453804	0.00141406	0.000123709	2.17345e-05	
1.68571	0.105353	0.0127489	0.00988271	0.0103455	0.0110696	0.0122152	0.00910302	0.0102743	0.01202	0.0147649	0.019408	0.0277847	0.0156122	0.0154811	0.0125968	0.00450585	0.00140404	0.000122842	2.1582e-05	
1.71429	0.1032	0.0125805	0.00975581	0.0102163	0.0109356	0.0120724	0.00899961	0.0101602	0.0118893	0.014607	0.019202	0.0274899	0.0154821	0.0153575	0.0124989	0.00447302	0.00139382	0.000121957	2.14263e-05	
1.74286	0.101098	0.0124138	0.00963001	0.0100881	0.0108026	0.0119304	0.00889668	0.0100466	0.0117591	0.0144494	0.0189964	0.0271954	0.0153508	0.0152324	0.0123997	0.0044396	0.00138341	0.000121056	2.12677e-05	
1.77143	0.0990461	0.0122487	0.00950532	0.00996095	0.0106705	0.0117893	0.00879425	0.00993349	0.0116292	0.0142923	0.0187912	0.0269014	0.0152184	0.0151059	0.0122992	0.00440564	0.00137284	0.000120139	2.11064e-05	
1.8	0.0970418	0.0120853	0.00938175	0.00983483	0.0105393	0.011649	0.00869236	0.00982084	0.0114998	0.0141356	0.0185865	0.026608	0.015085	0.0149783	0.0121976	0.00437118	0.0013621	0.000119208	2.09426e-05	
1.82857	0.0950843	0.0119234	0.00925932	0.00970977	0.0104091	0.0115096	0.00859103	0.00970873	0.011371	0.0139794	0.0183823	0.0263154	0.0149506	0.0148495	0.0120949	0.00433625	0.00135122	0.000118264	2.07765e-05	
1.85714	0.0931721	0.0117632	0.00913805	0.0095858	0.01028	0.0113712	0.00849028	0.00959719	0.0112427	0.0138238	0.0181789	0.0260236	0.0148155	0.0147197	0.0119913	0.00430089	0.0013402	0.000117308	2.06083e-05	
1.88571	0.091304	0.0116047	0.00901795	0.00946292	0.0101518	0.0112337	0.00839016	0.00948625	0.011115	0.0136689	0.0179762	0.0257328	0.0146797	0.014589	0.0118868	0.00426515	0.00132907	0.00011634	2.04382e-05	
1.91429	0.0894788	0.0114479	0.00889903	0.00934116	0.0100247	0.0110972	0.00829067	0.00937593	0.010988	0.0135146	0.0177743	0.0254431	0.0145433	0.0144575	0.0117815	0.00422906	0.00131782	0.000115363	2.02663e-05	
1.94286	0.0876953	0.0112927	0.00878129	0.00922052	0.00989871	0.0109617	0.00819184	0.00926628	0.0108616	0.0133611	0.0175733	0.0251546	0.0144064	0.0143253	0.0116756	0.00419265	0.00130647	0.000114377	2.00928e-05	
1.97143	0.0859522	0.0111392	0.00866475	0.00910101	0.00977377	0.0108273	0.00809369	0.0091573	0.0107359	0.0132083	0.0173733	0.0248674	0.0142691	0.0141925	0.011569	0.00415595	0.00129503	0.000113382	1.99178e-05	
2	0.0842487	0.0109875	0.00854941	0.00898265	0.00964993	0.0106939	0.00799624	0.00904904	0.010611	0.0130564	0.0171742	0.0245815	0.0141314	0.0140592	0.0114619	0.00411899	0.00128351	0.00011238	1.97416e-05	
2.02857	0.0825834	0.0108374	0.00843527	0.00886545	0.00952719	0.0105616	0.0078995	0.00894149	0.0104869	0.0129053	0.0169762	0.0242971	0.0139936	0.0139255	0.0113544	0.0040818	0.00127192	0.000111371	1.95642e-05	
2.05714	0.0809555	0.0106889	0.00832234	0.0087494	0.00940558	0.0104304	0.00780349	0.00883469	0.0103635	0.0127551	0.0167793	0.0240142	0.0138555	0.0137915	0.0112465	0.00404442	0.00126027	0.000110357	1.93859e-05	
2.08571	0.0793639	0.0105422	0.00821062	0.00863453	0.00928509	0.0103003	0.00770823	0.00872866	0.0102409	0.0126058	0.0165835	0.0237329	0.0137173	0.0136571	0.0111383	0.00400687	0.00124856	0.000109337	1.92066e-05	
2.11429	0.0778077	0.0103972	0.00810011	0.00852082	0.00916575	0.0101713	0.00761372	0.00862341	0.0101192	0.0124575	0.016389	0.0234533	0.0135792	0.0135226	0.0110299	0.00396917	0.0012368	0.000108313	1.90266e-05	
2.14286	0.0762859	0.0102538	0.00799081	0.00840829	0.00904755	0.0100434	0.00751998	0.00851895	0.00999833	0.0123101	0.0161956	0.0231754	0.013441	0.013388	0.0109212	0.00393134	0.00122501	0.000107286	1.8846e-05	
2.17143	0.0747976	0.0101122	0.00788273	0.00829693	0.00893051	0.00991675	0.00742702	0.00841531	0.00987835	0.0121638	0.0160036	0.0228993	0.013303	0.0132534	0.0108125	0.00389343	0.00121319	0.000106256	1.86649e-05	
2.2	0.073342	0.00997217	0.00777585	0.00818676	0.00881462	0.00979121	0.00733485	0.00831249	0.00975925	0.0120185	0.0158128	0.022625	0.0131651	0.0131187	0.0107037	0.00385543	0.00120134	0.000105223	1.84833e-05	
2.22857	0.0719181	0.00983384	0.00767019	0.00807776	0.0086999	0.00966684	0.00724347	0.0082105	0.00964107	0.0118742	0.0156234	0.0223527	0.0130274	0.0129842	0.0105949	0.00381738	0.00118948	0.000104189	1.83015e-05	
2.25714	0.0705253	0.00969717	0.00756573	0.00796995	0.00858634	0.00954364	0.0071529	0.00810937	0.00952382	0.0117311	0.0154353	0.0220822	0.01289	0.0128498	0.0104861	0.0037793	0.0011776	0.000103153	1.81195e-05	
2.28571	0.0691627	0.00956216	0.00746248	0.00786331	0.00847395	0.00942162	0.00706315	0.00800909	0.0094075	0.011589	0.0152486	0.0218137	0.012753	0.0127155	0.0103775	0.0037412	0.00116572	0.000102117	1.79373e-05	
2.31429	0.0678295	0.00942879	0.00736042	0.00775785	0.00836274	0.00930079	0.00697421	0.00790967	0.00929214	0.011448	0.0150634	0.0215473	0.0126163	0.0125816	0.0102689	0.00370311	0.00115385	0.000101081	1.77552e-05	
2.34286	0.066525	0.00929705	0.00725956	0.00765357	0.00825269	0.00918114	0.00688609	0.00781113	0.00917774	0.0113082	0.0148796	0.0212829	0.01248	0.0124479	0.0101606	0.00366504	0.00114197	0.000100045	1.75731e-05	
2.37143	0.0652485	0.00916695	0.00715989	0.00755047	0.00814381	0.00906268	0.0067988	0.00771347	0.00906431	0.0111695	0.0146973	0.0210206	0.0123442	0.0123146	0.0100525	0.00362701	0.00113012	9.90103e-05	1.73912e-05	
2.4	0.0639992	0.00903846	0.00706141	0.00744853	0.0080361	0.00894542	0.00671234	0.0076167	0.00895187	0.0110319	0.0145164	0.0207605	0.0122089	0.0121816	0.00994468	0.00358903	0.00111827	9.79767e-05	1.72095e-05	
2.42857	0.0627765	0.00891157	0.0069641	0.00734775	0.00792956	0.00882935	0.00662672	0.00752082	0.00884042	0.0108955	0.0143371	0.0205024	0.0120741	0.0120492	0.00983715	0.00355113	0.00110645	9.69448e-05	1.70281e-05	
2.45714	0.0615798	0.00878628	0.00686796	0.00724814	0.00782418	0.00871448	0.00654194	0.00742583	0.00872996	0.0107603	0.0141592	0.0202466	0.01194	0.0119171	0.00972997	0.00351331	0.00109466	9.59151e-05	1.68472e-05	
2.48571	0.0604084	0.00866258	0.006773	0.00714969	0.00771997	0.00860081	0.00645799	0.00733175	0.00862051	0.0106263	0.0139829	0.019993	0.0118064	0.0117856	0.00962316	0.00347558	0.0010829	9.48878e-05	1.66666e-05	
2.51429	0.0592616	0.00854045	0.00667919	0.00705239	0.00761692	0.00848833	0.00637489	0.00723856	0.00851208	0.0104935	0.0138082	0.0197415	0.0116735	0.0116547	0.00951677	0.00343797	0.00107117	9.38635e-05	1.64866e-05	
2.54286	0.058139	0.00841987	0.00658653	0.00695623	0.00751503	0.00837705	0.00629262	0.00714629	0.00840465	0.0103619	0.013635	0.0194924	0.0115413	0.0115244	0.00941082	0.00340049	0.00105948	9.28424e-05	1.63071e-05	
2.57143	0.0570398	0.00830084	0.00649501	0.00686122	0.00741428	0.00826696	0.0062112	0.00705492	0.00829825	0.0102315	0.0134634	0.0192454	0.0114098	0.0113946	0.00930534	0.00336314	0.00104783	9.18249e-05	1.61283e-05	
2.6	0.0559636	0.00818335	0.00640463	0.00676733	0.00731469	0.00815806	0.00613062	0.00696446	0.00819287	0.0101023	0.0132934	0.0190008	0.011279	0.0112656	0.00920037	0.00332594	0.00103623	9.08113e-05	1.59502e-05	
2.62857	0.0549098	0.00806738	0.00631538	0.00667458	0.00721624	0.00805035	0.00605088	0.00687492	0.00808851	0.00997439	0.0131249	0.0187584	0.011149	0.0111372	0.00909591	0.00328889	0.00102468	8.98019e-05	1.57728e-05	
2.65714	0.0538778	0.00795291	0.00622724	0.00658294	0.00711893	0.00794382	0.00597199	0.00678628	0.00798518	0.00984767	0.0129581	0.0185183	0.0110198	0.0110095	0.00899201	0.00325201	0.00101318	8.87969e-05	1.55962e-05	
2.68571	0.0528672	0.00783994	0.00614022	0.00649242	0.00702275	0.00783847	0.00589393	0.00669856	0.00788288	0.00972217	0.0127928	0.0182806	0.0108914	0.0108826	0.00888868	0.00321531	0.00100173	8.77966e-05	1.54204e-05	
2.71429	0.0518773	0.00772845	0.0060543	0.006403	0.00692769	0.00773431	0.00581671	0.00661174	0.00778161	0.0095979	0.0126292	0.0180451	0.0107638	0.0107564	0.00878595	0.0031788	0.000990347	8.68013e-05	1.52455e-05	
2.74286	0.0509079	0.00761843	0.00596947	0.00631468	0.00683376	0.00763131	0.00574032	0.00652583	0.00768137	0.00947487	0.0124671	0.017812	0.0106371	0.0106311	0.00868383	0.00314248	0.000979022	8.58113e-05	1.50716e-05	
2.77143	0.0499583	0.00750986	0.00588572	0.00622744	0.00674093	0.00752948	0.00566477	0.00644083	0.00758215	0.00935307	0.0123067	0.0175812	0.0105113	0.0105065	0.00858235	0.00310637	0.00096776	8.48266e-05	1.48985e-05	
2.8	0.0490281	0.00740273	0.00580304	0.00614129	0.00664922	0.00742881	0.00559004	0.00635674	0.00748396	0.00923251	0.0121479	0.0173527	0.0103863	0.0103828	0.00848153	0.00307046	0.000956564	8.38477e-05	1.47265e-05	
2.82857	0.0481168	0.00729702	0.00572143	0.00605621	0.0065586	0.00732929	0.00551615	0.00627355	0.0073868	0.00911318	0.0119907	0.0171265	0.0102623	0.0102599	0.00838137	0.00303477	0.000945436	8.28745e-05	1.45555e-05	
2.85714	0.0472241	0.00719272	0.00564087	0.00597219	0.00646907	0.00723093	0.00544307	0.00619126	0.00729067	0.00899509	0.0118351	0.0169027	0.0101392	0.0101378	0.0082819	0.00299931	0.000934377	8.19074e-05	1.43856e-05	
2.88571	0.0463495	0.00708982	0.00556136	0.00588923	0.00638063	0.0071337	0.00537082	0.00610986	0.00719555	0.00887822	0.0116811	0.0166812	0.0100171	0.0100167	0.00818313	0.00296407	0.000923391	8.09464e-05	1.42167e-05	
2.91429	0.0454925	0.0069883	0.00548288	0.00580732	0.00629326	0.00703762	0.00529938	0.00602937	0.00710146	0.00876259	0.0115287	0.016462	0.00989585	0.00989647	0.00808508	0.00292908	0.000912478	7.99919e-05	1.4049e-05	
2.94286	0.0446528	0.00688814	0.00540543	0.00572644	0.00620696	0.00694266	0.00522876	0.00594976	0.00700838	0.00864818	0.0113779	0.0162451	0.00977561	0.00977714	0.00798776	0.00289432	0.00090164	7.90438e-05	1.38824e-05	
2.97143	0.04383	0.00678934	0.00532899	0.00564659	0.00612172	0.00684882	0.00515894	0.00587104	0.00691631	0.008535	0.0112288	0.0160306	0.00965635	0.00965874	0.00789117	0.00285981	0.00089088	7.81024e-05	1.3717e-05	
3	0.0430237	0.00669187	0.00525355	0.00556775	0.00603753	0.0067561	0.00508993	0.0057932	0.00682526	0.00842303	0.0110812	0.0158183	0.00953807	0.00954128	0.00779534	0.00282555	0.000880198	7.71678e-05	1.35528e-05	
3.02857	0.0422336	0.00659572	0.00517911	0.00548993	0.00595438	0.00666449	0.00502171	0.00571625	0.00673521	0.00831229	0.0109352	0.0156084	0.0094208	0.00942477	0.00770027	0.00279154	0.000869596	7.62401e-05	1.33898e-05	
3.05714	0.0414592	0.00650089	0.00510566	0.00541311	0.00587227	0.00657397	0.00495429	0.00564016	0.00664616	0.00820275	0.0107908	0.0154008	0.00930452	0.00930922	0.00760596	0.0027578	0.000859074	7.53195e-05	1.32281e-05	
3.08571	0.0407002	0.00640734	0.00503318	0.00533727	0.00579118	0.00648454	0.00488766	0.00556495	0.00655811	0.00809443	0.010648	0.0151955	0.00918926	0.00919464	0.00751244	0.00272432	0.000848635	7.44059e-05	1.30676e-05	
3.11429	0.0399562	0.00631508	0.00496166	0.00526242	0.00571111	0.0063962	0.00482182	0.0054906	0.00647105	0.0079873	0.0105068	0.0149924	0.00907502	0.00908103	0.0074197	0.0026911	0.00083828	7.34996e-05	1.29084e-05	
3.14286	0.039227	0.00622407	0.00489109	0.00518854	0.00563204	0.00630893	0.00475675	0.00541711	0.00638497	0.00788137	0.0103671	0.0147917	0.0089618	0.00896842	0.00732776	0.00265816	0.000828008	7.26006e-05	1.27504e-05	
3.17143	0.0385123	0.00613432	0.00482147	0.00511562	0.00555398	0.00622273	0.00469245	0.00534447	0.00629988	0.00777664	0.0102291	0.0145931	0.00884961	0.00885679	0.00723662	0.00262549	0.000817822	7.17091e-05	1.25938e-05	
3.2	0.0378116	0.0060458	0.00475278	0.00504365	0.0054769	0.00613758	0.00462892	0.00527269	0.00621576	0.00767309	0.0100925	0.0143969	0.00873845	0.00874616	0.00714628	0.00259309	0.000807722	7.08249e-05	1.24385e-05	
3.22857	0.0371247	0.0059585	0.00468501	0.00497262	0.0054008	0.00605349	0.00456616	0.00520174	0.00613262	0.00757072	0.00995754	0.0142029	0.00862834	0.00863654	0.00705676	0.00256097	0.000797709	6.99484e-05	1.22845e-05	
3.25714	0.0364512	0.00587241	0.00461816	0.00490253	0.00532568	0.00597043	0.00450415	0.00513164	0.00605044	0.00746952	0.00982411	0.0140111	0.00851926	0.00852792	0.00696805	0.00252913	0.000787783	6.90794e-05	1.21318e-05	
3.28571	0.035791	0.00578751	0.00455221	0.00483336	0.00525151	0.0058884	0.00444289	0.00506236	0.00596921	0.00736948	0.0096922	0.0138216	0.00841123	0.00842032	0.00688015	0.00249758	0.000777945	6.82181e-05	1.19805e-05	
3.31429	0.0351436	0.00570378	0.00448715	0.0047651	0.0051783	0.0058074	0.00438238	0.00499391	0.00588894	0.00727061	0.00956182	0.0136342	0.00830424	0.00831373	0.00679308	0.00246631	0.000768196	6.73645e-05	1.18305e-05	
3.34286	0.0345089	0.00562122	0.00442297	0.00469775	0.00510603	0.0057274	0.0043226	0.00492628	0.00580961	0.00717288	0.00943295	0.0134491	0.00819831	0.00820817	0.00670684	0.00243532	0.000758535	6.65186e-05	1.16819e-05	
3.37143	0.0338865	0.00553981	0.00435967	0.00463128	0.00503469	0.00564841	0.00426355	0.00485947	0.00573122	0.0070763	0.00930559	0.0132661	0.00809341	0.00810362	0.00662142	0.00240462	0.000748965	6.56806e-05	1.15347e-05	
3.4	0.0332762	0.00545953	0.00429722	0.00456571	0.00496428	0.00557042	0.00420524	0.00479346	0.00565376	0.00698086	0.00917972	0.0130853	0.00798957	0.00800009	0.00653683	0.0023742	0.000739484	6.48503e-05	1.13889e-05	
3.42857	0.0326778	0.00538037	0.00423563	0.004501	0.00489478	0.00549341	0.00414764	0.00472825	0.00557723	0.00688654	0.00905534	0.0129066	0.00788678	0.00789758	0.00645307	0.00234408	0.000730093	6.40279e-05	1.12444e-05	
3.45714	0.0320909	0.00530232	0.00417488	0.00443716	0.00482619	0.00541737	0.00409075	0.00466383	0.00550162	0.00679334	0.00893244	0.0127301	0.00778503	0.0077961	0.00637015	0.00231424	0.000720792	6.32134e-05	1.11013e-05	
3.48571	0.0315153	0.00522537	0.00411497	0.00437418	0.00475849	0.00534231	0.00403458	0.0046002	0.00542691	0.00670126	0.008811	0.0125557	0.00768433	0.00769565	0.00628805	0.00228469	0.000711582	6.24067e-05	1.09596e-05	
3.51429	0.0309508	0.00514949	0.00405587	0.00431204	0.00469168	0.00526819	0.0039791	0.00453736	0.00535311	0.00661027	0.00869102	0.0123834	0.00758467	0.00759621	0.00620679	0.00225544	0.000702462	6.1608e-05	1.08193e-05	
3.54286	0.0303971	0.00507468	0.00399759	0.00425074	0.00462575	0.00519503	0.00392432	0.00447528	0.00528021	0.00652039	0.00857247	0.0122132	0.00748605	0.0074978	0.00612635	0.00222647	0.000693433	6.08171e-05	1.06804e-05	
3.57143	0.0298541	0.00500092	0.00394011	0.00419026	0.00456068	0.0051228	0.00387023	0.00441398	0.00520819	0.00643159	0.00845537	0.0120451	0.00738848	0.00740041	0.00604675	0.0021978	0.000684495	6.00342e-05	1.05428e-05	
3.6	0.0293214	0.0049282	0.00388342	0.0041306	0.00449647	0.00505151	0.00381681	0.00435343	0.00513706	0.00634387	0.00833968	0.0118791	0.00729194	0.00730403	0.00596798	0.00216941	0.000675647	5.92591e-05	1.04067e-05	
3.62857	0.028799	0.0048565	0.00382751	0.00407174	0.00443311	0.00498113	0.00376408	0.00429364	0.0050668	0.00625721	0.0082254	0.011715	0.00719644	0.00720868	0.00589003	0.00214132	0.00066689	5.8492e-05	1.02719e-05	
3.65714	0.0282864	0.00478582	0.00377238	0.00401369	0.00437059	0.00491166	0.00371201	0.00423459	0.00499741	0.00617162	0.00811252	0.011553	0.00710197	0.00711433	0.00581291	0.00211351	0.000658223	5.77328e-05	1.01386e-05	
3.68571	0.0277837	0.00471613	0.00371801	0.00395642	0.0043089	0.00484309	0.0036606	0.00417628	0.00492887	0.00608708	0.00800103	0.0113931	0.00700853	0.007021	0.00573661	0.002086	0.000649647	5.69814e-05	1.00066e-05	
3.71429	0.0272905	0.00464744	0.0036644	0.00389993	0.00424803	0.00477542	0.00360985	0.00411871	0.00486119	0.00600358	0.00789091	0.0112351	0.00691611	0.00692868	0.00566114	0.00205877	0.000641162	5.6238e-05	9.876e-06	
3.74286	0.0268066	0.00457971	0.00361153	0.00384421	0.00418797	0.00470862	0.00355975	0.00406186	0.00479435	0.00592111	0.00778216	0.011079	0.00682471	0.00683736	0.00558648	0.00203183	0.000632766	5.55024e-05	9.74679e-06	
3.77143	0.0263319	0.00451295	0.00355939	0.00378925	0.00412871	0.0046427	0.00351029	0.00400573	0.00472834	0.00583967	0.00767476	0.010925	0.00673432	0.00674704	0.00551264	0.00200518	0.00062446	5.47746e-05	9.61896e-06	
3.8	0.0258662	0.00444714	0.00350799	0.00373505	0.00407025	0.00457764	0.00346147	0.00395032	0.00466316	0.00575924	0.00756869	0.0107728	0.00664494	0.00665772	0.00543961	0.00197882	0.000616243	5.40547e-05	9.4925e-06	
3.82857	0.0254092	0.00438226	0.0034573	0.00368158	0.00401257	0.00451343	0.00341328	0.0038956	0.00459881	0.00567982	0.00746396	0.0106226	0.00655657	0.00656939	0.00536739	0.00195274	0.000608116	5.33425e-05	9.36741e-06	
3.85714	0.0249609	0.00431831	0.00340732	0.00362885	0.00395567	0.00445007	0.0033657	0.00384159	0.00453526	0.00560139	0.00736054	0.0104743	0.0064692	0.00648205	0.00529598	0.00192695	0.000600078	5.26381e-05	9.24369e-06	
3.88571	0.024521	0.00425526	0.00335804	0.00357684	0.00389953	0.00438754	0.00331875	0.00378826	0.00447252	0.00552395	0.00725842	0.0103279	0.00638282	0.00639569	0.00522537	0.00190144	0.000592128	5.19415e-05	9.12133e-06	
3.91429	0.0240893	0.00419312	0.00330944	0.00352555	0.00384415	0.00432584	0.0032724	0.00373562	0.00441057	0.00544749	0.00715759	0.0101834	0.00629743	0.00631031	0.00515556	0.00187622	0.000584266	5.12525e-05	9.00032e-06	
3.94286	0.0236657	0.00413186	0.00326153	0.00347496	0.00378952	0.00426495	0.00322666	0.00368366	0.00434942	0.00537199	0.00705804	0.0100407	0.00621303	0.0062259	0.00508654	0.00185127	0.000576493	5.05713e-05	8.88066e-06	
3.97143	0.02325	0.00407148	0.0032143	0.00342508	0.00373562	0.00420487	0.00318152	0.00363237	0.00428904	0.00529745	0.00695976	0.00989982	0.0061296	0.00614245	0.00501831	0.00182661	0.000568806	4.98976e-05	8.76234e-06	
4	0.0228421	0.00401196	0.00316772	0.00337588	0.00368246	0.00414559	0.00313696	0.00358174	0.00422944	0.00522387	0.00686273	0.00976076	0.00604714	0.00605997	0.00495087	0.00180222	0.000561207	4.92316e-05	8.64535e-06	
4.02857	0.0224418	0.0039533	0.0031218	0.00332736	0.00363002	0.0040871	0.00309299	0.00353176	0.0041706	0.00515122	0.00676695	0.00962351	0.00596564	0.00597845	0.00488421	0.00177811	0.000553694	4.85731e-05	8.5297e-06	
4.05714	0.022049	0.00389547	0.00307653	0.00327951	0.00357829	0.00402939	0.0030496	0.00348244	0.00411252	0.0050795	0.00667239	0.00948803	0.0058851	0.00589787	0.00481832	0.00175428	0.000546267	4.79222e-05	8.41536e-06	
4.08571	0.0216634	0.00383848	0.0030319	0.00323233	0.00352727	0.00397245	0.00300678	0.00343375	0.00405519	0.0050087	0.00657905	0.00935431	0.00580552	0.00581824	0.0047532	0.00173072	0.000538926	4.72787e-05	8.30234e-06	
4.11429	0.021285	0.0037823	0.0029879	0.00318581	0.00347694	0.00391627	0.00296452	0.0033857	0.0039986	0.00493882	0.00648691	0.00922234	0.00572687	0.00573954	0.00468885	0.00170743	0.000531669	4.66427e-05	8.19063e-06	
4.14286	0.0209136	0.00372693	0.00294452	0.00313993	0.0034273	0.00386084	0.00292282	0.00333828	0.00394274	0.00486983	0.00639596	0.00909209	0.00564917	0.00566177	0.00462526	0.00168442	0.000524497	4.6014e-05	8.08021e-06	
4.17143	0.020549	0.00367236	0.00290175	0.00309468	0.00337834	0.00380616	0.00288168	0.00329149	0.00388761	0.00480174	0.0063062	0.00896354	0.00557239	0.00558493	0.00456242	0.00166167	0.000517409	4.53927e-05	7.97109e-06	
4.2	0.0201912	0.00361857	0.00285959	0.00305007	0.00333005	0.00375222	0.00284108	0.0032453	0.0038332	0.00473453	0.0062176	0.00883668	0.00549653	0.005509	0.00450033	0.00163919	0.000510404	4.47786e-05	7.86324e-06	
4.22857	0.01984	0.00356555	0.00281802	0.00300608	0.00328242	0.003699	0.00280102	0.00319972	0.00377949	0.0046682	0.00613015	0.00871149	0.0054216	0.00543399	0.00443899	0.00161698	0.000503482	4.41719e-05	7.75667e-06	
4.25714	0.0194953	0.0035133	0.00277705	0.00296271	0.00323545	0.0036465	0.00276149	0.00315475	0.00372649	0.00460273	0.00604385	0.00858795	0.00534756	0.00535987	0.00437839	0.00159503	0.000496643	4.35723e-05	7.65136e-06	
4.28571	0.0191569	0.0034618	0.00273665	0.00291994	0.00318912	0.00359471	0.00272249	0.00311036	0.00367419	0.00453811	0.00595868	0.00846605	0.00527444	0.00528666	0.00431851	0.00157334	0.000489885	4.29798e-05	7.5473e-06	
4.31429	0.0188247	0.00341105	0.00269684	0.00287777	0.00314343	0.00354362	0.00268401	0.00306657	0.00362257	0.00447434	0.00587463	0.00834576	0.0052022	0.00521433	0.00425937	0.00155191	0.000483207	4.23944e-05	7.44449e-06	
4.34286	0.0184986	0.00336103	0.00265758	0.0028362	0.00309837	0.00349322	0.00264605	0.00302336	0.00357163	0.00441141	0.00579168	0.00822707	0.00513085	0.00514288	0.00420095	0.00153073	0.000476611	4.18161e-05	7.34292e-06	
4.37143	0.0181784	0.00331173	0.00261889	0.0027952	0.00305394	0.00344351	0.0026086	0.00298072	0.00352136	0.00434931	0.00570983	0.00810996	0.00506038	0.00507231	0.00414324	0.00150982	0.000470094	4.12447e-05	7.24257e-06	
4.4	0.0178641	0.00326314	0.00258074	0.00275478	0.00301011	0.00339447	0.00257164	0.00293864	0.00347176	0.00428802	0.00562906	0.00799441	0.00499078	0.0050026	0.00408624	0.00148916	0.000463656	4.06803e-05	7.14344e-06	
4.42857	0.0175556	0.00321525	0.00254315	0.00271493	0.0029669	0.00334611	0.00253519	0.00289713	0.00342282	0.00422754	0.00554936	0.00788041	0.00492204	0.00493376	0.00402994	0.00146874	0.000457297	4.01227e-05	7.04552e-06	
4.45714	0.0172526	0.00316806	0.00250608	0.00267564	0.00292428	0.0032984	0.00249923	0.00285618	0.00337452	0.00416787	0.00547072	0.00776794	0.00485415	0.00486576	0.00397434	0.00144858	0.000451015	3.9572e-05	6.94879e-06	
4.48571	0.0169552	0.00312155	0.00246955	0.0026369	0.00288225	0.00325134	0.00246375	0.00281577	0.00332687	0.00410898	0.00539312	0.00765697	0.00478712	0.00479861	0.00391943	0.00142867	0.000444811	3.9028e-05	6.85325e-06	
4.51429	0.0166632	0.00307572	0.00243354	0.00259871	0.00284081	0.00320493	0.00242875	0.0027759	0.00327985	0.00405088	0.00531656	0.0075475	0.00472092	0.0047323	0.00386521	0.001409	0.000438683	3.84907e-05	6.75889e-06	
4.54286	0.0163764	0.00303055	0.00239804	0.00256106	0.00279994	0.00315915	0.00239423	0.00273657	0.00323345	0.00399355	0.00524101	0.00743951	0.00465556	0.00466681	0.00381166	0.00138958	0.000432631	3.796e-05	6.66569e-06	
4.57143	0.0160949	0.00298603	0.00236305	0.00252394	0.00275964	0.003114	0.00236017	0.00269776	0.00318768	0.00393698	0.00516648	0.00733297	0.00459102	0.00460215	0.00375879	0.00137039	0.000426655	3.7436e-05	6.57365e-06	
4.6	0.0158185	0.00294217	0.00232856	0.00248734	0.00271991	0.00306947	0.00232658	0.00265948	0.00314252	0.00388117	0.00509295	0.00722787	0.00452729	0.0045383	0.00370658	0.00135145	0.000420753	3.69184e-05	6.48276e-06	
4.62857	0.015547	0.00289893	0.00229457	0.00245126	0.00268073	0.00302555	0.00229344	0.00262172	0.00309797	0.0038261	0.00502041	0.0071242	0.00446437	0.00447526	0.00365503	0.00133274	0.000414924	3.64073e-05	6.393e-06	
4.65714	0.0152805	0.00285633	0.00226106	0.0024157	0.00264209	0.00298223	0.00226076	0.00258446	0.00305401	0.00377178	0.00494884	0.00702194	0.00440226	0.00441302	0.00360414	0.00131426	0.000409169	3.59027e-05	6.30437e-06	
4.68571	0.0150188	0.00281434	0.00222803	0.00238063	0.00260399	0.00293952	0.00222852	0.00254771	0.00301065	0.00371818	0.00487824	0.00692107	0.00434093	0.00435157	0.00355389	0.00129602	0.000403487	3.54043e-05	6.21685e-06	
4.71429	0.0147618	0.00277297	0.00219548	0.00234606	0.00256643	0.00289739	0.00219672	0.00251146	0.00296787	0.00366531	0.00480859	0.00682157	0.00428039	0.0042909	0.00350429	0.00127801	0.000397876	3.49123e-05	6.13044e-06	
4.74286	0.0145094	0.00273219	0.0021634	0.00231199	0.00252939	0.00285584	0.00216535	0.0024757	0.00292567	0.00361314	0.00473988	0.00672343	0.00422063	0.004231	0.00345531	0.00126023	0.000392336	3.44265e-05	6.04512e-06	
4.77143	0.0142615	0.00269201	0.00213177	0.00227839	0.00249287	0.00281487	0.00213441	0.00244043	0.00288403	0.00356168	0.0046721	0.00662663	0.00416163	0.00417188	0.00340697	0.00124267	0.000386867	3.39469e-05	5.96089e-06	
4.8	0.0140181	0.00265242	0.0021006	0.00224528	0.00245687	0.00277446	0.0021039	0.00240563	0.00284296	0.00351092	0.00460524	0.00653116	0.0041034	0.00411351	0.00335925	0.00122534	0.000381467	3.34733e-05	5.87773e-06	
4.82857	0.013779	0.0026134	0.00206988	0.00221263	0.00242137	0.00273462	0.00207381	0.00237131	0.00280245	0.00346084	0.00453929	0.00643699	0.00404592	0.00405589	0.00331214	0.00120822	0.000376137	3.30058e-05	5.79563e-06	
4.85714	0.0135442	0.00257495	0.00203961	0.00218045	0.00238636	0.00269532	0.00204413	0.00233746	0.00276249	0.00341144	0.00447424	0.00634412	0.00398918	0.00399902	0.00326565	0.00119133	0.000370875	3.25443e-05	5.71458e-06	
4.88571	0.0133137	0.00253706	0.00200976	0.00214873	0.00235185	0.00265657	0.00201486	0.00230407	0.00272307	0.00336272	0.00441007	0.00625253	0.00393318	0.00394289	0.00321975	0.00117466	0.00036568	3.20888e-05	5.63458e-06	
4.91429	0.0130872	0.00249972	0.00198035	0.00211746	0.00231783	0.00261836	0.00198599	0.00227113	0.00268419	0.00331465	0.00434678	0.0061622	0.00387791	0.00388748	0.00317445	0.0011582	0.000360553	3.16391e-05	5.5556e-06	
4.94286	0.0128648	0.00246293	0.00195136	0.00208663	0.00228428	0.00258069	0.00195751	0.00223865	0.00264584	0.00326724	0.00428436	0.00607311	0.00382336	0.0038328	0.00312975	0.00114195	0.000355492	3.11952e-05	5.47765e-06	
4.97143	0.0126463	0.00242667	0.00192279	0.00205625	0.00225121	0.00254353	0.00192944	0.00220661	0.00260801	0.00322048	0.00422278	0.00598526	0.00376952	0.00377883	0.00308562	0.00112591	0.000350496	3.0757e-05	5.4007e-06	
5	0.0124317	0.00239094	0.00189463	0.00202629	0.0022186	0.00250689	0.00190174	0.00217501	0.0025707	0.00317435	0.00416206	0.00589862	0.00371639	0.00372556	0.00304208	0.00111008	0.000345566	3.03246e-05	5.32475e-06	
5.02857	0.0122209	0.00235574	0.00186688	0.00199677	0.00218646	0.00247077	0.00187444	0.00214385	0.00253389	0.00312885	0.00410216	0.00581318	0.00366396	0.00367299	0.0029991	0.00109446	0.000340699	2.98977e-05	5.2498e-06	
5.05714	0.0120139	0.00232105	0.00183953	0.00196767	0.00215476	0.00243515	0.00184751	0.00211312	0.0024976	0.00308398	0.00404309	0.00572893	0.00361221	0.00362112	0.00295669	0.00107903	0.000335896	2.94765e-05	5.17582e-06	
5.08571	0.0118105	0.00228686	0.00181257	0.00193898	0.00212352	0.00240002	0.00182095	0.0020828	0.0024618	0.00303972	0.00398484	0.00564584	0.00356115	0.00356992	0.00291484	0.00106382	0.000331156	2.90607e-05	5.1028e-06	
5.11429	0.0116108	0.00225317	0.00178601	0.0019107	0.00209272	0.00236539	0.00179476	0.00205291	0.00242649	0.00299607	0.00392738	0.00556391	0.00351077	0.0035194	0.00287355	0.0010488	0.000326478	2.86504e-05	5.03075e-06	
5.14286	0.0114145	0.00221998	0.00175983	0.00188283	0.00206235	0.00233124	0.00176894	0.00202343	0.00239167	0.00295302	0.00387072	0.00548313	0.00346105	0.00346955	0.00283279	0.00103398	0.000321862	2.82455e-05	4.95964e-06	
5.17143	0.0112218	0.00218727	0.00173402	0.00185536	0.00203241	0.00229757	0.00174347	0.00199435	0.00235733	0.00291056	0.00381484	0.00540346	0.00341199	0.00342036	0.00279258	0.00101935	0.000317307	2.78459e-05	4.88946e-06	
5.2	0.0110324	0.00215504	0.00170859	0.00182828	0.0020029	0.00226438	0.00171836	0.00196568	0.00232346	0.00286869	0.00375973	0.00532491	0.00336359	0.00337183	0.00275291	0.00100492	0.000312811	2.74515e-05	4.82022e-06	
5.22857	0.0108464	0.00212328	0.00168353	0.00180159	0.00197381	0.00223165	0.00169359	0.00193741	0.00229005	0.00282739	0.00370539	0.00524746	0.00331583	0.00332393	0.00271376	0.000990673	0.000308375	2.70624e-05	4.75188e-06	
5.25714	0.0106637	0.00209199	0.00165883	0.00177528	0.00194513	0.00219937	0.00166918	0.00190952	0.00225711	0.00278667	0.0036518	0.00517109	0.0032687	0.00327668	0.00267514	0.000976619	0.000303998	2.66785e-05	4.68446e-06	
5.28571	0.0104841	0.00206116	0.00163449	0.00174935	0.00191685	0.00216755	0.0016451	0.00188203	0.00222463	0.0027465	0.00359895	0.00509579	0.00322221	0.00323006	0.00263703	0.000962751	0.000299679	2.62996e-05	4.61793e-06	
5.31429	0.0103078	0.00203077	0.0016105	0.00172379	0.00188898	0.00213618	0.00162136	0.00185491	0.00219259	0.0027069	0.00354684	0.00502154	0.00317634	0.00318406	0.00259943	0.000949068	0.000295418	2.59258e-05	4.55228e-06	
5.34286	0.0101345	0.00200083	0.00158686	0.0016986	0.00186151	0.00210525	0.00159795	0.00182818	0.002161	0.00266784	0.00349546	0.00494834	0.00313108	0.00313867	0.00256233	0.000935567	0.000291213	2.55569e-05	4.48751e-06	
5.37143	0.00996424	0.00197133	0.00156357	0.00167377	0.00183442	0.00207476	0.00157487	0.00180181	0.00212984	0.00262932	0.00344478	0.00487617	0.00308644	0.0030939	0.00252574	0.000922246	0.000287065	2.5193e-05	4.4236e-06	
5.4	0.00979698	0.00194226	0.00154061	0.0016493	0.00180772	0.00204469	0.00155211	0.00177581	0.00209912	0.00259134	0.00339482	0.004805	0.00304239	0.00304972	0.00248963	0.000909103	0.000282972	2.48339e-05	4.36054e-06	
5.42857	0.00963265	0.00191362	0.00151798	0.00162518	0.0017814	0.00201505	0.00152967	0.00175017	0.00206883	0.00255388	0.00334555	0.00473485	0.00299894	0.00300615	0.00245402	0.000896136	0.000278934	2.44797e-05	4.29834e-06	
5.45714	0.00947119	0.00188539	0.00149568	0.00160141	0.00175546	0.00198583	0.00150754	0.0017249	0.00203895	0.00251694	0.00329697	0.00466568	0.00295607	0.00296316	0.00241888	0.000883344	0.00027495	2.41302e-05	4.23696e-06	
5.48571	0.00931255	0.00185759	0.00147371	0.00157798	0.00172988	0.00195702	0.00148572	0.00169997	0.00200949	0.00248052	0.00324907	0.00459748	0.00291379	0.00292075	0.00238422	0.000870723	0.00027102	2.37854e-05	4.17641e-06	
5.51429	0.00915668	0.00183018	0.00145206	0.00155488	0.00170467	0.00192861	0.00146421	0.00167539	0.00198045	0.00244461	0.00320184	0.00453025	0.00287207	0.00287891	0.00235003	0.000858272	0.000267142	2.34452e-05	4.11668e-06	
5.54286	0.00900353	0.00180318	0.00143072	0.00153212	0.00167982	0.00190061	0.001443	0.00165116	0.0019518	0.0024092	0.00315527	0.00446396	0.00283093	0.00283764	0.0023163	0.00084599	0.000263317	2.31097e-05	4.05775e-06	
5.57143	0.00885304	0.00177658	0.00140969	0.00150969	0.00165533	0.00187301	0.0014221	0.00162726	0.00192356	0.00237428	0.00310935	0.00439862	0.00279034	0.00279693	0.00228303	0.000833873	0.000259544	2.27786e-05	3.99962e-06	
5.6	0.00870518	0.00175036	0.00138896	0.00148758	0.00163118	0.00184579	0.00140148	0.0016037	0.00189571	0.00233985	0.00306408	0.0043342	0.0027503	0.00275677	0.00225022	0.00082192	0.000255822	2.24521e-05	3.94228e-06	
5.62857	0.00855988	0.00172453	0.00136854	0.00146579	0.00160738	0.00181896	0.00138115	0.00158047	0.00186825	0.0023059	0.00301944	0.00427069	0.00271081	0.00271716	0.00221785	0.000810128	0.00025215	2.21299e-05	3.88571e-06	
5.65714	0.0084171	0.00169908	0.00134841	0.00144431	0.00158392	0.00179251	0.00136111	0.00155756	0.00184118	0.00227243	0.00297543	0.00420808	0.00267185	0.00267809	0.00218592	0.000798497	0.000248528	2.18122e-05	3.82991e-06	
5.68571	0.0082768	0.00167401	0.00132858	0.00142314	0.0015608	0.00176644	0.00134136	0.00153498	0.00181448	0.00223942	0.00293204	0.00414636	0.00263343	0.00263956	0.00215443	0.000787024	0.000244956	2.14987e-05	3.77487e-06	
5.71429	0.00813894	0.0016493	0.00130904	0.00140228	0.001538	0.00174073	0.00132188	0.00151271	0.00178816	0.00220688	0.00288926	0.00408551	0.00259554	0.00260155	0.00212337	0.000775707	0.000241432	2.11895e-05	3.72057e-06	
5.74286	0.00800346	0.00162495	0.00128978	0.00138172	0.00151553	0.00171539	0.00130267	0.00149076	0.00176221	0.00217479	0.00284709	0.00402553	0.00255816	0.00256406	0.00209273	0.000764544	0.000237956	2.08846e-05	3.66702e-06	
5.77143	0.00787032	0.00160096	0.0012708	0.00136146	0.00149339	0.00169041	0.00128374	0.00146912	0.00173662	0.00214315	0.00280551	0.0039664	0.00252129	0.00252708	0.00206252	0.000753533	0.000234527	2.05837e-05	3.6142e-06	
5.8	0.00773948	0.00157732	0.00125209	0.00134148	0.00147156	0.00166579	0.00126508	0.00144778	0.00171139	0.00211196	0.00276451	0.00390811	0.00248493	0.00249061	0.00203272	0.000742673	0.000231145	2.0287e-05	3.5621e-06	
5.82857	0.00761091	0.00155403	0.00123366	0.0013218	0.00145004	0.00164151	0.00124667	0.00142674	0.00168651	0.00208121	0.00272409	0.00385065	0.00244907	0.00245464	0.00200333	0.000731961	0.00022781	1.99944e-05	3.51071e-06	
5.85714	0.00748455	0.00153109	0.0012155	0.0013024	0.00142884	0.00161758	0.00122853	0.00140599	0.00166198	0.00205089	0.00268425	0.00379401	0.0024137	0.00241916	0.00197434	0.000721396	0.00022452	1.97057e-05	3.46002e-06	
5.88571	0.00736037	0.00150847	0.0011976	0.00128329	0.00140793	0.00159399	0.00121065	0.00138554	0.0016378	0.00202099	0.00264497	0.00373818	0.00237882	0.00238417	0.00194576	0.000710975	0.000221276	1.94211e-05	3.41003e-06	
5.91429	0.00723832	0.0014862	0.00117997	0.00126445	0.00138733	0.00157074	0.00119302	0.00136538	0.00161396	0.00199152	0.00260624	0.00368315	0.00234442	0.00234967	0.00191756	0.000700698	0.000218076	1.91403e-05	3.36073e-06	
5.94286	0.00711838	0.00146424	0.00116259	0.00124588	0.00136702	0.00154781	0.00117563	0.0013455	0.00159046	0.00196246	0.00256806	0.0036289	0.0023105	0.00231564	0.00188976	0.000690562	0.00021492	1.88634e-05	3.3121e-06	
5.97143	0.0070005	0.00144261	0.00114546	0.00122758	0.00134701	0.00152522	0.0011585	0.0013259	0.00156728	0.00193382	0.00253042	0.00357542	0.00227704	0.00228208	0.00186234	0.000680565	0.000211807	1.85902e-05	3.26414e-06	
6	0.00688464	0.0014213	0.00112858	0.00120954	0.00132728	0.00150294	0.00114161	0.00130658	0.00154444	0.00190557	0.00249332	0.00352271	0.00224405	0.00224898	0.0018353	0.000670706	0.000208737	1.83209e-05	3.21684e-06	
6.02857	0.00677078	0.0014003	0.00111195	0.00119177	0.00130783	0.00148098	0.00112495	0.00128753	0.00152191	0.00187773	0.00245674	0.00347075	0.00221151	0.00221634	0.00180864	0.000660982	0.00020571	1.80552e-05	3.1702e-06	
6.05714	0.00665886	0.00137961	0.00109557	0.00117425	0.00128866	0.00145934	0.00110854	0.00126876	0.00149971	0.00185027	0.00242068	0.00341953	0.00217942	0.00218415	0.00178234	0.000651393	0.000202724	1.77933e-05	3.1242e-06	
6.08571	0.00654886	0.00135923	0.00107942	0.00115699	0.00126977	0.001438	0.00109235	0.00125024	0.00147781	0.00182321	0.00238513	0.00336905	0.00214777	0.00215241	0.00175641	0.000641936	0.00019978	1.75349e-05	3.07883e-06	
6.11429	0.00644075	0.00133914	0.0010635	0.00113998	0.00125115	0.00141697	0.0010764	0.00123199	0.00145623	0.00179653	0.00235009	0.00331929	0.00211657	0.00212111	0.00173084	0.00063261	0.000196876	1.72801e-05	3.03409e-06	
6.14286	0.00633448	0.00131935	0.00104782	0.00112321	0.0012328	0.00139624	0.00106067	0.001214	0.00143495	0.00177023	0.00231555	0.00327024	0.0020858	0.00209024	0.00170562	0.000623413	0.000194013	1.70289e-05	2.98997e-06	
6.17143	0.00623003	0.00129985	0.00103237	0.00110669	0.00121472	0.00137581	0.00104517	0.00119626	0.00141397	0.0017443	0.00228149	0.00322189	0.00205545	0.0020598	0.00168076	0.000614343	0.000191189	1.67811e-05	2.94646e-06	
6.2	0.00612736	0.00128063	0.00101714	0.0010904	0.00119689	0.00135567	0.00102988	0.00117878	0.00139329	0.00171873	0.00224793	0.00317424	0.00202553	0.00202978	0.00165624	0.000605399	0.000188404	1.65367e-05	2.90355e-06	
6.22857	0.00602645	0.0012617	0.00100213	0.00107435	0.00117932	0.00133581	0.00101482	0.00116154	0.00137291	0.00169353	0.00221483	0.00312727	0.00199602	0.00200018	0.00163206	0.000596578	0.000185658	1.62957e-05	2.86124e-06	
6.25714	0.00592725	0.00124305	0.000987348	0.00105854	0.001162	0.00131624	0.000999963	0.00114454	0.00135281	0.00166869	0.00218221	0.00308098	0.00196693	0.001971	0.00160822	0.00058788	0.00018295	1.60581e-05	2.81951e-06	
6.28571	0.00582974	0.00122467	0.000972778	0.00104295	0.00114493	0.00129695	0.000985323	0.00112779	0.00133299	0.00164419	0.00215006	0.00303534	0.00193823	0.00194222	0.00158471	0.000579303	0.00018028	1.58238e-05	2.77836e-06	
6.31429	0.0057339	0.00120656	0.00095842	0.00102759	0.00112811	0.00127793	0.00097089	0.00111128	0.00131346	0.00162005	0.00211836	0.00299037	0.00190994	0.00191384	0.00156153	0.000570845	0.000177647	1.55927e-05	2.73779e-06	
6.34286	0.00563968	0.00118871	0.000944271	0.00101245	0.00111153	0.00125919	0.000956663	0.001095	0.0012942	0.00159625	0.00208712	0.00294604	0.00188205	0.00188585	0.00153867	0.000562505	0.00017505	1.53649e-05	2.69778e-06	
6.37143	0.00554706	0.00117113	0.000930329	0.000997535	0.00109518	0.00124071	0.000942639	0.00107895	0.00127522	0.00157278	0.00205632	0.00290234	0.00185454	0.00185826	0.00151613	0.00055428	0.00017249	1.51402e-05	2.65833e-06	
6.4	0.00545602	0.00115381	0.000916591	0.000982833	0.00107908	0.0012225	0.000928814	0.00106313	0.0012565	0.00154965	0.00202596	0.00285928	0.00182741	0.00183105	0.00149391	0.00054617	0.000169965	1.49186e-05	2.61942e-06	
6.42857	0.00536652	0.00113674	0.000903053	0.000968344	0.0010632	0.00120455	0.000915187	0.00104753	0.00123805	0.00152685	0.00199603	0.00281683	0.00180067	0.00180422	0.001472	0.000538173	0.000167475	1.47001e-05	2.58106e-06	
6.45714	0.00527854	0.00111992	0.000889712	0.000954065	0.00104756	0.00118685	0.000901753	0.00103215	0.00121987	0.00150437	0.00196653	0.00277499	0.0017743	0.00177777	0.00145039	0.000530287	0.000165021	1.44847e-05	2.54323e-06	
6.48571	0.00519204	0.00110335	0.000876566	0.000939994	0.00103214	0.00116941	0.000888511	0.001017	0.00120194	0.00148221	0.00193745	0.00273375	0.0017483	0.00175168	0.00142909	0.000522511	0.0001626	1.42723e-05	2.50593e-06	
6.51429	0.00510701	0.00108702	0.000863612	0.000926126	0.00101694	0.00115222	0.000875458	0.00100206	0.00118426	0.00146037	0.00190878	0.00269311	0.00172266	0.00172596	0.00140808	0.000514844	0.000160213	1.40628e-05	2.46915e-06	
6.54286	0.00502342	0.00107093	0.000850847	0.000912459	0.00100196	0.00113528	0.000862591	0.000987328	0.00116684	0.00143883	0.00188053	0.00265305	0.00169738	0.0017006	0.00138737	0.000507284	0.000157859	1.38562e-05	2.43288e-06	
6.57143	0.00494125	0.00105508	0.000838269	0.000898991	0.000987193	0.00111858	0.000849908	0.00097281	0.00114967	0.00141761	0.00185268	0.00261356	0.00167245	0.0016756	0.00136695	0.000499829	0.000155539	1.36526e-05	2.39712e-06	
6.6	0.00486046	0.00103946	0.000825873	0.000885718	0.000972643	0.00110211	0.000837405	0.000958497	0.00113273	0.00139668	0.00182522	0.00257465	0.00164787	0.00165094	0.00134681	0.000492478	0.00015325	1.34518e-05	2.36185e-06	
6.62857	0.00478103	0.00102407	0.000813659	0.000872638	0.000958301	0.00108589	0.000825081	0.000944388	0.00111604	0.00137605	0.00179816	0.00253629	0.00162364	0.00162663	0.00132696	0.000485229	0.000150994	1.32537e-05	2.32708e-06	
6.65714	0.00470294	0.0010089	0.000801623	0.000859747	0.000944167	0.00106989	0.000812932	0.00093048	0.00109959	0.00135572	0.00177148	0.00249849	0.00159974	0.00160266	0.00130738	0.000478082	0.000148769	1.30585e-05	2.2928e-06	
6.68571	0.00462617	0.000993961	0.000789762	0.000847043	0.000930236	0.00105412	0.000800957	0.00091677	0.00108337	0.00133567	0.00174519	0.00246122	0.00157618	0.00157902	0.00128808	0.000471035	0.000146575	1.28659e-05	2.25899e-06	
6.71429	0.00455069	0.000979238	0.000778075	0.000834523	0.000916506	0.00103858	0.000789152	0.000903255	0.00106738	0.00131592	0.00171927	0.0024245	0.00155295	0.00155572	0.00126905	0.000464086	0.000144412	1.26761e-05	2.22566e-06	
6.74286	0.00447648	0.000964732	0.000766558	0.000822185	0.000902973	0.00102327	0.000777516	0.000889932	0.00105162	0.00129644	0.00169372	0.0023883	0.00153005	0.00153274	0.00125029	0.000457234	0.000142279	1.24889e-05	2.19279e-06	
6.77143	0.00440352	0.000950438	0.000755209	0.000810026	0.000889636	0.00100817	0.000766046	0.000876799	0.00103608	0.00127724	0.00166854	0.00235262	0.00150746	0.00151009	0.00123179	0.000450478	0.000140176	1.23043e-05	2.16038e-06	
6.8	0.00433178	0.000936354	0.000744025	0.000798043	0.000876491	0.000993287	0.00075474	0.000863853	0.00102076	0.00125831	0.00164371	0.00231746	0.00148519	0.00148775	0.00121355	0.000443816	0.000138102	1.21223e-05	2.12843e-06	
6.82857	0.00426125	0.000922476	0.000733004	0.000786233	0.000863535	0.000978618	0.000743595	0.000851091	0.00100566	0.00123965	0.00161924	0.0022828	0.00146324	0.00146572	0.00119556	0.000437247	0.000136058	1.19429e-05	2.09692e-06	
6.85714	0.0041919	0.000908802	0.000722144	0.000774595	0.000850766	0.00096416	0.000732609	0.00083851	0.000990778	0.00122125	0.00159512	0.00224864	0.00144159	0.00144401	0.00117783	0.00043077	0.000134042	1.1766e-05	2.06585e-06	
6.88571	0.00412372	0.000895329	0.000711442	0.000763126	0.00083818	0.000949908	0.000721779	0.000826109	0.000976104	0.00120312	0.00157135	0.00221497	0.00142025	0.0014226	0.00116035	0.000424384	0.000132054	1.15915e-05	2.03521e-06	
6.91429	0.00405667	0.000882052	0.000700896	0.000751822	0.000825776	0.00093586	0.000711104	0.000813884	0.000961639	0.00118525	0.00154791	0.00218178	0.0013992	0.00140148	0.00114311	0.000418086	0.000130093	1.14194e-05	2.005e-06	
6.94286	0.00399075	0.00086897	0.000690504	0.000740682	0.000813551	0.000922014	0.000700581	0.000801833	0.00094738	0.00116763	0.00152481	0.00214907	0.00137845	0.00138066	0.00112611	0.000411877	0.000128161	1.12498e-05	1.97522e-06	
6.97143	0.00392593	0.00085608	0.000680263	0.000729704	0.000801501	0.000908365	0.000690209	0.000789953	0.000933323	0.00115026	0.00150204	0.00211683	0.00135799	0.00136014	0.00110935	0.000405754	0.000126255	1.10825e-05	1.94585e-06	
7	0.0038622	0.000843379	0.000670171	0.000718885	0.000789625	0.000894912	0.000679984	0.000778242	0.000919466	0.00113314	0.00147959	0.00208505	0.00133782	0.0013399	0.00109282	0.000399717	0.000124376	1.09176e-05	1.91689e-06	
7.02857	0.00379952	0.000830863	0.000660226	0.000708222	0.00077792	0.000881651	0.000669904	0.000766698	0.000905806	0.00111626	0.00145746	0.00205373	0.00131792	0.00131994	0.00107653	0.000393763	0.000122523	1.07549e-05	1.88833e-06	
7.05714	0.0037379	0.000818531	0.000650426	0.000697713	0.000766383	0.00086858	0.000659969	0.000755318	0.000892339	0.00109962	0.00143565	0.00202286	0.00129831	0.00130027	0.00106046	0.000387893	0.000120695	1.05946e-05	1.86017e-06	
7.08571	0.0036773	0.000806379	0.000640768	0.000687356	0.000755012	0.000855696	0.000650175	0.000744099	0.000879064	0.00108321	0.00141415	0.00199243	0.00127897	0.00128086	0.00104462	0.000382105	0.000118894	1.04364e-05	1.8324e-06	
7.11429	0.00361772	0.000794405	0.000631251	0.00067715	0.000743805	0.000842996	0.00064052	0.00073304	0.000865977	0.00106704	0.00139296	0.00196243	0.0012599	0.00126173	0.001029	0.000376397	0.000117117	1.02805e-05	1.80502e-06	
7.14286	0.00355912	0.000782606	0.000621872	0.00066709	0.000732758	0.000830477	0.000631003	0.000722137	0.000853075	0.0010511	0.00137206	0.00193287	0.0012411	0.00124287	0.0010136	0.000370768	0.000115365	1.01267e-05	1.77802e-06	
7.17143	0.00350151	0.000770979	0.00061263	0.000657177	0.00072187	0.000818137	0.000621621	0.00071139	0.000840357	0.00103539	0.00135147	0.00190372	0.00122256	0.00122427	0.000998411	0.000365218	0.000113637	9.9751e-06	1.7514e-06	
7.2	0.00344485	0.000759522	0.000603522	0.000647406	0.000711139	0.000805974	0.000612372	0.000700795	0.000827818	0.0010199	0.00133117	0.001875	0.00120428	0.00120592	0.000983435	0.000359744	0.000111934	9.82557e-06	1.72514e-06	
7.22857	0.00338913	0.000748233	0.000594545	0.000637776	0.000700562	0.000793984	0.000603255	0.00069035	0.000815457	0.00100462	0.00131115	0.00184668	0.00118625	0.00118784	0.000968668	0.000354347	0.000110254	9.67812e-06	1.69925e-06	
7.25714	0.00333434	0.000737108	0.0005857	0.000628286	0.000690136	0.000782165	0.000594268	0.000680053	0.000803271	0.000989568	0.00129142	0.00181877	0.00116847	0.00117	0.000954106	0.000349025	0.000108597	9.53271e-06	1.67372e-06	
7.28571	0.00328045	0.000726146	0.000576982	0.000618932	0.00067986	0.000770514	0.000585408	0.000669902	0.000791258	0.000974725	0.00127197	0.00179126	0.00115094	0.00115241	0.000939747	0.000343776	0.000106964	9.38932e-06	1.64855e-06	
7.31429	0.00322747	0.000715343	0.000568391	0.000609713	0.000669731	0.00075903	0.000576674	0.000659895	0.000779414	0.000960092	0.0012528	0.00176413	0.00113366	0.00113507	0.000925587	0.0003386	0.000105353	9.24791e-06	1.62372e-06	
7.34286	0.00317536	0.000704698	0.000559925	0.000600627	0.000659747	0.000747709	0.000568064	0.000650029	0.000767738	0.000945665	0.00123389	0.0017374	0.00111661	0.00111797	0.000911624	0.000333495	0.000103764	9.10845e-06	1.59923e-06	
7.37143	0.00312411	0.000694208	0.000551581	0.000591672	0.000649907	0.000736549	0.000559576	0.000640303	0.000756226	0.000931442	0.00121526	0.00171104	0.00109981	0.0011011	0.000897854	0.000328461	0.000102197	8.97091e-06	1.57508e-06	
7.4	0.00307371	0.000683871	0.000543358	0.000582846	0.000640207	0.000725548	0.000551208	0.000630714	0.000744877	0.00091742	0.00119689	0.00168506	0.00108323	0.00108447	0.000884274	0.000323496	0.000100652	8.83527e-06	1.55126e-06	
7.42857	0.00302415	0.000673685	0.000535254	0.000574147	0.000630645	0.000714703	0.000542958	0.00062126	0.000733687	0.000903595	0.00117878	0.00165945	0.00106688	0.00106807	0.000870882	0.000318599	9.91276e-05	8.7015e-06	1.52778e-06	
7.45714	0.0029754	0.000663646	0.000527267	0.000565573	0.000621221	0.000704012	0.000534826	0.00061194	0.000722655	0.000889965	0.00116092	0.0016342	0.00105077	0.00105189	0.000857675	0.00031377	9.76246e-05	8.56956e-06	1.50461e-06	
7.48571	0.00292747	0.000653753	0.000519396	0.000557122	0.000611931	0.000693473	0.000526808	0.000602751	0.000711779	0.000876527	0.00114332	0.00160931	0.00103487	0.00103594	0.000844649	0.000309007	9.61421e-05	8.43943e-06	1.48176e-06	
7.51429	0.00288032	0.000644005	0.000511638	0.000548792	0.000602773	0.000683083	0.000518903	0.000593692	0.000701055	0.000863277	0.00112596	0.00158477	0.00101919	0.0010202	0.000831802	0.000304309	9.46799e-05	8.31108e-06	1.45923e-06	
7.54286	0.00283395	0.000634397	0.000503992	0.000540582	0.000593746	0.000672841	0.00051111	0.00058476	0.000690482	0.000850214	0.00110885	0.00156057	0.00100373	0.00100469	0.000819132	0.000299675	9.32378e-05	8.18449e-06	1.437e-06	
7.57143	0.00278835	0.000624929	0.000496457	0.00053249	0.000584848	0.000662744	0.000503427	0.000575953	0.000680056	0.000837333	0.00109197	0.00153672	0.000988477	0.00098938	0.000806635	0.000295105	9.18152e-05	8.05961e-06	1.41507e-06	
7.6	0.0027435	0.000615599	0.00048903	0.000524513	0.000576076	0.000652789	0.000495852	0.00056727	0.000669777	0.000824633	0.00107534	0.0015132	0.000973436	0.000974284	0.000794309	0.000290596	9.0412e-05	7.93644e-06	1.39345e-06	
7.62857	0.00269938	0.000606403	0.00048171	0.000516651	0.000567429	0.000642975	0.000488383	0.000558709	0.000659642	0.00081211	0.00105893	0.00149002	0.000958601	0.000959393	0.000782151	0.000286149	8.90279e-05	7.81494e-06	1.37211e-06	
7.65714	0.002656	0.000597341	0.000474495	0.000508901	0.000558905	0.000633299	0.000481019	0.000550267	0.000649648	0.000799762	0.00104276	0.00146715	0.000943968	0.000944706	0.000770158	0.000281762	8.76625e-05	7.69508e-06	1.35107e-06	
7.68571	0.00261332	0.00058841	0.000467384	0.000501262	0.000550502	0.00062376	0.000473759	0.000541944	0.000639794	0.000787586	0.00102681	0.00144461	0.000929535	0.000930218	0.000758327	0.000277434	8.63155e-05	7.57683e-06	1.33031e-06	
7.71429	0.00257135	0.000579608	0.000460375	0.000493731	0.000542218	0.000614355	0.0004666	0.000533736	0.000630077	0.00077558	0.00101109	0.00142238	0.000915299	0.000915926	0.000746657	0.000273164	8.49867e-05	7.46018e-06	1.30982e-06	
7.74286	0.00253007	0.000570932	0.000453467	0.000486308	0.000534051	0.000605082	0.000459541	0.000525644	0.000620495	0.00076374	0.000995579	0.00140047	0.000901255	0.000901827	0.000735144	0.000268952	8.36757e-05	7.34509e-06	1.28962e-06	
7.77143	0.00248946	0.000562382	0.000446657	0.000478991	0.000525999	0.00059594	0.000452581	0.000517663	0.000611046	0.000752064	0.000980287	0.00137885	0.000887402	0.000887919	0.000723786	0.000264796	8.23822e-05	7.23154e-06	1.26968e-06	
7.8	0.00244953	0.000553956	0.000439946	0.000471778	0.000518062	0.000586926	0.000445718	0.000509794	0.000601727	0.00074055	0.000965207	0.00135754	0.000873735	0.000874197	0.00071258	0.000260696	8.1106e-05	7.1195e-06	1.25001e-06	
7.82857	0.00241024	0.00054565	0.00043333	0.000464667	0.000510236	0.000578037	0.000438951	0.000502034	0.000592538	0.000729195	0.000950335	0.00133652	0.000860253	0.000860659	0.000701524	0.000256649	7.98467e-05	7.00895e-06	1.2306e-06	
7.85714	0.0023716	0.000537464	0.000426808	0.000457657	0.00050252	0.000569273	0.000432278	0.000494381	0.000583476	0.000717997	0.000935667	0.00131579	0.000846952	0.000847302	0.000690615	0.000252657	7.86041e-05	6.89986e-06	1.21145e-06	
7.88571	0.0023336	0.000529396	0.00042038	0.000450747	0.000494913	0.000560632	0.000425697	0.000486834	0.000574538	0.000706952	0.000921202	0.00129535	0.000833828	0.000834122	0.00067985	0.000248717	7.73779e-05	6.79221e-06	1.19254e-06	
7.91429	0.00229621	0.000521443	0.000414043	0.000443934	0.000487413	0.00055211	0.000419207	0.000479391	0.000565723	0.000696059	0.000906935	0.00127519	0.000820879	0.000821118	0.000669228	0.000244829	7.61677e-05	6.68597e-06	1.17389e-06	
7.94286	0.00225944	0.000513604	0.000407796	0.000437217	0.000480017	0.000543707	0.000412808	0.00047205	0.000557029	0.000685315	0.000892863	0.0012553	0.000808103	0.000808285	0.000658745	0.000240991	7.49734e-05	6.58111e-06	1.15548e-06	
7.97143	0.00222327	0.000505878	0.000401638	0.000430595	0.000472725	0.000535421	0.000406496	0.00046481	0.000548454	0.000674717	0.000878982	0.00123569	0.000795496	0.00079562	0.0006484	0.000237204	7.37946e-05	6.47762e-06	1.13731e-06	
8	0.00218769	0.000498262	0.000395567	0.000424066	0.000465535	0.00052725	0.000400271	0.00045767	0.000539996	0.000664264	0.000865291	0.00121634	0.000783055	0.000783122	0.000638189	0.000233466	7.2631e-05	6.37546e-06	1.11937e-06	
8.02857	0.00215269	0.000490754	0.000389583	0.000417629	0.000458445	0.000519191	0.000394132	0.000450627	0.000531653	0.000653952	0.000851785	0.00119725	0.000770777	0.000770786	0.000628111	0.000229775	7.14825e-05	6.27462e-06	1.10167e-06	
8.05714	0.00211826	0.000483354	0.000383683	0.000411282	0.000451454	0.000511243	0.000388077	0.00044368	0.000523423	0.00064378	0.000838461	0.00117842	0.00075866	0.000758611	0.000618163	0.000226132	7.03486e-05	6.17507e-06	1.08419e-06	
8.08571	0.00208439	0.000476059	0.000377866	0.000405024	0.00044456	0.000503405	0.000382104	0.000436827	0.000515305	0.000633745	0.000825317	0.00115984	0.000746701	0.000746592	0.000608342	0.000222535	6.92291e-05	6.07678e-06	1.06693e-06	
8.11429	0.00205107	0.000468867	0.000372131	0.000398854	0.000437761	0.000495674	0.000376213	0.000430067	0.000507296	0.000623845	0.000812349	0.00114152	0.000734896	0.000734728	0.000598647	0.000218984	6.81238e-05	5.97973e-06	1.04989e-06	
8.14286	0.0020183	0.000461777	0.000366476	0.000392769	0.000431056	0.000488049	0.000370402	0.000423398	0.000499395	0.000614077	0.000799554	0.00112343	0.000723244	0.000723016	0.000589074	0.000215478	6.70324e-05	5.8839e-06	1.03307e-06	
8.17143	0.00198606	0.000454788	0.000360901	0.000386769	0.000424443	0.000480528	0.000364669	0.00041682	0.000491599	0.00060444	0.000786929	0.00110559	0.000711741	0.000711452	0.000579622	0.000212015	6.59546e-05	5.78926e-06	1.01645e-06	
8.2	0.00195434	0.000447897	0.000355404	0.000380852	0.000417922	0.00047311	0.000359014	0.000410329	0.000483907	0.00059493	0.000774472	0.00108798	0.000700385	0.000700034	0.000570288	0.000208595	6.48901e-05	5.69579e-06	1.00004e-06	
8.22857	0.00192314	0.000441104	0.000349984	0.000375017	0.000411489	0.000465792	0.000353435	0.000403925	0.000476318	0.000585547	0.000762178	0.00107061	0.000689173	0.000688758	0.00056107	0.000205217	6.38387e-05	5.60347e-06	9.83831e-07	
8.25714	0.00189245	0.000434406	0.000344639	0.000369263	0.000405145	0.000458572	0.000347931	0.000397607	0.000468829	0.000576287	0.000750046	0.00105346	0.000678102	0.000677624	0.000551966	0.00020188	6.28e-05	5.51226e-06	9.67818e-07	
8.28571	0.00186225	0.000427802	0.000339368	0.000363588	0.000398886	0.00045145	0.0003425	0.000391372	0.000461439	0.000567148	0.000738072	0.00103653	0.000667169	0.000666626	0.000542972	0.000198584	6.17739e-05	5.42216e-06	9.51998e-07	
8.31429	0.00183254	0.00042129	0.000334171	0.00035799	0.000392713	0.000444424	0.000337141	0.00038522	0.000454146	0.000558129	0.000726254	0.00101982	0.000656373	0.000655764	0.000534088	0.000195326	6.07601e-05	5.33312e-06	9.36367e-07	
8.34286	0.00180332	0.00041487	0.000329045	0.00035247	0.000386623	0.000437492	0.000331854	0.000379148	0.000446948	0.000549226	0.000714588	0.00100333	0.000645709	0.000645033	0.00052531	0.000192108	5.97582e-05	5.24514e-06	9.2092e-07	
8.37143	0.00177456	0.000408539	0.00032399	0.000347024	0.000380616	0.000430651	0.000326636	0.000373156	0.000439843	0.000540439	0.000703072	0.000987043	0.000635176	0.000634432	0.000516636	0.000188927	5.8768e-05	5.15819e-06	9.05653e-07	
8.4	0.00174627	0.000402295	0.000319004	0.000341652	0.000374688	0.000423902	0.000321487	0.000367242	0.000432831	0.000531764	0.000691703	0.000970965	0.000624771	0.000623957	0.000508065	0.000185783	5.77893e-05	5.07223e-06	8.90562e-07	
8.42857	0.00171844	0.000396139	0.000314087	0.000336353	0.000368841	0.000417242	0.000316405	0.000361404	0.000425908	0.0005232	0.000680477	0.000955089	0.000614492	0.000613606	0.000499592	0.000182675	5.68218e-05	4.98726e-06	8.75643e-07	
8.45714	0.00169106	0.000390067	0.000309236	0.000331126	0.000363071	0.000410669	0.000311389	0.000355642	0.000419074	0.000514744	0.000669393	0.000939411	0.000604334	0.000603376	0.000491218	0.000179602	5.58651e-05	4.90324e-06	8.60892e-07	
8.48571	0.00166412	0.000384079	0.000304452	0.000325968	0.000357377	0.000404182	0.000306437	0.000349954	0.000412326	0.000506395	0.000658447	0.000923927	0.000594297	0.000593265	0.000482938	0.000176564	5.49191e-05	4.82015e-06	8.46304e-07	
8.51429	0.00163762	0.000378173	0.000299732	0.00032088	0.000351759	0.000397779	0.00030155	0.000344338	0.000405664	0.00049815	0.000647637	0.000908633	0.000584377	0.000583269	0.000474751	0.000173559	5.39835e-05	4.73797e-06	8.31876e-07	
8.54286	0.00161154	0.000372347	0.000295076	0.000315859	0.000346214	0.000391459	0.000296725	0.000338793	0.000399085	0.000490007	0.000636959	0.000893524	0.000574572	0.000573386	0.000466655	0.000170586	5.30579e-05	4.65667e-06	8.17602e-07	
8.57143	0.00158588	0.000366601	0.000290482	0.000310905	0.000340741	0.00038522	0.000291961	0.000333317	0.000392588	0.000481965	0.000626412	0.000878597	0.000564879	0.000563614	0.000458646	0.000167645	5.21422e-05	4.57623e-06	8.03479e-07	
8.6	0.00156064	0.000360933	0.00028595	0.000306016	0.00033534	0.000379061	0.000287257	0.00032791	0.000386171	0.00047402	0.000615991	0.000863847	0.000555295	0.000553948	0.000450723	0.000164735	5.12359e-05	4.49661e-06	7.89502e-07	
8.62857	0.0015358	0.000355342	0.000281478	0.000301191	0.000330008	0.000372981	0.000282612	0.00032257	0.000379832	0.000466172	0.000605695	0.000849271	0.000545818	0.000544388	0.000442884	0.000161854	5.03389e-05	4.41781e-06	7.75667e-07	
8.65714	0.00151136	0.000349825	0.000277065	0.000296429	0.000324745	0.000366976	0.000278025	0.000317295	0.00037357	0.000458417	0.000595521	0.000834864	0.000536445	0.00053493	0.000435126	0.000159003	4.94509e-05	4.33979e-06	7.6197e-07	
8.68571	0.00148731	0.000344382	0.00027271	0.000291729	0.000319549	0.000361047	0.000273494	0.000312084	0.000367384	0.000450755	0.000585465	0.000820623	0.000527174	0.00052557	0.000427446	0.000156179	4.85715e-05	4.26253e-06	7.48405e-07	
8.71429	0.00146364	0.000339012	0.000268412	0.000287089	0.000314418	0.000355191	0.000269018	0.000306936	0.00036127	0.000443182	0.000575526	0.000806543	0.000518001	0.000516308	0.000419843	0.000153383	4.77005e-05	4.18599e-06	7.34968e-07	
8.74286	0.00144036	0.000333713	0.00026417	0.000282508	0.000309351	0.000349408	0.000264597	0.00030185	0.000355229	0.000435697	0.0005657	0.00079262	0.000508925	0.000507138	0.000412313	0.000150612	4.68375e-05	4.11016e-06	7.21656e-07	
8.77143	0.00141745	0.000328483	0.000259983	0.000277986	0.000304348	0.000343694	0.000260228	0.000296823	0.000349258	0.000428297	0.000555985	0.00077885	0.000499942	0.00049806	0.000404855	0.000147867	4.59823e-05	4.03501e-06	7.08462e-07	
8.8	0.0013949	0.000323322	0.00025585	0.00027352	0.000299406	0.00033805	0.000255911	0.000291856	0.000343355	0.000420981	0.000546377	0.000765229	0.00049105	0.00048907	0.000397466	0.000145147	4.51346e-05	3.96051e-06	6.95382e-07	
8.82857	0.00137272	0.000318228	0.000251769	0.00026911	0.000294525	0.000332473	0.000251645	0.000286945	0.00033752	0.000413747	0.000536874	0.000751753	0.000482246	0.000480165	0.000390143	0.000142449	4.4294e-05	3.88662e-06	6.82411e-07	
8.85714	0.00135088	0.000313199	0.000247739	0.000264755	0.000289703	0.000326962	0.000247429	0.00028209	0.00033175	0.000406592	0.000527473	0.000738418	0.000473527	0.000471342	0.000382883	0.000139774	4.34603e-05	3.81333e-06	6.69544e-07	
8.88571	0.0013294	0.000308235	0.00024376	0.000260452	0.000284938	0.000321516	0.00024326	0.00027729	0.000326043	0.000399514	0.000518171	0.000725219	0.000464891	0.000462598	0.000375685	0.00013712	4.2633e-05	3.7406e-06	6.56776e-07	
8.91429	0.00130826	0.000303334	0.00023983	0.000256202	0.00028023	0.000316132	0.000239139	0.000272543	0.000320398	0.000392511	0.000508966	0.000712152	0.000456334	0.000453931	0.000368546	0.000134486	4.18118e-05	3.66841e-06	6.44102e-07	
8.94286	0.00128745	0.000298495	0.000235949	0.000252003	0.000275577	0.000310809	0.000235063	0.000267848	0.000314813	0.000385582	0.000499854	0.000699212	0.000447854	0.000445336	0.000361462	0.000131871	4.09965e-05	3.59671e-06	6.31516e-07	
8.97143	0.00126698	0.000293716	0.000232114	0.000247854	0.000270977	0.000305546	0.000231032	0.000263203	0.000309287	0.000378723	0.000490832	0.000686397	0.000439448	0.000436812	0.000354432	0.000129275	4.01866e-05	3.52549e-06	6.19012e-07	
9	0.00124682	0.000288995	0.000228326	0.000243753	0.00026643	0.000300341	0.000227044	0.000258607	0.000303817	0.000371932	0.000481898	0.0006737	0.000431113	0.000428355	0.000347451	0.000126695	3.93818e-05	3.4547e-06	6.06584e-07	
9.02857	0.00122699	0.000284333	0.000224583	0.0002397	0.000261934	0.000295193	0.000223098	0.000254058	0.000298403	0.000365208	0.000473048	0.000661117	0.000422846	0.000419962	0.000340518	0.000124131	3.85816e-05	3.3843e-06	5.94227e-07	
9.05714	0.00120747	0.000279727	0.000220883	0.000235693	0.000257487	0.0002901	0.000219193	0.000249555	0.000293041	0.000358548	0.00046428	0.000648645	0.000414643	0.00041163	0.00033363	0.000121581	3.77858e-05	3.31427e-06	5.81934e-07	
9.08571	0.00118826	0.000275175	0.000217226	0.00023173	0.000253089	0.000285059	0.000215328	0.000245096	0.000287731	0.00035195	0.000455589	0.000636277	0.000406502	0.000403354	0.000326783	0.000119045	3.69938e-05	3.24457e-06	5.69698e-07	
9.11429	0.00116935	0.000270678	0.000213611	0.000227811	0.000248737	0.00028007	0.000211501	0.00024068	0.00028247	0.00034541	0.000446974	0.000624009	0.00039842	0.000395132	0.000319974	0.000116521	3.62052e-05	3.17515e-06	5.57512e-07	
9.14286	0.00115074	0.000266232	0.000210036	0.000223934	0.00024443	0.000275131	0.00020771	0.000236305	0.000277257	0.000338928	0.00043843	0.000611837	0.000390392	0.00038696	0.0003132	0.000114007	3.54196e-05	3.10598e-06	5.4537e-07	
9.17143	0.00113242	0.000261837	0.0002065	0.000220099	0.000240167	0.00027024	0.000203955	0.00023197	0.000272089	0.0003325	0.000429953	0.000599755	0.000382416	0.000378835	0.000306458	0.000111503	3.46365e-05	3.03701e-06	5.33262e-07	
9.2	0.00111439	0.000257491	0.000203002	0.000216302	0.000235946	0.000265395	0.000200234	0.000227673	0.000266965	0.000326124	0.000421542	0.000587757	0.000374488	0.000370753	0.000299744	0.000109006	3.38554e-05	2.96818e-06	5.21182e-07	
9.22857	0.00109664	0.000253193	0.000199541	0.000212544	0.000231766	0.000260595	0.000196546	0.000223412	0.000261882	0.000319797	0.000413191	0.000575838	0.000366605	0.000362709	0.000293054	0.000106516	3.30757e-05	2.89946e-06	5.09119e-07	
9.25714	0.00107917	0.000248941	0.000196115	0.000208823	0.000227624	0.000255836	0.000192889	0.000219186	0.000256839	0.000313516	0.000404897	0.000563993	0.000358762	0.000354699	0.000286385	0.00010403	3.22969e-05	2.83079e-06	4.97066e-07	
9.28571	0.00106197	0.000244733	0.000192723	0.000205137	0.00022352	0.000251119	0.000189262	0.000214992	0.000251832	0.000307278	0.000396657	0.000552216	0.000350955	0.00034672	0.000279733	0.000101547	3.15184e-05	2.76211e-06	4.85011e-07	
9.31429	0.00104503	0.000240568	0.000189364	0.000201485	0.000219452	0.00024644	0.000185662	0.000210829	0.00024686	0.000301081	0.000388465	0.0005405	0.000343181	0.000338767	0.000273093	9.90654e-05	3.07395e-05	2.69337e-06	4.72945e-07	
9.34286	0.00102836	0.000236445	0.000186037	0.000197865	0.000215417	0.000241797	0.000182088	0.000206695	0.00024192	0.000294921	0.000380319	0.000528838	0.000335435	0.000330834	0.000266461	9.65829e-05	2.99596e-05	2.62448e-06	4.60855e-07	
9.37143	0.00101195	0.000232361	0.000182739	0.000194276	0.000211414	0.000237187	0.000178539	0.000202587	0.00023701	0.000288796	0.000372212	0.000517224	0.000327712	0.000322918	0.000259832	9.40976e-05	2.91778e-05	2.55539e-06	4.48728e-07	
9.4	0.000995785	0.000228315	0.000179469	0.000190715	0.000207441	0.00023261	0.000175013	0.000198503	0.000232127	0.0002827	0.00036414	0.00050565	0.000320007	0.000315012	0.000253202	9.16072e-05	2.83935e-05	2.486e-06	4.36551e-07	
9.42857	0.000979871	0.000224305	0.000176227	0.000187181	0.000203495	0.000228061	0.000171507	0.000194442	0.000227267	0.000276631	0.000356099	0.000494109	0.000312315	0.000307111	0.000246564	8.91094e-05	2.76056e-05	2.41625e-06	4.24309e-07	
9.45714	0.000964201	0.000220328	0.000173009	0.000183673	0.000199575	0.000223539	0.000168019	0.000190399	0.000222429	0.000270585	0.000348082	0.000482591	0.000304631	0.000299208	0.000239913	8.66016e-05	2.68133e-05	2.34601e-06	4.11983e-07	
9.48571	0.000948768	0.000216383	0.000169814	0.000180187	0.000195678	0.00021904	0.000164547	0.000186374	0.000217608	0.000264557	0.000340083	0.000471089	0.000296948	0.000291298	0.000233243	8.40811e-05	2.60154e-05	2.2752e-06	3.99555e-07	
9.51429	0.000933569	0.000212467	0.00016664	0.000176721	0.0001918	0.000214561	0.000161089	0.000182362	0.0002128	0.000258542	0.000332096	0.00045959	0.000289259	0.000283373	0.000226547	8.15448e-05	2.52108e-05	2.20369e-06	3.87003e-07	
9.54286	0.000918599	0.000208577	0.000163486	0.000173274	0.000187941	0.0002101	0.000157641	0.00017836	0.000208002	0.000252536	0.000324114	0.000448086	0.000281557	0.000275425	0.000219817	7.89894e-05	2.43982e-05	2.13134e-06	3.74304e-07	
9.57143	0.000903853	0.000204712	0.000160347	0.000169842	0.000184096	0.000205651	0.000154202	0.000174365	0.00020321	0.000246532	0.000316129	0.000436563	0.000273835	0.000267445	0.000213046	7.64112e-05	2.35761e-05	2.05799e-06	3.61427e-07	
9.6	0.000889326	0.000200867	0.000157223	0.000166423	0.000180261	0.000201211	0.000150766	0.000170373	0.000198418	0.000240525	0.000308132	0.000425009	0.000266082	0.000259423	0.000206223	7.38059e-05	2.27428e-05	1.98348e-06	3.48342e-07	
9.62857	0.000875013	0.00019704	0.00015411	0.000163013	0.000176433	0.000196775	0.000147332	0.00016638	0.000193621	0.000234507	0.000300113	0.000413407	0.00025829	0.000251349	0.000199338	7.11689e-05	2.18964e-05	1.90759e-06	3.35009e-07	
9.65714	0.000860909	0.000193226	0.000151004	0.000159608	0.000172608	0.000192338	0.000143894	0.000162379	0.000188812	0.00022847	0.000292061	0.00040174	0.000250446	0.000243211	0.000192379	6.84948e-05	2.10347e-05	1.83008e-06	3.21384e-07	
9.68571	0.000847009	0.000189421	0.000147902	0.000156204	0.00016878	0.000187894	0.000140447	0.000158366	0.000183985	0.000222405	0.000283962	0.000389989	0.000242536	0.000234992	0.000185334	6.57774e-05	2.01552e-05	1.75067e-06	3.07412e-07	
9.71429	0.000833307	0.000185621	0.0001448	0.000152796	0.000164944	0.000183434	0.000136986	0.000154334	0.000179131	0.0002163	0.000275802	0.000378129	0.000234547	0.000226678	0.000178184	6.30094e-05	1.92549e-05	1.66902e-06	2.93026e-07	
9.74286	0.000819797	0.000181819	0.000141692	0.000149377	0.000161092	0.000178952	0.000133504	0.000150273	0.000174239	0.000210142	0.000267562	0.000366132	0.000226457	0.000218247	0.000170911	6.0182e-05	1.833e-05	1.58472e-06	2.78144e-07	
9.77143	0.000806473	0.000178007	0.000138572	0.000145941	0.000157215	0.000174437	0.000129992	0.000146175	0.000169298	0.000203916	0.000259219	0.000353964	0.000218245	0.000209674	0.000163491	5.72846e-05	1.73761e-05	1.49727e-06	2.62663e-07	
9.8	0.000793328	0.000174178	0.000135432	0.000142479	0.000153303	0.000169874	0.00012644	0.000142027	0.000164291	0.000197601	0.000250746	0.000341581	0.000209882	0.000200928	0.000155895	5.43038e-05	1.63877e-05	1.40601e-06	2.46447e-07	
9.82857	0.000780354	0.000170319	0.000132263	0.000138979	0.000149344	0.000165249	0.000122835	0.000137812	0.000159199	0.00019117	0.000242106	0.000328927	0.00020133	0.00019197	0.000148083	5.12223e-05	1.53575e-05	1.31012e-06	2.29319e-07	
9.85714	0.000767541	0.000166417	0.000129051	0.000135426	0.000145317	0.000160539	0.000119159	0.00013351	0.000153995	0.000184591	0.00023325	0.000315925	0.000192539	0.000182744	0.000140004	4.80168e-05	1.42757e-05	1.2085e-06	2.1103e-07	
9.88571	0.000754876	0.000162451	0.000125779	0.000131799	0.0001412	0.000155713	0.000115387	0.000129091	0.000148643	0.000177813	0.00022411	0.000302469	0.000183438	0.000173173	0.000131583	4.4654e-05	1.31285e-05	1.09956e-06	1.91228e-07	
9.91429	0.000742343	0.000158385	0.000122417	0.000128065	0.000136952	0.000150726	0.000111483	0.00012451	0.000143086	0.000170763	0.000214582	0.000288396	0.000173916	0.000163136	0.000122706	4.10825e-05	1.18945e-05	9.80927e-07	1.69361e-07	
9.94286	0.000729907	0.000154156	0.000118909	0.00012416	0.000132501	0.000145489	0.000107375	0.000119684	0.000137225	0.000163314	0.00020449	0.000273431	0.000163789	0.000152428	0.00011317	3.72121e-05	1.05365e-05	8.48507e-07	1.44482e-07	
9.97143	0.000717496	0.000149607	0.000115118	0.000119927	0.00012766	0.00013978	0.000102889	0.000114406	0.000130805	0.000155142	0.000193394	0.000256925	0.000152637	0.000140602	0.000102544	3.28452e-05	8.97292e-06	6.93465e-07	1.14545e-07	
10	0.000704925	0.00014431	0.000110654	0.000114893	0.000121851	0.000132864	9.7412e-05	0.000107919	0.000122859	0.000144946	0.000179414	0.000235852	0.00013837	0.00012533	8.85677e-05	2.69593e-05	6.7776e-06	4.69487e-07	6.88707e-08	
