Numero de iteracoes: 13
Erro: 2.578e-07
Tempo de Resolucao do Problema: 224.953 segundos
/////////////////////////////////////////////
Posicao	Fluxo Escalar
	Grupo de Energia 1	Grupo de Energia 2	Grupo de Energia 3	Grupo de Energia 4	Grupo de Energia 5	Grupo de Energia 6	Grupo de Energia 7	Grupo de Energia 8	Grupo de Energia 9	Grupo de Energia 10	Grupo de Energia 11	Grupo de Energia 12	Grupo de Energia 13	Grupo de Energia 14	Grupo de Energia 15	Grupo de Energia 16	Grupo de Energia 17	Grupo de Energia 18	Grupo de Energia 19	Grupo de Energia 20
0	1.85948	0.0347365	0.0169816	0.0101764	0.00999459	0.00501282	0.00377253	0.00295074	0.00237554	0.00235687	0.00165681	0.00140745	0.00121223	0.0010559	0.000928546	0.000823305	0.00073527	0.000660841	0.000597318	0.000542647	
0.2	1.89126	0.0379723	0.0190933	0.0117243	0.0113734	0.00601792	0.00461385	0.00367192	0.00300487	0.00296249	0.00215967	0.00186102	0.00162503	0.00143435	0.00127765	0.00114707	0.00103695	0.000943108	0.000862406	0.000792433	
0.4	1.93519	0.0403094	0.0204481	0.0126208	0.0122169	0.00650658	0.00499308	0.00397478	0.00325206	0.00321242	0.00233415	0.00200928	0.00175236	0.00154463	0.00137384	0.00123146	0.00111136	0.001009	0.000920961	0.000844632	
0.6	1.99077	0.0422021	0.0215313	0.0133492	0.012893	0.0069321	0.00533771	0.00426241	0.00349747	0.00345365	0.00252332	0.0021772	0.00190298	0.00168085	0.00149791	0.00134515	0.00121608	0.00110593	0.00101105	0.000928671	
0.8	2.05854	0.0438511	0.0224812	0.01399	0.0134847	0.00729597	0.00562474	0.00449439	0.00368838	0.00364492	0.00265918	0.0022928	0.00200225	0.00176672	0.00157265	0.00141054	0.00127356	0.00115664	0.00105595	0.000968542	
1	2.14014	0.0453473	0.0233451	0.0145703	0.0140184	0.00762234	0.00588302	0.00470506	0.00386441	0.00381872	0.00279031	0.00240779	0.00210438	0.0018584	0.00165567	0.0014863	0.00134315	0.00122093	0.00111564	0.00102421	
1.2	2.23848	0.0467294	0.0241413	0.0151025	0.0145049	0.00792029	0.0061187	0.00489671	0.00402348	0.00397535	0.00290561	0.00250703	0.00219058	0.00193382	0.00172207	0.00154508	0.00139542	0.00126761	0.00115747	0.00106183	
1.4	2.35818	0.0480018	0.0248732	0.0155894	0.0149461	0.00819151	0.00633412	0.00507323	0.00417165	0.00411894	0.00301662	0.00260479	0.00227775	0.00201236	0.00179346	0.00161047	0.00145573	0.00132355	0.00120965	0.00111071	
1.6	2.5063	0.049128	0.025523	0.0160209	0.0153322	0.00842632	0.00651762	0.0052207	0.00429279	0.00423628	0.00310284	0.00267875	0.00234188	0.00206846	0.00184291	0.00165435	0.00149488	0.00135867	0.00124127	0.00113931	
1.8	2.69346	0.0499896	0.026017	0.0163534	0.0156201	0.00861597	0.00667071	0.00534791	0.00440092	0.0043374	0.00318521	0.00275203	0.00240782	0.00212837	0.00189782	0.00170504	0.001542	0.00140272	0.00128268	0.0011784	
2	2.93556	0.0502793	0.0260824	0.0163384	0.0156189	0.00854653	0.00659542	0.00527064	0.00432379	0.00426591	0.0031102	0.00267959	0.00233793	0.00206099	0.00183288	0.00164245	0.00148164	0.00134448	0.00122644	0.00112406	
2.2	3.22992	0.051059	0.0264504	0.0165391	0.0157973	0.00861126	0.00663115	0.00528737	0.00432765	0.0042679	0.00309776	0.00266285	0.00231803	0.0020388	0.00180903	0.00161744	0.00145582	0.00131813	0.00119977	0.00109725	
2.4	3.43594	0.0521366	0.0270798	0.0169717	0.0161661	0.00886693	0.00683987	0.00546236	0.00447737	0.00440695	0.00321268	0.0027652	0.00241006	0.00212224	0.00188521	0.00168742	0.00152046	0.00137813	0.0012557	0.00114958	
2.6	3.58196	0.0531457	0.0276516	0.0173497	0.0164977	0.00907196	0.00700019	0.00559124	0.00458326	0.00450741	0.00328779	0.00282966	0.00246596	0.00217115	0.00192836	0.00172574	0.0015547	0.00140888	0.00128347	0.00117477	
2.8	3.68495	0.0539825	0.0281143	0.0176547	0.0167659	0.00924383	0.00713867	0.00570643	0.00468138	0.00459946	0.00336289	0.00289651	0.00252608	0.00222567	0.00197814	0.00177147	0.00159693	0.00144807	0.00131998	0.00120891	
3	3.75504	0.0546211	0.0284579	0.0178789	0.0169638	0.009368	0.0072372	0.0057868	0.00474826	0.00466291	0.00341135	0.00293839	0.00256259	0.00225774	0.00200649	0.00179667	0.00161945	0.00146827	0.00133818	0.00122535	
3.2	3.79821	0.0550576	0.02868	0.0180198	0.0170889	0.00944463	0.00729827	0.00583724	0.00479108	0.00470284	0.00344412	0.00296769	0.0025891	0.00228193	0.00202875	0.00181729	0.00163864	0.00148623	0.00135505	0.00124125	
3.4	3.81773	0.055292	0.0287799	0.0180766	0.01714	0.00947278	0.00732039	0.00585538	0.00480636	0.00471653	0.00345537	0.00297749	0.00259765	0.00228941	0.00203527	0.00182297	0.00164358	0.00149051	0.00135874	0.00124442	
3.6	3.81504	0.0553238	0.0287563	0.0180482	0.017116	0.00945183	0.00730328	0.00584147	0.00479507	0.00470435	0.00344784	0.00297147	0.00259288	0.00228569	0.00203243	0.00182088	0.00164214	0.00148961	0.0013583	0.00124438	
3.8	3.79009	0.05515	0.0286068	0.0179326	0.0170151	0.00938034	0.00724558	0.00579404	0.00475542	0.00466484	0.00341863	0.00294607	0.00257051	0.00226576	0.00201451	0.00180462	0.00162726	0.0014759	0.0013456	0.00123254	
4	3.74134	0.0547645	0.0283273	0.0177266	0.0168344	0.00925594	0.00714542	0.0057118	0.00468685	0.0045971	0.00336885	0.00290329	0.00253343	0.0022334	0.00198611	0.00177956	0.00160505	0.00145614	0.00132795	0.00121673	
4.2	3.6654	0.0541572	0.0279117	0.0174251	0.01657	0.00907478	0.00699894	0.00559056	0.00458458	0.0044972	0.00329231	0.00283621	0.00247404	0.00218035	0.00193837	0.00173631	0.00156563	0.00142002	0.0012947	0.00118598	
4.4	3.55614	0.0533132	0.0273522	0.017022	0.0162166	0.008833	0.00680416	0.00543031	0.0044505	0.00436596	0.00319408	0.00275118	0.00239974	0.00211493	0.00188037	0.00168459	0.00151927	0.00137828	0.00125695	0.00115172	
4.6	3.40326	0.0522133	0.0266393	0.0165105	0.0157687	0.00851954	0.00654719	0.00521473	0.0042664	0.00418803	0.00305349	0.0026269	0.00228886	0.00201526	0.00179018	0.0016025	0.00144417	0.00130925	0.00119324	0.00109269	
4.8	3.1895	0.0508388	0.0257577	0.0158892	0.0152187	0.0081523	0.0062511	0.00497009	0.00406039	0.0039875	0.00290014	0.0024929	0.00217065	0.00191015	0.00169609	0.00151778	0.0013675	0.00123954	0.0011296	0.00103439	
5	2.88614	0.0491958	0.0246397	0.0150631	0.0144952	0.00762342	0.00581081	0.00459518	0.00373552	0.0036746	0.0026447	0.00226401	0.00196371	0.00172165	0.00152331	0.00135853	0.00122	0.00110234	0.00100149	0.000914335	
5.2	2.5134	0.046659	0.0229486	0.013826	0.0134146	0.0068402	0.00516148	0.00404438	0.00326002	0.00321924	0.00227359	0.00193269	0.00166526	0.00145085	0.00127605	0.00113153	0.00101061	0.000908374	0.000821119	0.00074604	
5.4	2.25769	0.0446123	0.0216801	0.0129513	0.0126319	0.00634006	0.0047644	0.00372112	0.00299171	0.00295662	0.00207936	0.00176538	0.00151973	0.00132325	0.00116341	0.00103151	0.000921332	0.000828313	0.00074903	0.000680889	
5.6	2.06998	0.0428776	0.0205968	0.012196	0.0119585	0.00589846	0.00441025	0.00342992	0.00274758	0.00271899	0.0018988	0.00160813	0.00138137	0.00120048	0.00105365	0.000932748	0.000831946	0.000746992	0.000674698	0.000612653	
5.8	1.9241	0.0413669	0.0196581	0.0115538	0.0113781	0.00554283	0.00413325	0.00320867	0.0025673	0.00254061	0.00177252	0.00150104	0.00128956	0.00112104	0.000984372	0.000871908	0.000778183	0.000699216	0.000632025	0.000574362	
6	1.80576	0.0400289	0.0188341	0.0109969	0.0108704	0.00523695	0.00389438	0.00301669	0.00240945	0.00238525	0.00165919	0.00140355	0.00120468	0.00104639	0.000918147	0.000812702	0.000724892	0.000650956	0.000588082	0.00053415	
6.2	1.70687	0.0388312	0.0181033	0.010508	0.0104214	0.00497443	0.00369226	0.00285679	0.00228024	0.00225688	0.00156983	0.00132821	0.00114041	0.000991015	0.000870022	0.00077056	0.000687735	0.000617991	0.000558671	0.000507776	
6.4	1.62265	0.0377518	0.0174501	0.010075	0.0100208	0.00474514	0.00351636	0.00271768	0.00216748	0.00214514	0.0014906	0.00126064	0.00108199	0.000939915	0.000824876	0.000730324	0.000651599	0.000585315	0.000528944	0.000480584	
6.6	1.5501	0.0367755	0.0168633	0.00968923	0.00966157	0.00454385	0.00336312	0.00259747	0.00207091	0.00204902	0.00142417	0.00120471	0.00103428	0.000898797	0.000789109	0.000698962	0.000623902	0.000560698	0.000506939	0.00046081	
6.8	1.48726	0.035891	0.0163345	0.00934424	0.00933828	0.00436613	0.00322847	0.00249212	0.00198631	0.00196487	0.00136558	0.00115504	0.000991548	0.000861566	0.000756322	0.000669816	0.000597777	0.00053711	0.000485503	0.000441218	
7	1.43271	0.0350897	0.0158576	0.0090351	0.00904682	0.00420876	0.0031099	0.00239982	0.00191255	0.00189133	0.00131506	0.00111251	0.000955254	0.000830235	0.000729011	0.000645807	0.000576516	0.00051816	0.000468514	0.000425908	
7.2	1.38543	0.0343645	0.0154272	0.00875783	0.00878383	0.00406913	0.00300518	0.00231858	0.00184778	0.0018267	0.00127067	0.00107507	0.000923174	0.000802393	0.000704577	0.000624155	0.000557164	0.000500732	0.000452714	0.000411496	
7.4	1.34461	0.0337095	0.015039	0.008509	0.00854643	0.00394503	0.00291253	0.00224697	0.00179086	0.00176981	0.00123186	0.00104244	0.000895311	0.000778311	0.000683545	0.000605623	0.000540709	0.000486023	0.000439488	0.000399541	
7.6	1.30963	0.0331194	0.014689	0.00828557	0.00833203	0.00383448	0.00283037	0.00218373	0.00174078	0.00171964	0.00119794	0.00101399	0.000871081	0.000757399	0.000665293	0.000589534	0.000526403	0.000473202	0.000427917	0.000389034	
7.8	1.27996	0.0325893	0.0143736	0.00808462	0.00813813	0.00373558	0.00275707	0.0021274	0.00169621	0.00167492	0.00116768	0.000988568	0.000849381	0.000738631	0.000648883	0.000575049	0.000513514	0.000461652	0.000417504	0.000379595	
8	1.25518	0.0321142	0.014089	0.00790319	0.00796223	0.00364651	0.00269133	0.00207717	0.00165676	0.00163511	0.00114141	0.000966751	0.000830985	0.000722921	0.000635315	0.000563216	0.000503102	0.000452418	0.000409255	0.000372178	
8.2	1.23494	0.0316888	0.013831	0.00773803	0.00780154	0.00356473	0.00263064	0.00203044	0.0016197	0.00159781	0.00111612	0.000945479	0.000812802	0.000707174	0.000621528	0.000551031	0.000492244	0.000442674	0.000400456	0.000364188	
8.4	1.21896	0.0313068	0.013595	0.00758535	0.00765276	0.00348876	0.00257462	0.00198779	0.00158639	0.0015639	0.00109431	0.000927592	0.000797929	0.000694669	0.000610914	0.000541945	0.000484409	0.000435871	0.000394513	0.000358966	
8.6	1.20698	0.0309593	0.0133748	0.00743908	0.00751137	0.00341085	0.002515	0.0019406	0.00154805	0.00152556	0.00106712	0.000904365	0.000777822	0.000677072	0.000595371	0.000528108	0.000472004	0.000424682	0.000384365	0.000349717	
8.8	1.19879	0.0306263	0.0131611	0.00729698	0.00737315	0.00333595	0.00245835	0.00189641	0.00151276	0.00148986	0.00104318	0.000884448	0.000761081	0.000662889	0.00058328	0.00051775	0.000463097	0.000417	0.000377725	0.000343969	
9	1.19419	0.0302435	0.0128899	0.00709832	0.00718844	0.00320989	0.00235453	0.00180852	0.00143683	0.00141631	0.000983314	0.000830805	0.000712542	0.000618626	0.000542659	0.000480267	0.000428345	0.000384647	0.000347497	0.000315634	
9.2	1.19354	0.029878	0.0126183	0.00689568	0.00699906	0.00307876	0.00224618	0.00171659	0.00135729	0.0013391	0.000920503	0.000774535	0.000661647	0.000572239	0.000500112	0.000441026	0.000391982	0.000350806	0.000315884	0.000286001	
9.4	1.19849	0.0297529	0.0125161	0.00682371	0.00692576	0.00304037	0.0022179	0.00169531	0.00134106	0.00132183	0.000910722	0.000767059	0.000655978	0.000568016	0.000497061	0.000438938	0.000390691	0.00035018	0.000315818	0.000286409	
9.6	1.20889	0.0297693	0.0124896	0.00679677	0.00689716	0.0030211	0.00220239	0.00168257	0.00133042	0.00131077	0.000902793	0.000760196	0.000649956	0.00056267	0.000492265	0.000434594	0.000386722	0.000346523	0.000312421	0.00028323	
9.8	1.22467	0.029906	0.0125334	0.00681799	0.00691283	0.00303164	0.00221162	0.00169097	0.00133822	0.00131739	0.000909642	0.000766686	0.000656114	0.000568522	0.000497836	0.000439906	0.000391794	0.000351376	0.000317071	0.000287693	
10	1.24587	0.0301538	0.0126396	0.00687819	0.00696618	0.00305993	0.00223304	0.0017078	0.00135179	0.00133026	0.000918972	0.000774579	0.000662855	0.000574323	0.000502858	0.000444272	0.000395603	0.000354705	0.000319986	0.000290245	
10.2	1.27256	0.0305071	0.0128039	0.00697475	0.00705437	0.00310698	0.00226907	0.00173654	0.00137543	0.00135288	0.000936115	0.000789491	0.000675995	0.000586026	0.000513375	0.000453799	0.000404293	0.000362681	0.000327348	0.000297075	
10.4	1.30493	0.0309619	0.0130238	0.00710552	0.00717547	0.00317018	0.00231667	0.00177372	0.00140528	0.00138194	0.000956649	0.000806837	0.000690826	0.000598831	0.000524521	0.000463569	0.000412907	0.000370316	0.000334142	0.000303145	
10.6	1.34318	0.0315159	0.0132976	0.00726943	0.00732835	0.00324945	0.0023763	0.00182036	0.00144286	0.00141854	0.000982897	0.00082925	0.000710243	0.000615856	0.000539605	0.000477055	0.000425062	0.000381348	0.000344221	0.000312407	
10.8	1.38763	0.0321675	0.0136244	0.00746602	0.0075124	0.00334435	0.00244739	0.00187563	0.00148709	0.00146184	0.00101324	0.000854867	0.000732154	0.000634797	0.000556127	0.000491576	0.000437908	0.000392778	0.000354442	0.000321585	
11	1.43865	0.0329159	0.0140041	0.00769526	0.00772741	0.00345506	0.00253026	0.00194007	0.00153869	0.00151238	0.00104886	0.000885102	0.000758201	0.000657518	0.00057616	0.000509406	0.00045391	0.000407246	0.000367609	0.000333641	
11.2	1.49669	0.0337607	0.0144369	0.0079575	0.00797345	0.00358192	0.00262515	0.00201375	0.00159756	0.00157013	0.00108921	0.000919163	0.000787342	0.000682725	0.000598166	0.00052877	0.000471066	0.000422536	0.000381308	0.00034597	
11.4	1.56234	0.034702	0.0149232	0.00825339	0.00825081	0.00372548	0.00273261	0.00209724	0.00166435	0.00163563	0.0011352	0.000958145	0.000820878	0.000711937	0.000623887	0.000551633	0.000491556	0.000441036	0.000398122	0.000361343	
11.6	1.63627	0.0357401	0.0154638	0.00858377	0.00855994	0.00388645	0.00285324	0.002191	0.00173932	0.00170918	0.0011866	0.00100153	0.000858001	0.000744052	0.000651929	0.000576314	0.000513431	0.000460542	0.000415608	0.000377094	
11.8	1.71932	0.0368752	0.0160597	0.00894966	0.00890138	0.00406572	0.00298786	0.00229584	0.00182333	0.00179151	0.00124459	0.00105073	0.000900349	0.000780958	0.000684436	0.000605213	0.000539333	0.000483926	0.000436856	0.000396512	
12	1.81249	0.0381075	0.0167116	0.00935215	0.0092757	0.00426422	0.00313725	0.00241232	0.00191666	0.00188299	0.00130869	0.00110486	0.000946665	0.000821019	0.000719408	0.000635988	0.000566604	0.000508241	0.000458654	0.000416149	
12.2	1.91702	0.0394369	0.0174206	0.00979236	0.00968343	0.00448308	0.00330259	0.00254173	0.0020208	0.00198481	0.00138103	0.00116639	0.000999756	0.000867375	0.000760301	0.000672384	0.000599254	0.000537736	0.000485465	0.000440657	
12.4	2.03443	0.0408628	0.0181871	0.0102713	0.0101249	0.00472318	0.00348447	0.00268422	0.00213535	0.00209686	0.00145998	0.00123312	0.00105688	0.000916792	0.000803439	0.00071034	0.000632882	0.000567714	0.000512337	0.000464863	
12.6	2.16668	0.0423837	0.0190114	0.0107897	0.0106003	0.00498599	0.00368482	0.00284231	0.00226349	0.00222158	0.00154998	0.00131006	0.00112353	0.00097518	0.000855085	0.000756407	0.000674279	0.000605159	0.000546407	0.000496027	
12.8	2.31636	0.043997	0.019893	0.011348	0.0111093	0.00527136	0.00390268	0.00301403	0.0024022	0.00235679	0.00164612	0.00139151	0.00119338	0.00103569	0.000907964	0.000802973	0.000715563	0.000641983	0.000579429	0.000525784	
13	2.48716	0.0456987	0.0208307	0.0119462	0.0116509	0.00558235	0.00414292	0.0032059	0.00255944	0.00250869	0.00175851	0.0014883	0.00127777	0.00111002	0.000974006	0.000862105	0.000768867	0.000690323	0.000623506	0.000566171	
13.2	2.68483	0.0474833	0.0218216	0.0125822	0.0122231	0.00591309	0.00439736	0.0034078	0.00272353	0.00266771	0.00187337	0.00158612	0.00136204	0.00118334	0.00103832	0.000918939	0.000819409	0.000735524	0.000664135	0.000602856	
13.4	2.91926	0.0493435	0.02286	0.0132565	0.0128229	0.0062766	0.00468328	0.00363993	0.00291656	0.00285203	0.00201466	0.00170915	0.00147036	0.00127959	0.00112454	0.000996694	0.000889963	0.000799893	0.000723147	0.000657195	
13.6	3.20921	0.0512654	0.023927	0.0139403	0.0134319	0.00663219	0.00495829	0.00385955	0.00309636	0.00302448	0.00214231	0.0018188	0.00156562	0.00136313	0.00119839	0.00106244	0.000948845	0.000852906	0.000771098	0.000700745	
13.8	3.59324	0.0531689	0.0250225	0.0146681	0.0140633	0.00703778	0.00528271	0.00412722	0.00332253	0.00323665	0.00231287	0.00196971	0.00170058	0.00148491	0.00130913	0.0011638	0.00104217	0.000939263	0.000851372	0.000775666	
14	4.15486	0.0543248	0.0255753	0.0149681	0.0143418	0.00713946	0.0053441	0.00416329	0.00334209	0.0032584	0.0023133	0.00196508	0.00169239	0.00147425	0.00129674	0.00115024	0.00102783	0.000924432	0.000836267	0.000760446	
14.2	4.82068	0.0565358	0.0267684	0.0157113	0.0149986	0.00750229	0.00561688	0.00437492	0.00351034	0.0034179	0.00242542	0.00205864	0.00177132	0.00154145	0.00135442	0.00120008	0.00107116	0.000962308	0.000869526	0.000789773	
14.4	5.2424	0.0591706	0.0282809	0.0167093	0.0158743	0.0080476	0.00604702	0.00472472	0.00380159	0.00369404	0.00263892	0.0022448	0.00193547	0.00168755	0.00148551	0.00131854	0.00117887	0.00106077	0.000959978	0.00087323	
14.6	5.5496	0.0615328	0.0295819	0.0175323	0.0166162	0.00846311	0.00636282	0.0049726	0.00400107	0.00388701	0.00277606	0.00236073	0.00203466	0.00177328	0.00156025	0.00138421	0.00123695	0.00111246	0.00100623	0.000914816	
14.8	5.79192	0.0636557	0.0307558	0.0182819	0.0172916	0.00885267	0.00666355	0.00521254	0.00419745	0.004076	0.00291598	0.0024811	0.00213948	0.00186551	0.00164212	0.00145744	0.00130289	0.00117219	0.00106061	0.000964574	
15	5.9905	0.0655565	0.0317954	0.0189335	0.0178867	0.00917559	0.00690632	0.00540116	0.00434781	0.0042228	0.00301777	0.00256651	0.00221207	0.00192789	0.00169624	0.00150478	0.00134463	0.00120923	0.00109369	0.000994279	
15.2	6.15579	0.0672443	0.0327123	0.0195059	0.0184116	0.00946161	0.00712351	0.0055721	0.00448617	0.00435693	0.0031148	0.00264943	0.00228391	0.00199081	0.00175187	0.00155437	0.00138914	0.00124944	0.00113021	0.0010276	
15.4	6.29391	0.0687256	0.0335124	0.0200014	0.0188688	0.00970336	0.00730409	0.00571165	0.00459691	0.00446542	0.00318929	0.00271175	0.00233676	0.00203615	0.00179116	0.00158873	0.00141943	0.00127633	0.00115425	0.00104922	
15.6	6.40889	0.0700055	0.0342013	0.020426	0.019262	0.0099102	0.00745933	0.00583265	0.00469407	0.00456003	0.00325671	0.00276916	0.00238634	0.00207947	0.00182939	0.00162274	0.0014499	0.00130381	0.00117915	0.0010719	
15.8	6.50361	0.0710885	0.0347835	0.0207833	0.0195941	0.0100822	0.0075872	0.00593118	0.00477211	0.00463657	0.00330914	0.00281301	0.00242354	0.00211141	0.0018571	0.00164701	0.00147134	0.00132289	0.00119627	0.00108736	
16	6.58025	0.0719787	0.0352629	0.0210769	0.0198674	0.0102231	0.00769221	0.00601252	0.00483709	0.00470001	0.00335389	0.002851	0.00245626	0.00213992	0.00188219	0.00166927	0.00149123	0.00134076	0.0012124	0.00110198	
16.2	6.64041	0.0726795	0.0356428	0.0213096	0.020084	0.0103342	0.00777461	0.00607592	0.00488729	0.00474926	0.00338767	0.00287931	0.00248034	0.00216066	0.00190026	0.00168518	0.00150536	0.00135343	0.00122385	0.0011124	
16.4	6.68532	0.0731932	0.0359259	0.0214837	0.0202457	0.0104174	0.00783643	0.00612365	0.0049253	0.00478644	0.00341368	0.0029013	0.00249918	0.00217699	0.00191453	0.00169774	0.00151648	0.00136331	0.00123266	0.00112029	
16.6	6.71584	0.0735218	0.0361139	0.0216008	0.0203535	0.0104737	0.00787821	0.00615583	0.00495082	0.00481145	0.00343099	0.0029159	0.00251171	0.00218791	0.00192418	0.00170637	0.00152428	0.00137044	0.00123924	0.00112641	
16.8	6.73257	0.0736658	0.0362081	0.021662	0.0204083	0.0105039	0.00790076	0.00617326	0.00496467	0.00482503	0.00344029	0.00292363	0.00251818	0.00219335	0.00192875	0.0017102	0.00152749	0.0013731	0.00124141	0.00112815	
17	6.73583	0.0736251	0.0362088	0.0216679	0.0204103	0.0105083	0.00790439	0.00617624	0.00496717	0.00482742	0.00344231	0.00292556	0.00252008	0.00219526	0.00193071	0.00171223	0.00152959	0.00137528	0.00124367	0.00113049	
17.2	6.72572	0.0733982	0.0361156	0.0216183	0.0203592	0.0104871	0.00788905	0.00616452	0.0049578	0.00481831	0.00343552	0.00291951	0.00251456	0.0021901	0.0019258	0.0017075	0.00152498	0.00137077	0.00123924	0.00112611	
17.4	6.70211	0.0729824	0.0359271	0.0215124	0.0202542	0.0104399	0.00785476	0.00613858	0.00493762	0.00479833	0.00342264	0.00290916	0.00250623	0.00218342	0.0019205	0.00170334	0.00152179	0.00136839	0.00123756	0.00112503	
17.6	6.66463	0.0723739	0.0356411	0.0213488	0.020094	0.0103657	0.00780042	0.00609678	0.00490418	0.00476576	0.00339898	0.0028886	0.00248798	0.00216695	0.00190542	0.00168938	0.00150876	0.00135613	0.00122595	0.00111399	
17.8	6.61264	0.0715672	0.0352542	0.0211252	0.0198765	0.0102639	0.00772617	0.00604052	0.0048604	0.0047224	0.00337091	0.00286589	0.00246948	0.00215183	0.00189306	0.00167929	0.00150054	0.00134949	0.00122063	0.00110978	
18	6.54524	0.0705551	0.034762	0.0208385	0.019599	0.0101319	0.0076288	0.00596523	0.00479992	0.00466358	0.00332793	0.00282854	0.00243643	0.00212214	0.00186605	0.00165448	0.00147757	0.00132807	0.00120056	0.00109088	
18.2	6.46116	0.0693286	0.0341588	0.0204847	0.0192579	0.00996908	0.00751008	0.00587556	0.00473047	0.00459456	0.00328386	0.00279303	0.00240758	0.00209858	0.00184675	0.00163864	0.00146457	0.00131743	0.00119187	0.00108384	
18.4	6.35873	0.067876	0.0334371	0.0200585	0.0188487	0.00976923	0.00736133	0.00575954	0.00463654	0.0045035	0.00321643	0.00273431	0.00235559	0.00205192	0.00180442	0.00159991	0.00142887	0.00128431	0.00116099	0.00105492	
18.6	6.23574	0.0661821	0.0325873	0.0195535	0.0183655	0.00953499	0.00719105	0.00563176	0.00453839	0.00440538	0.00315524	0.00268541	0.00231615	0.00201991	0.00177832	0.00157856	0.00141139	0.00127	0.00114931	0.00104542	
18.8	6.08923	0.0642274	0.031597	0.0189593	0.0178001	0.00924791	0.00697407	0.00546025	0.00439806	0.00426989	0.00305329	0.00259645	0.00223737	0.00194932	0.00171446	0.00152031	0.0013579	0.00122059	0.00110344	0.00100264	
19	5.91508	0.0619842	0.0304488	0.0182683	0.0171431	0.0089274	0.00674285	0.00528844	0.00426754	0.00413834	0.00297365	0.00253344	0.00218705	0.00190886	0.00168176	0.00149382	0.0013364	0.00120317	0.00108937	0.000991346	
19.2	5.70707	0.0594123	0.0291147	0.0174474	0.0163733	0.00850856	0.00641902	0.00502816	0.00405217	0.00393117	0.00281574	0.00239559	0.00206515	0.00179992	0.00158353	0.00140457	0.00125477	0.00112807	0.00101992	0.000926827	
19.4	5.45453	0.0564485	0.0275626	0.0165118	0.0154833	0.00808271	0.00611471	0.00480402	0.00388327	0.00375947	0.00271431	0.00231605	0.00200226	0.00174993	0.00154369	0.0013728	0.00122951	0.0011081	0.00100428	0.000914763	
19.6	5.1359	0.0529849	0.0256586	0.015267	0.0143521	0.00739592	0.00557183	0.00436137	0.00351373	0.00340486	0.0024414	0.0020776	0.00179151	0.00156187	0.00137449	0.00121946	0.00108966	0.000979822	0.000886021	0.000805247	
19.8	4.70058	0.0488136	0.0235562	0.0140213	0.0131594	0.00682974	0.00516467	0.00405938	0.00328473	0.00317093	0.00230292	0.00196899	0.00170589	0.00149428	0.00132126	0.00117781	0.00105743	0.00095534	0.000867955	0.000792531	
20	0	0	0	0	0	0	0	0	0	0	0	0	0	0	0	0	0	0	0	0	
