Numero de iteracoes: 1
Erro: 1
Tempo de Resolucao do Problema: 21.2679 segundos
/////////////////////////////////////////////
Posicao	Fluxo Escalar
	Grupo de Energia 1	Grupo de Energia 2	Grupo de Energia 3	Grupo de Energia 4	Grupo de Energia 5	Grupo de Energia 6	Grupo de Energia 7	Grupo de Energia 8	Grupo de Energia 9	Grupo de Energia 10	Grupo de Energia 11	Grupo de Energia 12	Grupo de Energia 13	Grupo de Energia 14	Grupo de Energia 15	Grupo de Energia 16	Grupo de Energia 17	Grupo de Energia 18	Grupo de Energia 19	Grupo de Energia 20
0	1.74085	0	0	0	0	0	0	0	0	0	0	0	0	0	0	0	0	0	0	0	
0.2	1.76603	0	0	0	0	0	0	0	0	0	0	0	0	0	0	0	0	0	0	0	
0.4	1.80443	0	0	0	0	0	0	0	0	0	0	0	0	0	0	0	0	0	0	0	
0.6	1.85524	0	0	0	0	0	0	0	0	0	0	0	0	0	0	0	0	0	0	0	
0.8	1.91877	0	0	0	0	0	0	0	0	0	0	0	0	0	0	0	0	0	0	0	
1	1.99651	0	0	0	0	0	0	0	0	0	0	0	0	0	0	0	0	0	0	0	
1.2	2.09131	0	0	0	0	0	0	0	0	0	0	0	0	0	0	0	0	0	0	0	
1.4	2.20779	0	0	0	0	0	0	0	0	0	0	0	0	0	0	0	0	0	0	0	
1.6	2.35309	0	0	0	0	0	0	0	0	0	0	0	0	0	0	0	0	0	0	0	
1.8	2.53801	0	0	0	0	0	0	0	0	0	0	0	0	0	0	0	0	0	0	0	
2	2.77883	0	0	0	0	0	0	0	0	0	0	0	0	0	0	0	0	0	0	0	
2.2	3.07077	0	0	0	0	0	0	0	0	0	0	0	0	0	0	0	0	0	0	0	
2.4	3.27402	0	0	0	0	0	0	0	0	0	0	0	0	0	0	0	0	0	0	0	
2.6	3.41737	0	0	0	0	0	0	0	0	0	0	0	0	0	0	0	0	0	0	0	
2.8	3.51802	0	0	0	0	0	0	0	0	0	0	0	0	0	0	0	0	0	0	0	
3	3.5862	0	0	0	0	0	0	0	0	0	0	0	0	0	0	0	0	0	0	0	
3.2	3.62789	0	0	0	0	0	0	0	0	0	0	0	0	0	0	0	0	0	0	0	
3.4	3.64639	0	0	0	0	0	0	0	0	0	0	0	0	0	0	0	0	0	0	0	
3.6	3.64315	0	0	0	0	0	0	0	0	0	0	0	0	0	0	0	0	0	0	0	
3.8	3.61814	0	0	0	0	0	0	0	0	0	0	0	0	0	0	0	0	0	0	0	
4	3.56981	0	0	0	0	0	0	0	0	0	0	0	0	0	0	0	0	0	0	0	
4.2	3.4948	0	0	0	0	0	0	0	0	0	0	0	0	0	0	0	0	0	0	0	
4.4	3.38701	0	0	0	0	0	0	0	0	0	0	0	0	0	0	0	0	0	0	0	
4.6	3.23613	0	0	0	0	0	0	0	0	0	0	0	0	0	0	0	0	0	0	0	
4.8	3.02484	0	0	0	0	0	0	0	0	0	0	0	0	0	0	0	0	0	0	0	
5	2.72417	0	0	0	0	0	0	0	0	0	0	0	0	0	0	0	0	0	0	0	
5.2	2.3559	0	0	0	0	0	0	0	0	0	0	0	0	0	0	0	0	0	0	0	
5.4	2.10422	0	0	0	0	0	0	0	0	0	0	0	0	0	0	0	0	0	0	0	
5.6	1.91999	0	0	0	0	0	0	0	0	0	0	0	0	0	0	0	0	0	0	0	
5.8	1.77712	0	0	0	0	0	0	0	0	0	0	0	0	0	0	0	0	0	0	0	
6	1.66139	0	0	0	0	0	0	0	0	0	0	0	0	0	0	0	0	0	0	0	
6.2	1.5648	0	0	0	0	0	0	0	0	0	0	0	0	0	0	0	0	0	0	0	
6.4	1.48262	0	0	0	0	0	0	0	0	0	0	0	0	0	0	0	0	0	0	0	
6.6	1.41191	0	0	0	0	0	0	0	0	0	0	0	0	0	0	0	0	0	0	0	
6.8	1.3507	0	0	0	0	0	0	0	0	0	0	0	0	0	0	0	0	0	0	0	
7	1.29762	0	0	0	0	0	0	0	0	0	0	0	0	0	0	0	0	0	0	0	
7.2	1.25165	0	0	0	0	0	0	0	0	0	0	0	0	0	0	0	0	0	0	0	
7.4	1.21199	0	0	0	0	0	0	0	0	0	0	0	0	0	0	0	0	0	0	0	
7.6	1.17803	0	0	0	0	0	0	0	0	0	0	0	0	0	0	0	0	0	0	0	
7.8	1.14925	0	0	0	0	0	0	0	0	0	0	0	0	0	0	0	0	0	0	0	
8	1.12524	0	0	0	0	0	0	0	0	0	0	0	0	0	0	0	0	0	0	0	
8.2	1.10565	0	0	0	0	0	0	0	0	0	0	0	0	0	0	0	0	0	0	0	
8.4	1.09021	0	0	0	0	0	0	0	0	0	0	0	0	0	0	0	0	0	0	0	
8.6	1.07869	0	0	0	0	0	0	0	0	0	0	0	0	0	0	0	0	0	0	0	
8.8	1.0709	0	0	0	0	0	0	0	0	0	0	0	0	0	0	0	0	0	0	0	
9	1.06671	0	0	0	0	0	0	0	0	0	0	0	0	0	0	0	0	0	0	0	
9.2	1.06632	0	0	0	0	0	0	0	0	0	0	0	0	0	0	0	0	0	0	0	
9.4	1.07113	0	0	0	0	0	0	0	0	0	0	0	0	0	0	0	0	0	0	0	
9.6	1.08106	0	0	0	0	0	0	0	0	0	0	0	0	0	0	0	0	0	0	0	
9.8	1.0961	0	0	0	0	0	0	0	0	0	0	0	0	0	0	0	0	0	0	0	
10	1.11628	0	0	0	0	0	0	0	0	0	0	0	0	0	0	0	0	0	0	0	
10.2	1.14173	0	0	0	0	0	0	0	0	0	0	0	0	0	0	0	0	0	0	0	
10.4	1.1726	0	0	0	0	0	0	0	0	0	0	0	0	0	0	0	0	0	0	0	
10.6	1.20914	0	0	0	0	0	0	0	0	0	0	0	0	0	0	0	0	0	0	0	
10.8	1.25164	0	0	0	0	0	0	0	0	0	0	0	0	0	0	0	0	0	0	0	
11	1.30049	0	0	0	0	0	0	0	0	0	0	0	0	0	0	0	0	0	0	0	
11.2	1.35614	0	0	0	0	0	0	0	0	0	0	0	0	0	0	0	0	0	0	0	
11.4	1.41918	0	0	0	0	0	0	0	0	0	0	0	0	0	0	0	0	0	0	0	
11.6	1.49028	0	0	0	0	0	0	0	0	0	0	0	0	0	0	0	0	0	0	0	
11.8	1.57028	0	0	0	0	0	0	0	0	0	0	0	0	0	0	0	0	0	0	0	
12	1.66019	0	0	0	0	0	0	0	0	0	0	0	0	0	0	0	0	0	0	0	
12.2	1.76125	0	0	0	0	0	0	0	0	0	0	0	0	0	0	0	0	0	0	0	
12.4	1.87499	0	0	0	0	0	0	0	0	0	0	0	0	0	0	0	0	0	0	0	
12.6	2.00337	0	0	0	0	0	0	0	0	0	0	0	0	0	0	0	0	0	0	0	
12.8	2.14899	0	0	0	0	0	0	0	0	0	0	0	0	0	0	0	0	0	0	0	
13	2.31554	0	0	0	0	0	0	0	0	0	0	0	0	0	0	0	0	0	0	0	
13.2	2.50878	0	0	0	0	0	0	0	0	0	0	0	0	0	0	0	0	0	0	0	
13.4	2.73861	0	0	0	0	0	0	0	0	0	0	0	0	0	0	0	0	0	0	0	
13.6	3.02388	0	0	0	0	0	0	0	0	0	0	0	0	0	0	0	0	0	0	0	
13.8	3.40344	0	0	0	0	0	0	0	0	0	0	0	0	0	0	0	0	0	0	0	
14	3.96189	0	0	0	0	0	0	0	0	0	0	0	0	0	0	0	0	0	0	0	
14.2	4.62218	0	0	0	0	0	0	0	0	0	0	0	0	0	0	0	0	0	0	0	
14.4	5.03772	0	0	0	0	0	0	0	0	0	0	0	0	0	0	0	0	0	0	0	
14.6	5.33918	0	0	0	0	0	0	0	0	0	0	0	0	0	0	0	0	0	0	0	
14.8	5.57632	0	0	0	0	0	0	0	0	0	0	0	0	0	0	0	0	0	0	0	
15	5.77027	0	0	0	0	0	0	0	0	0	0	0	0	0	0	0	0	0	0	0	
15.2	5.93147	0	0	0	0	0	0	0	0	0	0	0	0	0	0	0	0	0	0	0	
15.4	6.066	0	0	0	0	0	0	0	0	0	0	0	0	0	0	0	0	0	0	0	
15.6	6.1779	0	0	0	0	0	0	0	0	0	0	0	0	0	0	0	0	0	0	0	
15.8	6.27006	0	0	0	0	0	0	0	0	0	0	0	0	0	0	0	0	0	0	0	
16	6.34463	0	0	0	0	0	0	0	0	0	0	0	0	0	0	0	0	0	0	0	
16.2	6.40323	0	0	0	0	0	0	0	0	0	0	0	0	0	0	0	0	0	0	0	
16.4	6.44708	0	0	0	0	0	0	0	0	0	0	0	0	0	0	0	0	0	0	0	
16.6	6.47705	0	0	0	0	0	0	0	0	0	0	0	0	0	0	0	0	0	0	0	
16.8	6.49373	0	0	0	0	0	0	0	0	0	0	0	0	0	0	0	0	0	0	0	
17	6.49745	0	0	0	0	0	0	0	0	0	0	0	0	0	0	0	0	0	0	0	
17.2	6.48832	0	0	0	0	0	0	0	0	0	0	0	0	0	0	0	0	0	0	0	
17.4	6.46622	0	0	0	0	0	0	0	0	0	0	0	0	0	0	0	0	0	0	0	
17.6	6.43077	0	0	0	0	0	0	0	0	0	0	0	0	0	0	0	0	0	0	0	
17.8	6.38137	0	0	0	0	0	0	0	0	0	0	0	0	0	0	0	0	0	0	0	
18	6.3171	0	0	0	0	0	0	0	0	0	0	0	0	0	0	0	0	0	0	0	
18.2	6.23674	0	0	0	0	0	0	0	0	0	0	0	0	0	0	0	0	0	0	0	
18.4	6.13863	0	0	0	0	0	0	0	0	0	0	0	0	0	0	0	0	0	0	0	
18.6	6.02059	0	0	0	0	0	0	0	0	0	0	0	0	0	0	0	0	0	0	0	
18.8	5.8797	0	0	0	0	0	0	0	0	0	0	0	0	0	0	0	0	0	0	0	
19	5.71188	0	0	0	0	0	0	0	0	0	0	0	0	0	0	0	0	0	0	0	
19.2	5.51103	0	0	0	0	0	0	0	0	0	0	0	0	0	0	0	0	0	0	0	
19.4	5.26665	0	0	0	0	0	0	0	0	0	0	0	0	0	0	0	0	0	0	0	
19.6	4.95761	0	0	0	0	0	0	0	0	0	0	0	0	0	0	0	0	0	0	0	
19.8	4.53407	0	0	0	0	0	0	0	0	0	0	0	0	0	0	0	0	0	0	0	
20	3.86533	0	0	0	0	0	0	0	0	0	0	0	0	0	0	0	0	0	0	0	
