Numero de iteracoes: 12
Erro: 5.66956e-07
Tempo de Resolucao do Problema: 198.285 segundos
/////////////////////////////////////////////
Posicao	Fluxo Escalar
	Grupo de Energia 1	Grupo de Energia 2	Grupo de Energia 3	Grupo de Energia 4	Grupo de Energia 5	Grupo de Energia 6	Grupo de Energia 7	Grupo de Energia 8	Grupo de Energia 9	Grupo de Energia 10	Grupo de Energia 11	Grupo de Energia 12	Grupo de Energia 13	Grupo de Energia 14	Grupo de Energia 15	Grupo de Energia 16	Grupo de Energia 17	Grupo de Energia 18	Grupo de Energia 19	Grupo de Energia 20
0	0.000892842	0.000678277	0.000482345	0.000352753	0.000675949	0.000177027	0.000143157	0.000125725	0.000125275	0.000664916	0	0	0	0	0	0	0	0	0	0	
0.2	0.00092543	0.000719081	0.000522402	0.000389869	0.000740459	0.000204035	0.000168161	0.000150308	0.000152142	0.000806843	0	0	0	0	0	0	0	0	0	0	
0.4	0.000958692	0.000760837	0.000563499	0.000427845	0.000807326	0.000232526	0.000194569	0.00017623	0.000180379	0.000972686	0	0	0	0	0	0	0	0	0	0	
0.6	0.000992855	0.000804337	0.00060703	0.000468712	0.000879094	0.000264546	0.000224739	0.000206303	0.000213619	0.00117297	0	0	0	0	0	0	0	0	0	0	
0.8	0.0010281	0.000850023	0.000653562	0.000513058	0.000956715	0.000300537	0.000259064	0.000240876	0.000252176	0.0014143	0	0	0	0	0	0	0	0	0	0	
1	0.00106455	0.000898187	0.000703456	0.000561304	0.00104086	0.000341079	0.000298254	0.000280842	0.00029727	0.001706	0	0	0	0	0	0	0	0	0	0	
1.2	0.00110233	0.000949049	0.000757021	0.000613852	0.00113218	0.000386764	0.000342994	0.000327005	0.000349902	0.0020589	0	0	0	0	0	0	0	0	0	0	
1.4	0.00114153	0.00100279	0.000814548	0.000671096	0.00123129	0.000438208	0.000394029	0.000380296	0.000411349	0.00248642	0	0	0	0	0	0	0	0	0	0	
1.6	0.00118221	0.00105954	0.000876288	0.000733412	0.00133881	0.000496022	0.00045205	0.000441492	0.000482527	0.00300426	0	0	0	0	0	0	0	0	0	0	
1.8	0.00122441	0.00111934	0.000942338	0.000801034	0.00145509	0.000560944	0.000518083	0.000512006	0.000565494	0.00363334	0	0	0	0	0	0	0	0	0	0	
2	0.00126815	0.001182	0.0010122	0.000873054	0.00157924	0.000631779	0.000590541	0.00058969	0.000657151	0.00439059	0	0	0	0	0	0	0	0	0	0	
2.2	0.00132826	0.00127057	0.00111362	0.000980512	0.00176105	0.000741978	0.000705985	0.000716412	0.000810155	0.00561786	0	0	0	0	0	0	0	0	0	0	
2.4	0.00139242	0.00136773	0.0012277	0.00110432	0.0019682	0.000874643	0.000847849	0.000875177	0.00100534	0.00721578	0	0	0	0	0	0	0	0	0	0	
2.6	0.00146085	0.00147377	0.00135482	0.00124494	0.00220177	0.00103133	0.00101828	0.00106901	0.00124733	0.00929256	0	0	0	0	0	0	0	0	0	0	
2.8	0.00153384	0.0015894	0.0014963	0.00140455	0.00246492	0.00121654	0.00122342	0.00130641	0.00154875	0.0120023	0	0	0	0	0	0	0	0	0	0	
3	0.00161178	0.00171548	0.00165379	0.00158567	0.00276141	0.00143517	0.0014698	0.00159629	0.00192275	0.0155591	0	0	0	0	0	0	0	0	0	0	
3.2	0.00169509	0.00185302	0.00182914	0.0017912	0.0030955	0.00169313	0.00176565	0.00195045	0.00238775	0.0202373	0	0	0	0	0	0	0	0	0	0	
3.4	0.00178429	0.00200315	0.00202442	0.00202439	0.00347195	0.00199717	0.00212034	0.00238202	0.00296337	0.0264754	0	0	0	0	0	0	0	0	0	0	
3.6	0.00188001	0.00216707	0.00224194	0.002289	0.00389622	0.00235556	0.00254592	0.00290933	0.00368036	0.0347429	0	0	0	0	0	0	0	0	0	0	
3.8	0.00198296	0.00234607	0.0024841	0.00258895	0.00437397	0.00277669	0.00305401	0.00354839	0.00456178	0.0461282	0	0	0	0	0	0	0	0	0	0	
4	0.00209396	0.00254166	0.00275371	0.00292913	0.00491208	0.00327312	0.0036646	0.00433237	0.005668	0.0611562	0	0	0	0	0	0	0	0	0	0	
4.2	0.00221378	0.00275521	0.00305276	0.00331278	0.00551535	0.00385082	0.00438415	0.00526693	0.00700115	0.0836105	0	0	0	0	0	0	0	0	0	0	
4.4	0.00234311	0.00298932	0.00338546	0.00374763	0.00619401	0.00453633	0.00525875	0.00643218	0.00871	0.111639	0	0	0	0	0	0	0	0	0	0	
4.6	0.0024809	0.0032443	0.00375039	0.00422728	0.00694232	0.00530355	0.00624494	0.00775697	0.0106711	0.164292	0	0	0	0	0	0	0	0	0	0	
4.8	0.002624	0.00352336	0.00416258	0.00478308	0.00780055	0.00623801	0.00747587	0.00945355	0.0132537	0.219016	0	0	0	0	0	0	0	0	0	0	
5	0.00275113	0.00377912	0.00454447	0.00530018	0.00860276	0.00711678	0.00863929	0.0110694	0.0157423	0.410667	0	0	0	0	0	0	0	0	0	0	
5.2	0.00292467	0.00412741	0.00506611	0.00600904	0.00969439	0.00832191	0.0102342	0.0132805	0.0191359	0.631565	0	0	0	0	0	0	0	0	0	0	
5.4	0.00309553	0.00445608	0.00554891	0.00665664	0.0106944	0.00939231	0.01163	0.0151825	0.0219946	0.680808	0	0	0	0	0	0	0	0	0	0	
5.6	0.00324139	0.00472537	0.00593634	0.00716639	0.0114884	0.0101981	0.0126553	0.0165433	0.0239821	0.73582	0	0	0	0	0	0	0	0	0	0	
5.8	0.00336322	0.00495007	0.00626045	0.00759166	0.0121512	0.0108604	0.0134903	0.0176405	0.0255671	0.75762	0	0	0	0	0	0	0	0	0	0	
6	0.00346218	0.00513269	0.00652093	0.00792739	0.0126788	0.0113606	0.0141059	0.0184285	0.026673	0.777865	0	0	0	0	0	0	0	0	0	0	
6.2	0.00354055	0.00527799	0.00672675	0.00819072	0.0130937	0.011748	0.0145801	0.0190326	0.0275172	0.788336	0	0	0	0	0	0	0	0	0	0	
6.4	0.00359966	0.00538779	0.00688104	0.00838625	0.0134031	0.012028	0.0149169	0.0194528	0.0280901	0.796521	0	0	0	0	0	0	0	0	0	0	
6.6	0.00364063	0.00546423	0.0069881	0.00852144	0.0136174	0.01222	0.0151471	0.0197396	0.0284815	0.801033	0	0	0	0	0	0	0	0	0	0	
6.8	0.00366411	0.00550841	0.00705006	0.0085996	0.0137414	0.0123301	0.0152779	0.0199005	0.0286973	0.80379	0	0	0	0	0	0	0	0	0	0	
7	0.00367047	0.00552114	0.00706853	0.00862341	0.013779	0.0123648	0.0153198	0.0199529	0.0287692	0.80454	0	0	0	0	0	0	0	0	0	0	
7.2	0.00365977	0.00550255	0.00704378	0.00859331	0.0137307	0.0123248	0.015273	0.0198959	0.0286929	0.803782	0	0	0	0	0	0	0	0	0	0	
7.4	0.00363185	0.0054523	0.00697527	0.00850854	0.0135955	0.0122091	0.0151368	0.0197296	0.028471	0.801013	0	0	0	0	0	0	0	0	0	0	
7.6	0.00358621	0.00536941	0.00686109	0.00836602	0.0133689	0.0120104	0.0149002	0.0194369	0.0280748	0.796491	0	0	0	0	0	0	0	0	0	0	
7.8	0.00352206	0.00525251	0.00669875	0.00816199	0.0130453	0.0117221	0.0145547	0.0190068	0.0274886	0.788282	0	0	0	0	0	0	0	0	0	0	
8	0.00343804	0.00509914	0.00648343	0.00788829	0.0126134	0.0113243	0.0140705	0.018394	0.0266393	0.777799	0	0	0	0	0	0	0	0	0	0	
8.2	0.00333244	0.00490703	0.0062113	0.00753938	0.0120644	0.0108082	0.0134356	0.0175805	0.025495	0.757483	0	0	0	0	0	0	0	0	0	0	
8.4	0.0032023	0.00467061	0.00587215	0.00709637	0.0113733	0.0101282	0.0125852	0.0164732	0.0239115	0.735683	0	0	0	0	0	0	0	0	0	0	
8.6	0.00304534	0.00438558	0.00546465	0.00656021	0.0105396	0.00927707	0.0114983	0.0150259	0.0217917	0.680416	0	0	0	0	0	0	0	0	0	0	
8.8	0.00285837	0.00403083	0.00495182	0.00588202	0.00948676	0.00818476	0.0100893	0.0131261	0.0189666	0.631244	0	0	0	0	0	0	0	0	0	0	
9	0.0026603	0.00362359	0.00433303	0.00503215	0.00818954	0.00672965	0.00815921	0.0104513	0.0148763	0.408949	0	0	0	0	0	0	0	0	0	0	
9.2	0.00239685	0.00309233	0.00353388	0.00394181	0.00652538	0.00488371	0.00572082	0.00708538	0.00975017	0.156079	0	0	0	0	0	0	0	0	0	0	
9.4	0.00215914	0.002662	0.00293037	0.00316289	0.00530569	0.00368263	0.0042004	0.00507233	0.00681017	0.115606	0	0	0	0	0	0	0	0	0	0	
9.6	0.00196038	0.00231777	0.00245533	0.00255747	0.0043535	0.00277651	0.00307072	0.00360026	0.00469644	0.0581771	0	0	0	0	0	0	0	0	0	0	
9.8	0.00178947	0.00202468	0.00205969	0.00206944	0.00357448	0.00209994	0.00225886	0.00258189	0.00328916	0.0439682	0	0	0	0	0	0	0	0	0	0	
10	0.00164083	0.00177614	0.00173729	0.00168606	0.00295316	0.00159895	0.00167053	0.00185751	0.0023048	0.0244812	0	0	0	0	0	0	0	0	0	0	
10.2	0.00150936	0.00156241	0.00146863	0.00137495	0.0024437	0.00121415	0.0012314	0.00133297	0.00161441	0.018204	0	0	0	0	0	0	0	0	0	0	
10.4	0.00139228	0.00137873	0.001246	0.00112606	0.00203001	0.000927616	0.000914186	0.000963984	0.00113968	0.0108678	0	0	0	0	0	0	0	0	0	0	
10.6	0.00128718	0.00121967	0.00105945	0.000923576	0.00168949	0.000707057	0.00067573	0.000692998	0.000799268	0.00791146	0	0	0	0	0	0	0	0	0	0	
10.8	0.00119245	0.00108165	0.000903233	0.000759756	0.00141001	0.000541204	0.000502345	0.000502043	0.000566078	0.00496209	0	0	0	0	0	0	0	0	0	0	
11	0.0011067	0.000961285	0.000771598	0.000626041	0.00117897	0.000413772	0.000372219	0.000361636	0.000397741	0.00355215	0	0	0	0	0	0	0	0	0	0	
11.2	0.00102883	0.000856046	0.000660549	0.000517041	0.000987958	0.000317202	0.000276899	0.000262113	0.000282072	0.00230607	0	0	0	0	0	0	0	0	0	0	
11.4	0.000957892	0.000763697	0.000566492	0.000427732	0.000829344	0.000243091	0.000205567	0.000189139	0.000198585	0.00163232	0	0	0	0	0	0	0	0	0	0	
11.6	0.000893098	0.000682454	0.000486686	0.000354517	0.000697475	0.000186629	0.000153006	0.000137096	0.000140901	0.00108531	0	0	0	0	0	0	0	0	0	0	
11.8	0.00083376	0.00061078	0.000418778	0.000294297	0.000587508	0.000143303	0.000113757	9.90644e-05	9.9378e-05	0.000763042	0	0	0	0	0	0	0	0	0	0	
12	0.000779292	0.000547406	0.000360885	0.000244702	0.000495661	0.000110174	8.47174e-05	7.18045e-05	7.05207e-05	0.000515777	0	0	0	0	0	0	0	0	0	0	
12.2	0.000729184	0.000491242	0.00031142	0.000203758	0.000418769	8.47382e-05	6.30579e-05	5.19389e-05	4.98158e-05	0.000361331	0	0	0	0	0	0	0	0	0	0	
12.4	0.000682991	0.00044137	0.00026908	0.000169907	0.000354292	6.5237e-05	4.69872e-05	3.76466e-05	3.53518e-05	0.000247059	0	0	0	0	0	0	0	0	0	0	
12.6	0.000640327	0.000397	0.000232772	0.000141865	0.000300122	5.02495e-05	3.50064e-05	2.72517e-05	2.50042e-05	0.000172824	0	0	0	0	0	0	0	0	0	0	
12.8	0.000600851	0.000357459	0.000201587	0.000118601	0.000254541	3.87354e-05	2.60998e-05	1.97533e-05	1.77449e-05	0.000119126	0	0	0	0	0	0	0	0	0	0	
13	0.000564265	0.000322162	0.000174758	9.92675e-05	0.000216125	2.9876e-05	1.946e-05	1.43069e-05	1.25636e-05	8.33168e-05	0	0	0	0	0	0	0	0	0	0	
13.2	0.000530305	0.000290607	0.000151645	8.31784e-05	0.0001837	2.30582e-05	1.45168e-05	1.03707e-05	8.91634e-06	5.77629e-05	0	0	0	0	0	0	0	0	0	0	
13.4	0.000498734	0.000262357	0.000131704	6.97689e-05	0.000156293	1.78059e-05	1.08308e-05	7.51406e-06	6.31798e-06	4.04224e-05	0	0	0	0	0	0	0	0	0	0	
13.6	0.00046934	0.00023703	0.000114476	5.85747e-05	0.000133092	1.37568e-05	8.08276e-06	5.44593e-06	4.48287e-06	2.8142e-05	0	0	0	0	0	0	0	0	0	0	
13.8	0.000441928	0.000214289	9.95731e-05	4.92211e-05	0.00011343	1.06344e-05	6.03362e-06	3.9466e-06	3.17827e-06	1.97124e-05	0	0	0	0	0	0	0	0	0	0	
14	0.000416308	0.000193804	8.66271e-05	4.13555e-05	9.66942e-05	8.21594e-06	4.49801e-06	2.8539e-06	2.24781e-06	1.37555e-05	0	0	0	0	0	0	0	0	0	0	
14.2	0.0003869	0.000171222	7.28997e-05	3.3279e-05	7.9355e-05	5.95534e-06	3.11085e-06	1.89216e-06	1.4402e-06	8.82612e-06	0	0	0	0	0	0	0	0	0	0	
14.4	0.000359935	0.000151496	6.14741e-05	2.68693e-05	6.52784e-05	4.33224e-06	2.16178e-06	1.26353e-06	9.33772e-07	5.67062e-06	0	0	0	0	0	0	0	0	0	0	
14.6	0.000335133	0.000134178	5.18946e-05	2.17211e-05	5.37606e-05	3.15332e-06	1.50204e-06	8.42668e-07	6.03669e-07	3.65533e-06	0	0	0	0	0	0	0	0	0	0	
14.8	0.000312276	0.000118948	4.38554e-05	1.75877e-05	4.43309e-05	2.2992e-06	1.04592e-06	5.63887e-07	3.92762e-07	2.35604e-06	0	0	0	0	0	0	0	0	0	0	
15	0.00029118	0.000105536	3.70964e-05	1.42581e-05	3.65936e-05	1.67752e-06	7.28292e-07	3.7686e-07	2.54699e-07	1.52286e-06	0	0	0	0	0	0	0	0	0	0	
15.2	0.000271683	9.3709e-05	3.14063e-05	1.15727e-05	3.02367e-05	1.2254e-06	5.07866e-07	2.52479e-07	1.66054e-07	9.84031e-07	0	0	0	0	0	0	0	0	0	0	
15.4	0.000253645	8.32674e-05	2.66101e-05	9.40325e-06	2.50066e-05	8.95751e-07	3.54199e-07	1.68966e-07	1.07891e-07	6.37403e-07	0	0	0	0	0	0	0	0	0	0	
15.6	0.000236939	7.40393e-05	2.2563e-05	7.64829e-06	2.06987e-05	6.55388e-07	2.47291e-07	1.13288e-07	7.04394e-08	4.12733e-07	0	0	0	0	0	0	0	0	0	0	
15.8	0.000221452	6.58757e-05	1.91446e-05	6.22679e-06	1.71464e-05	4.79848e-07	1.72692e-07	7.58906e-08	4.58321e-08	2.67824e-07	0	0	0	0	0	0	0	0	0	0	
16	0.000207082	5.86473e-05	1.62545e-05	5.07405e-06	1.42142e-05	3.51596e-07	1.20696e-07	5.09131e-08	2.99536e-08	1.7373e-07	0	0	0	0	0	0	0	0	0	0	
16.2	0.000193738	5.22416e-05	1.38091e-05	4.13824e-06	1.17916e-05	2.57787e-07	8.43809e-08	3.41325e-08	1.95118e-08	1.12906e-07	0	0	0	0	0	0	0	0	0	0	
16.4	0.000181335	4.65603e-05	1.17382e-05	3.37775e-06	9.7882e-06	1.89134e-07	5.90313e-08	2.29094e-08	1.27623e-08	7.33517e-08	0	0	0	0	0	0	0	0	0	0	
16.6	0.0001698	4.15179e-05	9.98323e-06	2.75914e-06	8.13019e-06	1.38847e-07	4.1311e-08	1.53683e-08	8.32124e-09	4.77339e-08	0	0	0	0	0	0	0	0	0	0	
16.8	0.000159065	3.70394e-05	8.49492e-06	2.25547e-06	6.75694e-06	1.01991e-07	2.89261e-08	1.03192e-08	5.44633e-09	3.10532e-08	0	0	0	0	0	0	0	0	0	0	
17	0.000149066	3.30591e-05	7.23194e-06	1.84504e-06	5.61872e-06	7.49591e-08	2.02612e-08	6.92605e-09	3.55399e-09	2.02314e-08	0	0	0	0	0	0	0	0	0	0	
17.2	0.000139748	2.95194e-05	6.15952e-06	1.5103e-06	4.67465e-06	5.51215e-08	1.41987e-08	4.65214e-09	2.3274e-09	1.31772e-08	0	0	0	0	0	0	0	0	0	0	
17.4	0.000131059	2.63696e-05	5.24838e-06	1.23709e-06	3.89112e-06	4.05544e-08	9.9537e-09	3.12384e-09	1.51982e-09	8.5939e-09	0	0	0	0	0	0	0	0	0	0	
17.6	0.000122951	2.35651e-05	4.47384e-06	1.01393e-06	3.24042e-06	2.98515e-08	6.9808e-09	2.0989e-09	9.9575e-10	5.60335e-09	0	0	0	0	0	0	0	0	0	0	
17.8	0.000115383	2.10669e-05	3.81508e-06	8.31515e-07	2.69973e-06	2.19836e-08	4.8975e-09	1.40993e-09	6.5065e-10	3.65775e-09	0	0	0	0	0	0	0	0	0	0	
18	0.000108313	1.88402e-05	3.25451e-06	6.82304e-07	2.25021e-06	1.61966e-08	3.43725e-09	9.47589e-10	4.26464e-10	2.38718e-09	0	0	0	0	0	0	0	0	0	0	
18.2	0.000101707	1.68546e-05	2.77727e-06	5.60172e-07	1.87627e-06	1.19381e-08	2.4132e-09	6.36762e-10	2.78822e-10	1.55959e-09	0	0	0	0	0	0	0	0	0	0	
18.4	9.55292e-05	1.50831e-05	2.37079e-06	4.60139e-07	1.56506e-06	8.80294e-09	1.69483e-09	4.28066e-10	1.82817e-10	1.01871e-09	0	0	0	0	0	0	0	0	0	0	
18.6	8.97502e-05	1.3502e-05	2.02443e-06	3.78153e-07	1.30593e-06	6.49367e-09	1.19069e-09	2.87741e-10	1.19589e-10	6.6604e-10	0	0	0	0	0	0	0	0	0	0	
18.8	8.43413e-05	1.20899e-05	1.72916e-06	3.10915e-07	1.09006e-06	4.79196e-09	8.36778e-10	1.93479e-10	7.84343e-11	4.35388e-10	0	0	0	0	0	0	0	0	0	0	
19	7.9276e-05	1.08283e-05	1.47733e-06	2.55736e-07	9.10132e-07	3.53749e-09	5.88243e-10	1.30092e-10	5.13331e-11	2.84853e-10	0	0	0	0	0	0	0	0	0	0	
19.2	7.45297e-05	9.70061e-06	1.26245e-06	2.10412e-07	7.60089e-07	2.61218e-09	4.13624e-10	8.74861e-11	3.3671e-11	1.86328e-10	0	0	0	0	0	0	0	0	0	0	
19.4	7.00791e-05	8.6919e-06	1.07901e-06	1.73167e-07	6.34904e-07	1.9296e-09	2.90943e-10	5.88406e-11	2.20492e-11	1.21985e-10	0	0	0	0	0	0	0	0	0	0	
19.6	6.59011e-05	7.78897e-06	9.2223e-07	1.42457e-07	5.30305e-07	1.42529e-09	2.0461e-10	3.95527e-11	1.44466e-11	7.98109e-11	0	0	0	0	0	0	0	0	0	0	
19.8	6.197e-05	6.97981e-06	7.88285e-07	1.17233e-07	4.43004e-07	1.05336e-09	1.43991e-10	2.66077e-11	9.4663e-12	5.2282e-11	0	0	0	0	0	0	0	0	0	0	
20	0	0	0	0	0	0	0	0	0	0	0	0	0	0	0	0	0	0	0	0	
