Numero de iteracoes: 12
Erro: 8.0939e-07
Tempo de Resolucao do Problema: 235.619 segundos
/////////////////////////////////////////////
Posicao	Fluxo Escalar
	Grupo de Energia 1	Grupo de Energia 2	Grupo de Energia 3	Grupo de Energia 4	Grupo de Energia 5	Grupo de Energia 6	Grupo de Energia 7	Grupo de Energia 8	Grupo de Energia 9	Grupo de Energia 10	Grupo de Energia 11	Grupo de Energia 12	Grupo de Energia 13	Grupo de Energia 14	Grupo de Energia 15	Grupo de Energia 16	Grupo de Energia 17	Grupo de Energia 18	Grupo de Energia 19	Grupo de Energia 20
0	0.000841804	0.000615333	0.000417973	0.000290001	0.000557335	0.000122974	8.91151e-05	6.81658e-05	5.63456e-05	9.60348e-05	0.000131329	0	0	0	0	0	0	0	0	0	
0.2	0.000872444	0.000652227	0.00045258	0.000320444	0.000610357	0.000141871	0.00010492	8.18494e-05	6.89224e-05	0.000116687	0.000167786	0	0	0	0	0	0	0	0	0	
0.4	0.000903773	0.000690131	0.000488327	0.000351903	0.000665773	0.000162309	0.000122192	9.69285e-05	8.28605e-05	0.000140061	0.000212909	0	0	0	0	0	0	0	0	0	
0.6	0.000936002	0.000729728	0.000526341	0.000385927	0.000725515	0.000185502	0.000142165	0.000114681	9.95499e-05	0.000168024	0.000270369	0	0	0	0	0	0	0	0	0	
0.8	0.000969299	0.000771412	0.000567108	0.000423011	0.000790372	0.000211831	0.000165201	0.000135462	0.000119348	0.000201287	0.000343287	0	0	0	0	0	0	0	0	0	
1	0.0010038	0.000815455	0.000610962	0.000463537	0.000860951	0.00024178	0.000191844	0.00015988	0.000142963	0.000240995	0.000436165	0	0	0	0	0	0	0	0	0	
1.2	0.00103961	0.000862075	0.000658204	0.000507888	0.00093785	0.000275867	0.000222665	0.000188565	0.000171098	0.00028837	0.000554441	0	0	0	0	0	0	0	0	0	
1.4	0.00107684	0.000911466	0.000709132	0.000556456	0.00102169	0.000314658	0.000258311	0.000222257	0.000204634	0.000344898	0.000705481	0	0	0	0	0	0	0	0	0	
1.6	0.00111555	0.000963787	0.000764026	0.000609636	0.00111308	0.000358757	0.000299452	0.000261695	0.000244398	0.000412115	0.000897855	0	0	0	0	0	0	0	0	0	
1.8	0.00115581	0.00101913	0.000823064	0.000667744	0.00121253	0.000408882	0.000346991	0.000307988	0.000291773	0.000492285	0.00114464	0	0	0	0	0	0	0	0	0	
2	0.00119767	0.00107741	0.000885997	0.000730313	0.00131968	0.000464712	0.00040056	0.000360706	0.000346229	0.00058541	0.00145636	0	0	0	0	0	0	0	0	0	
2.2	0.00125507	0.00115958	0.000977061	0.000823304	0.00147607	0.000551059	0.00048532	0.000446019	0.000436334	0.000737259	0.00199493	0	0	0	0	0	0	0	0	0	
2.4	0.00131645	0.00124993	0.00107977	0.000930818	0.00165483	0.000655667	0.000590335	0.000554042	0.000552845	0.00093241	0.00273612	0	0	0	0	0	0	0	0	0	
2.6	0.0013821	0.00134892	0.00119482	0.00105378	0.00185761	0.00078075	0.00071846	0.000688419	0.00070049	0.00117947	0.0037794	0	0	0	0	0	0	0	0	0	
2.8	0.00145236	0.00145735	0.00132368	0.00119449	0.00208773	0.000930574	0.000875167	0.000856169	0.000888568	0.00149355	0.00520435	0	0	0	0	0	0	0	0	0	
3	0.00152767	0.00157626	0.00146816	0.0013556	0.00234909	0.00110989	0.00106649	0.00106493	0.00112691	0.00189126	0.0072641	0	0	0	0	0	0	0	0	0	
3.2	0.00160859	0.00170685	0.00163038	0.00154033	0.00264636	0.00132481	0.00130055	0.0013256	0.0014308	0.00239754	0.0100358	0	0	0	0	0	0	0	0	0	
3.4	0.00169574	0.00185044	0.00181271	0.00175225	0.0029847	0.00158203	0.00158605	0.00164934	0.00181465	0.00303702	0.0142441	0	0	0	0	0	0	0	0	0	
3.6	0.00178993	0.00200862	0.00201805	0.00199589	0.00337058	0.00189091	0.0019361	0.00205486	0.00230645	0.00385496	0.0196968	0	0	0	0	0	0	0	0	0	
3.8	0.00189209	0.00218301	0.00224925	0.00227567	0.0038104	0.00225984	0.00236143	0.00255549	0.00292242	0.00488059	0.0287826	0	0	0	0	0	0	0	0	0	
4	0.00200341	0.00237583	0.00251035	0.00259835	0.00431342	0.00270464	0.00288578	0.00318747	0.00372025	0.0062063	0.039619	0	0	0	0	0	0	0	0	0	
4.2	0.00212501	0.00258897	0.00280398	0.00296787	0.00488554	0.00323147	0.0035152	0.00395525	0.00470015	0.00783907	0.0610582	0	0	0	0	0	0	0	0	0	
4.4	0.00225828	0.00282646	0.00313662	0.00339544	0.00554153	0.00387309	0.00430209	0.00494153	0.00599545	0.00999319	0.0829927	0	0	0	0	0	0	0	0	0	
4.6	0.00240273	0.0030899	0.00350839	0.00387649	0.00627866	0.00460819	0.00521222	0.0060938	0.00752511	0.0125476	0.141342	0	0	0	0	0	0	0	0	0	
4.8	0.00255595	0.00338565	0.00393979	0.0044494	0.0071469	0.00552831	0.0063792	0.00760857	0.00958978	0.0159941	0.191674	0	0	0	0	0	0	0	0	0	
5	0.00269415	0.00366378	0.00435326	0.00500445	0.00798842	0.00643802	0.00754289	0.00913427	0.0116953	0.0195578	0.428754	0	0	0	0	0	0	0	0	0	
5.2	0.00288016	0.00403628	0.00490729	0.00574926	0.00911165	0.00765567	0.00909838	0.011169	0.0144942	0.0242613	0.699589	0	0	0	0	0	0	0	0	0	
5.4	0.00306145	0.00438062	0.00540593	0.00640717	0.0101098	0.00869284	0.0104001	0.0128395	0.0167433	0.0280157	0.739518	0	0	0	0	0	0	0	0	0	
5.6	0.00321339	0.00465652	0.00579686	0.00691298	0.0108842	0.00945485	0.0113329	0.014005	0.0182685	0.0305708	0.799884	0	0	0	0	0	0	0	0	0	
5.8	0.00333864	0.00488369	0.00611941	0.00732835	0.0115212	0.0100675	0.0120736	0.0149185	0.0194476	0.0325423	0.812744	0	0	0	0	0	0	0	0	0	
6	0.00343927	0.00506623	0.00637504	0.00765071	0.0120206	0.0105198	0.012606	0.0155566	0.0202463	0.0338836	0.832864	0	0	0	0	0	0	0	0	0	
6.2	0.00351841	0.00521042	0.00657528	0.00790106	0.0124096	0.0108658	0.0130106	0.0160385	0.0208463	0.0348889	0.838092	0	0	0	0	0	0	0	0	0	
6.4	0.00357777	0.00531863	0.00672397	0.00808472	0.0126966	0.0111111	0.0132913	0.0163645	0.0212404	0.0355528	0.8453	0	0	0	0	0	0	0	0	0	
6.6	0.00361885	0.00539376	0.00682679	0.00821119	0.0128946	0.0112787	0.0134825	0.0165866	0.0215095	0.0360046	0.847303	0	0	0	0	0	0	0	0	0	
6.8	0.00364243	0.00543714	0.00688607	0.00828382	0.0130086	0.0113733	0.013589	0.0167079	0.0216529	0.0362471	0.849663	0	0	0	0	0	0	0	0	0	
7	0.00364902	0.00544988	0.00690399	0.00830621	0.0130435	0.0114036	0.0136238	0.0167485	0.0217026	0.0363303	0.84965	0	0	0	0	0	0	0	0	0	
7.2	0.00363869	0.00543211	0.00688071	0.00827849	0.0129997	0.011369	0.013585	0.0167043	0.0216496	0.0362417	0.849661	0	0	0	0	0	0	0	0	0	
7.4	0.00361129	0.00538354	0.00681585	0.00820025	0.0128763	0.0112696	0.013474	0.0165786	0.0215016	0.0359924	0.847292	0	0	0	0	0	0	0	0	0	
7.6	0.00356619	0.00530286	0.00670695	0.00806755	0.012668	0.0110965	0.0132776	0.0163519	0.0212288	0.0355342	0.845293	0	0	0	0	0	0	0	0	0	
7.8	0.00350247	0.00518855	0.00655137	0.00787667	0.0123691	0.0108443	0.0129898	0.016018	0.0208249	0.0348559	0.838058	0	0	0	0	0	0	0	0	0	
8	0.00341844	0.0050374	0.00634298	0.00761747	0.0119658	0.0104896	0.012577	0.0155292	0.0202208	0.0338426	0.832849	0	0	0	0	0	0	0	0	0	
8.2	0.00331203	0.00484667	0.00607734	0.00728386	0.0114485	0.0100241	0.0120288	0.0148709	0.0193942	0.0324602	0.812644	0	0	0	0	0	0	0	0	0	
8.4	0.00317952	0.00460934	0.0057418	0.00685327	0.0107875	0.00939661	0.0112756	0.0139496	0.0182156	0.0304861	0.799849	0	0	0	0	0	0	0	0	0	
8.6	0.00301781	0.00431971	0.00533353	0.00632473	0.00997958	0.00859627	0.0102919	0.0127153	0.0165944	0.0277857	0.739205	0	0	0	0	0	0	0	0	0	
8.8	0.00282227	0.00395233	0.00480869	0.00564069	0.00893666	0.00754183	0.00898081	0.0110479	0.0143693	0.0240663	0.699461	0	0	0	0	0	0	0	0	0	
9	0.00261452	0.00352717	0.00416801	0.00477097	0.00763461	0.00610968	0.00714604	0.00864536	0.0110678	0.0185795	0.42723	0	0	0	0	0	0	0	0	0	
9.2	0.00234088	0.00297828	0.00334964	0.00366792	0.00598238	0.00431491	0.00485672	0.00565985	0.0069817	0.0118037	0.120306	0	0	0	0	0	0	0	0	0	
9.4	0.00209589	0.00253954	0.00274195	0.00289521	0.00479344	0.00317499	0.00346589	0.00392286	0.00470461	0.00798327	0.0952258	0	0	0	0	0	0	0	0	0	
9.6	0.00189502	0.00219667	0.00227546	0.00231034	0.00388871	0.00234049	0.00246486	0.00269447	0.00312327	0.0053357	0.0327659	0	0	0	0	0	0	0	0	0	
9.8	0.00172459	0.0019086	0.00189261	0.001847	0.00316018	0.00173293	0.00176651	0.00187335	0.00211072	0.00362001	0.0304277	0	0	0	0	0	0	0	0	0	
10	0.00157803	0.0016675	0.00158587	0.00149058	0.00259001	0.00129579	0.00127631	0.00130911	0.00142778	0.00246604	0.0101006	0	0	0	0	0	0	0	0	0	
10.2	0.00144939	0.00146207	0.00133315	0.00120517	0.00212822	0.000966163	0.000918386	0.000911153	0.000963641	0.00167255	0.0106808	0	0	0	0	0	0	0	0	0	
10.4	0.00133555	0.00128712	0.00112632	0.000980564	0.00175856	0.000727571	0.000668731	0.000642669	0.000659461	0.00115238	0.00334289	0	0	0	0	0	0	0	0	0	
10.6	0.0012338	0.00113649	0.00095427	0.000799452	0.00145673	0.000546108	0.000483536	0.000448361	0.000444852	0.000782236	0.00391254	0	0	0	0	0	0	0	0	0	
10.8	0.00114242	0.00100656	0.000811458	0.000654775	0.00121163	0.000413232	0.000353693	0.000317895	0.000306648	0.000542644	0.00115958	0	0	0	0	0	0	0	0	0	
11	0.0010599	0.000893643	0.000691677	0.000537376	0.00101006	0.000311948	0.000256977	0.000222494	0.000207028	0.000369131	0.00146938	0	0	0	0	0	0	0	0	0	
11.2	0.000985116	0.000795275	0.000591222	0.000442557	0.000844653	0.000236957	0.000188562	0.00015824	0.000143354	0.000257132	0.000415924	0	0	0	0	0	0	0	0	0	
11.4	0.000917076	0.000709128	0.000506388	0.000365172	0.000707767	0.000179742	0.000137602	0.00011114	9.69628e-05	0.000175429	0.000561001	0	0	0	0	0	0	0	0	0	
11.6	0.000854998	0.0006335	0.000434678	0.000302136	0.000594519	0.000136984	0.000101219	7.92015e-05	6.7327e-05	0.000122515	0.00015302	0	0	0	0	0	0	0	0	0	
11.8	0.000798184	0.000566854	0.000373768	0.000250423	0.000500286	0.00010433	7.41493e-05	5.5819e-05	4.56531e-05	8.38653e-05	0.000216704	0	0	0	0	0	0	0	0	0	
12	0.000746061	0.000507993	0.00032196	0.000208014	0.000421821	7.97438e-05	5.46607e-05	3.98355e-05	3.17535e-05	5.86666e-05	5.74415e-05	0	0	0	0	0	0	0	0	0	
12.2	0.000698122	0.000455857	0.000277741	0.000173061	0.000356219	6.09432e-05	4.01759e-05	2.8165e-05	2.15926e-05	4.0297e-05	8.44403e-05	0	0	0	0	0	0	0	0	0	
12.4	0.000653939	0.000409588	0.000239941	0.000144239	0.000301308	4.67022e-05	2.96737e-05	2.01234e-05	1.50342e-05	2.82214e-05	2.19198e-05	0	0	0	0	0	0	0	0	0	
12.6	0.000613134	0.000368434	0.000207544	0.000120387	0.000255209	3.5796e-05	2.1873e-05	1.42692e-05	1.02536e-05	1.94497e-05	3.31249e-05	0	0	0	0	0	0	0	0	0	
12.8	0.000575381	0.000331765	0.000179737	0.00010063	0.000216456	2.74949e-05	1.61839e-05	1.02055e-05	7.14404e-06	1.36332e-05	8.47974e-06	0	0	0	0	0	0	0	0	0	
13	0.00054039	0.000299034	0.000155821	8.42197e-05	0.000183804	2.1127e-05	1.19589e-05	7.2552e-06	4.88661e-06	9.42545e-06	1.30642e-05	0	0	0	0	0	0	0	0	0	
13.2	0.000507908	0.000269775	0.000135224	7.05744e-05	0.000156256	1.6261e-05	8.86274e-06	5.19382e-06	3.40623e-06	6.61159e-06	3.31833e-06	0	0	0	0	0	0	0	0	0	
13.4	0.000477709	0.000243578	0.000117454	5.92039e-05	0.000132971	1.25219e-05	6.56302e-06	3.70068e-06	2.33645e-06	4.58429e-06	5.17499e-06	0	0	0	0	0	0	0	0	0	
13.6	0.00044959	0.00022009	0.000102103	4.97152e-05	0.000113262	9.65478e-06	4.87062e-06	2.65127e-06	1.62899e-06	3.2176e-06	1.31118e-06	0	0	0	0	0	0	0	0	0	
13.8	0.000423365	0.000198999	8.88233e-05	4.17864e-05	9.65567e-05	7.44838e-06	3.61331e-06	1.89271e-06	1.12026e-06	2.23682e-06	2.05726e-06	0	0	0	0	0	0	0	0	0	
14	0.000398852	0.000179999	7.72882e-05	3.51203e-05	8.23374e-05	5.74757e-06	2.68246e-06	1.35534e-06	7.79888e-07	1.56931e-06	5.21898e-07	0	0	0	0	0	0	0	0	0	
14.2	0.000370715	0.000159055	6.50598e-05	2.82766e-05	6.7606e-05	4.16455e-06	1.84902e-06	8.88893e-07	4.86913e-07	9.98099e-07	7.79576e-07	0	0	0	0	0	0	0	0	0	
14.4	0.00034491	0.000140754	5.48765e-05	2.28413e-05	5.56381e-05	3.02803e-06	1.2807e-06	5.88017e-07	3.10488e-07	6.43924e-07	1.05877e-07	0	0	0	0	0	0	0	0	0	
14.6	0.000321172	0.000124684	4.63358e-05	1.84736e-05	4.58408e-05	2.20322e-06	8.86857e-07	3.87622e-07	1.94963e-07	4.11451e-07	2.90825e-07	0	0	0	0	0	0	0	0	0	
14.8	0.000299291	0.000110548	3.91661e-05	1.4965e-05	3.78156e-05	1.60616e-06	6.15918e-07	2.57165e-07	1.24925e-07	2.66433e-07	5.91219e-09	0	0	0	0	0	0	0	0	0	
15	0.000279092	9.80959e-05	3.31364e-05	1.21372e-05	3.12275e-05	1.17173e-06	4.27661e-07	1.69966e-07	7.85984e-08	1.70631e-07	1.12986e-07	0	0	0	0	0	0	0	0	0	
15.2	0.000260424	8.71134e-05	2.80589e-05	9.85546e-06	2.58122e-05	8.55994e-07	2.97627e-07	1.1301e-07	5.05699e-08	1.10833e-07	-1.12602e-08	0	0	0	0	0	0	0	0	0	
15.4	0.000243149	7.74159e-05	2.3778e-05	8.01114e-06	2.13549e-05	6.25773e-07	2.07098e-07	7.48386e-08	3.18494e-08	7.10955e-08	4.56281e-08	0	0	0	0	0	0	0	0	0	
15.6	0.000227149	6.8844e-05	2.01649e-05	6.51851e-06	1.76818e-05	4.5798e-07	1.44381e-07	4.98497e-08	2.05701e-08	4.63075e-08	-9.84071e-09	0	0	0	0	0	0	0	0	0	
15.8	0.000212314	6.12597e-05	1.71123e-05	5.30893e-06	1.46518e-05	3.35395e-07	1.00644e-07	3.30655e-08	1.29611e-08	2.97407e-08	1.90841e-08	0	0	0	0	0	0	0	0	0	
16	0.000198548	5.45432e-05	1.45311e-05	4.32763e-06	1.21498e-05	2.45851e-07	7.02731e-08	2.20591e-08	8.40226e-09	1.94212e-08	-6.11574e-09	0	0	0	0	0	0	0	0	0	
16.2	0.000185763	4.85902e-05	1.23465e-05	3.53065e-06	1.00818e-05	1.8032e-07	4.90609e-08	1.46518e-08	5.29413e-09	1.24842e-08	8.2256e-09	0	0	0	0	0	0	0	0	0	
16.4	0.00017388	4.33099e-05	1.04963e-05	2.88273e-06	8.37109e-06	1.32362e-07	3.43021e-08	9.78821e-09	3.44487e-09	8.17232e-09	-3.36901e-09	0	0	0	0	0	0	0	0	0	
16.6	0.000162827	3.86228e-05	8.92796e-06	2.35547e-06	6.95484e-06	9.72118e-08	2.39802e-08	6.50888e-09	2.16957e-09	5.25639e-09	3.63334e-09	0	0	0	0	0	0	0	0	0	
16.8	0.000152539	3.44594e-05	7.59778e-06	1.92604e-06	5.78146e-06	7.14461e-08	1.67866e-08	4.35369e-09	1.41715e-09	3.44907e-09	-1.74993e-09	0	0	0	0	0	0	0	0	0	
17	0.000142957	3.07587e-05	6.46882e-06	1.57598e-06	4.80861e-06	5.25352e-08	1.17494e-08	2.89796e-09	8.91733e-10	2.21916e-09	1.63593e-09	0	0	0	0	0	0	0	0	0	
17.2	0.000134026	2.74673e-05	5.51007e-06	1.29039e-06	4.00148e-06	3.86539e-08	8.23369e-09	1.94059e-09	5.84804e-10	1.45953e-09	-8.79489e-10	0	0	0	0	0	0	0	0	0	
17.4	0.000125698	2.45382e-05	4.69541e-06	1.05721e-06	3.33143e-06	2.84531e-08	5.76914e-09	1.29282e-09	3.67499e-10	9.39155e-10	7.47343e-10	0	0	0	0	0	0	0	0	0	
17.6	0.000117927	2.193e-05	4.0028e-06	8.66696e-07	2.77485e-06	2.0956e-08	4.04685e-09	8.6662e-10	2.42023e-10	6.19109e-10	-4.33298e-10	0	0	0	0	0	0	0	0	0	
17.8	0.000110672	1.96064e-05	3.41366e-06	7.10923e-07	2.31225e-06	1.54406e-08	2.83827e-09	5.77773e-10	1.51821e-10	3.98313e-10	3.45082e-10	0	0	0	0	0	0	0	0	0	
18	0.000103895	1.75352e-05	2.91229e-06	5.83472e-07	1.92756e-06	1.13825e-08	1.99272e-09	3.87669e-10	1.00432e-10	2.63188e-10	-2.10796e-10	0	0	0	0	0	0	0	0	0	
18.2	9.75609e-05	1.56881e-05	2.48541e-06	4.79125e-07	1.60749e-06	8.39406e-09	1.39883e-09	2.58624e-10	6.28596e-11	1.6926e-10	1.6058e-10	0	0	0	0	0	0	0	0	0	
18.4	9.16383e-05	1.404e-05	2.12179e-06	3.93638e-07	1.34107e-06	6.19306e-09	9.82902e-10	1.73683e-10	4.17818e-11	1.12105e-10	-1.0171e-10	0	0	0	0	0	0	0	0	0	
18.6	8.60974e-05	1.25689e-05	1.81191e-06	3.23558e-07	1.11918e-06	4.57073e-09	6.90523e-10	1.15934e-10	2.60787e-11	7.20516e-11	7.51402e-11	0	0	0	0	0	0	0	0	0	
18.8	8.09111e-05	1.1255e-05	1.54773e-06	2.66072e-07	9.34302e-07	3.37475e-09	4.85558e-10	7.79213e-11	1.74236e-11	4.78375e-11	-4.88063e-11	0	0	0	0	0	0	0	0	0	
19	7.60541e-05	1.00811e-05	1.3224e-06	2.18887e-07	7.80187e-07	2.4925e-09	3.41372e-10	5.20378e-11	1.08392e-11	3.07195e-11	3.52983e-11	0	0	0	0	0	0	0	0	0	
19.2	7.15028e-05	9.03165e-06	1.13012e-06	1.80122e-07	6.51647e-07	1.84148e-09	2.40195e-10	3.50011e-11	7.28213e-12	2.04468e-11	-2.33322e-11	0	0	0	0	0	0	0	0	0	
19.4	6.72348e-05	8.0929e-06	9.65959e-07	1.4826e-07	5.44386e-07	1.36093e-09	1.68983e-10	2.33844e-11	4.51207e-12	1.3115e-11	1.66262e-11	0	0	0	0	0	0	0	0	0	
19.6	6.32281e-05	7.25255e-06	8.25652e-07	1.21984e-07	4.5475e-07	1.00575e-09	1.18931e-10	1.57345e-11	3.04889e-12	8.75138e-12	-1.11221e-11	0	0	0	0	0	0	0	0	0	
19.8	5.94581e-05	6.49943e-06	7.05773e-07	1.00399e-07	3.79928e-07	7.43628e-10	8.37153e-11	1.05148e-11	1.87879e-12	5.60277e-12	7.8425e-12	0	0	0	0	0	0	0	0	0	
20	0	0	0	0	0	0	0	0	0	0	0	0	0	0	0	0	0	0	0	0	
