Numero de iteracoes: 17
Erro: 1.3286e-07
Tempo de Resolucao do Problema: 340.205 segundos
/////////////////////////////////////////////
Posicao	Fluxo Escalar
	Grupo de Energia 1	Grupo de Energia 2	Grupo de Energia 3	Grupo de Energia 4	Grupo de Energia 5	Grupo de Energia 6	Grupo de Energia 7	Grupo de Energia 8	Grupo de Energia 9	Grupo de Energia 10	Grupo de Energia 11	Grupo de Energia 12	Grupo de Energia 13	Grupo de Energia 14	Grupo de Energia 15	Grupo de Energia 16	Grupo de Energia 17	Grupo de Energia 18	Grupo de Energia 19	Grupo de Energia 20
0	0.000587742	0.000400319	0.000251085	0.000159651	0.000299868	5.28708e-05	3.27787e-05	2.07817e-05	1.36778e-05	1.96672e-05	5.09412e-06	3.36467e-06	2.27464e-06	1.58322e-06	1.14519e-06	8.75496e-07	7.3567e-07	1.38825e-06	0	0	
0.2	0.000609071	0.000424225	0.000271782	0.000176325	0.000328233	6.09754e-05	3.85962e-05	2.49765e-05	1.67656e-05	2.39272e-05	6.52539e-06	4.40133e-06	3.03773e-06	2.15722e-06	1.58958e-06	1.23349e-06	1.04241e-06	2.83091e-06	0	0	
0.4	0.000630914	0.000448868	0.000293276	0.000193671	0.000358019	6.98751e-05	4.50855e-05	2.9722e-05	2.02936e-05	2.88556e-05	8.25182e-06	5.67597e-06	3.9952e-06	2.89424e-06	2.17768e-06	1.73061e-06	1.51077e-06	2.789e-06	0	0	
0.6	0.000653418	0.00047467	0.000316197	0.00021249	0.000390206	8.00319e-05	5.26438e-05	3.53587e-05	2.45611e-05	3.47974e-05	1.04336e-05	7.31622e-06	5.24705e-06	3.8689e-06	2.95668e-06	2.37575e-06	2.07483e-06	6.43891e-06	0	0	
0.8	0.000676698	0.00050188	0.000340834	0.000233058	0.000425221	9.16342e-05	6.14379e-05	4.20344e-05	2.96981e-05	4.19424e-05	1.31825e-05	9.42684e-06	6.89575e-06	5.18902e-06	4.0535e-06	3.3435e-06	3.03128e-06	5.32851e-06	0	0	
1	0.00070085	0.000530678	0.000367397	0.0002556	0.000463405	0.000104913	7.1693e-05	4.99614e-05	3.59009e-05	5.05514e-05	1.66414e-05	1.21257e-05	9.03103e-06	6.90925e-06	5.47182e-06	4.54896e-06	4.10254e-06	1.49437e-05	0	0	
1.2	0.000725956	0.000561217	0.000396083	0.000280349	0.000505112	0.000120134	8.36701e-05	5.93908e-05	4.34078e-05	6.09473e-05	2.10242e-05	1.56233e-05	1.18714e-05	9.27525e-06	7.52016e-06	6.43806e-06	6.06441e-06	9.48081e-06	0	0	
1.4	0.000752091	0.000593637	0.000427093	0.000307549	0.000550705	0.00013758	9.76522e-05	7.05949e-05	5.24736e-05	7.34779e-05	2.6524e-05	2.00721e-05	1.5515e-05	1.23063e-05	1.00907e-05	8.67087e-06	8.06785e-06	3.55479e-05	0	0	
1.6	0.000779318	0.000628067	0.000460631	0.000337464	0.000600582	0.000157593	0.000113989	8.39231e-05	6.34438e-05	8.86156e-05	3.35006e-05	2.58566e-05	2.03984e-05	1.65404e-05	1.39144e-05	1.23625e-05	1.2101e-05	1.44998e-05	0	0	
1.8	0.000807696	0.000664598	0.000496852	0.000370319	0.000655079	0.00018054	0.000133068	9.97633e-05	7.6689e-05	0.000106861	4.22171e-05	3.31524e-05	2.65681e-05	2.18229e-05	1.85026e-05	1.64116e-05	1.57356e-05	8.69078e-05	0	0	
2	0.000837271	0.000703243	0.000535721	0.000406019	0.000714205	0.000206547	0.000155059	0.000118327	9.24556e-05	0.000128636	5.31402e-05	4.25536e-05	3.48145e-05	2.92638e-05	2.55144e-05	2.35009e-05	2.38796e-05	1.32726e-05	0	0	
2.2	0.000877742	0.000757592	0.000591796	0.000458909	0.000800301	0.000246602	0.00018969	0.000148201	0.000118368	0.000163978	7.1676e-05	5.86674e-05	4.89587e-05	4.18317e-05	3.68557e-05	3.39516e-05	3.38435e-05	0.000219409	0	0	
2.4	0.000921094	0.000817472	0.000655217	0.000520288	0.000899012	0.000295514	0.000233069	0.000186597	0.000152548	0.000210178	9.76962e-05	8.2118e-05	7.04686e-05	6.2073e-05	5.66473e-05	5.45282e-05	5.77782e-05	5.70003e-05	0	0	
2.6	0.000967561	0.000883301	0.000726588	0.000590924	0.00101157	0.000354629	0.000286682	0.000235067	0.000196535	0.000269409	0.000132456	0.000113761	9.95427e-05	8.91222e-05	8.22532e-05	7.94241e-05	8.32387e-05	0.000567396	0	0	
2.8	0.00101746	0.000955783	0.000807084	0.000672487	0.00114026	0.000426567	0.000353586	0.000297115	0.000254317	0.00034667	0.000181166	0.000159764	0.00014372	0.000132576	0.000126548	0.000127224	0.000140543	0.000212852	0	0	
3	0.00107118	0.00103573	0.000898014	0.000766739	0.0012876	0.00051384	0.000436537	0.000375628	0.000328774	0.000445884	0.00024605	0.000221546	0.000203093	0.000190395	0.000183978	0.00018616	0.000205069	0.00148834	0	0	
3.2	0.00112922	0.00112424	0.00100119	0.000876244	0.00145707	0.000620688	0.000540694	0.000476787	0.00042728	0.000576189	0.000337743	0.000312169	0.000294061	0.000283774	0.000283071	0.000297092	0.000342329	0.000747388	0	0	
3.4	0.00119218	0.00122243	0.00111843	0.0010035	0.00165218	0.000750796	0.000670161	0.00060493	0.00055414	0.000743533	0.00045925	0.000433068	0.000415518	0.000407574	0.000412141	0.000436908	0.000505811	0.00398047	0	0	
3.6	0.00126089	0.00133192	0.0012525	0.00115256	0.00187837	0.000911387	0.000834109	0.000771547	0.000723675	0.000965395	0.000632848	0.000612293	0.00060322	0.000608285	0.000633587	0.000694043	0.000834871	0.00256646	0	0	
3.8	0.00133629	0.00145426	0.00140589	0.00132688	0.00214045	0.00110759	0.00103817	0.000982417	0.000941304	0.00124966	0.000861115	0.000849449	0.000852214	0.000873978	0.000924431	0.00102654	0.00124904	0.0109539	0	0	
4	0.00141978	0.00159199	0.00158292	0.00153313	0.0024471	0.00135231	0.00129953	0.00126003	0.0012361	0.00163136	0.00119149	0.00120489	0.0012397	0.00130481	0.00141817	0.00162157	0.00203902	0.00886779	0	0	
4.2	0.00151274	0.00174738	0.00178671	0.00177557	0.0028043	0.00165129	0.00162368	0.00160892	0.00161091	0.00211619	0.00162081	0.00167052	0.00175067	0.00187571	0.00207436	0.00241271	0.0030862	0.0316226	0	0	
4.4	0.00161721	0.00192523	0.00202453	0.00206568	0.00322649	0.00203058	0.00204682	0.00207748	0.00212862	0.00277995	0.00225079	0.00237476	0.00254811	0.00279662	0.00317098	0.00378741	0.00498899	0.0318023	0	0	
4.6	0.00173388	0.00212906	0.00229956	0.00240412	0.00371727	0.00248396	0.00255897	0.00265178	0.00277102	0.00360247	0.0030534	0.00328305	0.0035892	0.00401365	0.00463832	0.00565074	0.00760425	0.101138	0	0	
4.8	0.00186251	0.00236849	0.00263447	0.00282763	0.00432306	0.00308041	0.0032486	0.00344322	0.0036771	0.00475413	0.00424306	0.00466342	0.00521289	0.00596391	0.00705851	0.00882214	0.012216	0.125463	0	0	
5	0.00198286	0.0026052	0.0029755	0.00326729	0.00494788	0.00371954	0.00399653	0.00431148	0.0046823	0.00603409	0.00559877	0.00625812	0.00711689	0.00828921	0.00999936	0.0127628	0.0181056	0.469875	0	0	
5.2	0.00214063	0.00291301	0.0034178	0.00383677	0.00575543	0.00454262	0.0049575	0.00542424	0.00596718	0.00766562	0.00731921	0.00827482	0.00951597	0.0112078	0.0136752	0.0176663	0.0253976	0.856769	0	0	
5.4	0.00228999	0.0031855	0.00379505	0.00430969	0.00643402	0.00519473	0.00570324	0.00627038	0.00692475	0.00888637	0.00854596	0.00968133	0.0111507	0.0131478	0.0160535	0.0207438	0.029814	0.856364	0	0	
5.6	0.00241068	0.00339453	0.00407744	0.0046563	0.00693712	0.00565006	0.00621051	0.00683048	0.00754111	0.00967979	0.00928942	0.0105082	0.0120822	0.0142181	0.0173222	0.022328	0.0320007	0.928286	0	0	
5.8	0.00250771	0.00356228	0.00430422	0.00493238	0.00733952	0.00600168	0.0065955	0.00724819	0.00799299	0.0102637	0.00981537	0.0110836	0.0127203	0.0149401	0.0181651	0.0233644	0.0334082	0.913995	0	0	
6	0.00258415	0.00369427	0.00447947	0.00514024	0.0076466	0.00625104	0.00686031	0.00752656	0.00828447	0.0106446	0.0101306	0.0114155	0.0130736	0.0153228	0.0185913	0.0238619	0.034045	0.93936	0	0	
6.2	0.00264347	0.00379711	0.00461448	0.0052986	0.00788164	0.0064373	0.0070563	0.00773081	0.00849666	0.0109219	0.0103569	0.011653	0.0133263	0.0155974	0.0188994	0.0242264	0.0345214	0.928909	0	0	
6.4	0.00268754	0.00387338	0.00471317	0.00541253	0.00805213	0.00656546	0.00718744	0.00786317	0.00862934	0.0110976	0.0104861	0.0117816	0.0134551	0.015728	0.0190342	0.0243705	0.034687	0.940341	0	0	
6.6	0.00271792	0.00392606	0.00478099	0.00549043	0.00816892	0.00665236	0.00727625	0.00795296	0.00871987	0.0112169	0.0105767	0.0118741	0.013551	0.0158298	0.0191465	0.0245017	0.0348575	0.933532	0	0	
6.8	0.00273532	0.00395629	0.00481968	0.00553449	0.00823532	0.00670005	0.00732384	0.00799961	0.00876505	0.0112774	0.0106167	0.0119114	0.0135856	0.0158615	0.0191749	0.024526	0.0348756	0.940028	0	0	
7	0.00274031	0.00396532	0.00483153	0.00554827	0.00825586	0.00671574	0.00734005	0.00801625	0.00878219	0.0112997	0.010635	0.0119311	0.0136072	0.015886	0.019204	0.024563	0.0349287	0.934632	0	0	
7.2	0.00273292	0.00395308	0.0048163	0.00553119	0.00823	0.00669744	0.00732153	0.00799761	0.00876335	0.0112751	0.0106157	0.0119108	0.0135854	0.0158619	0.019176	0.0245281	0.0348796	0.940037	0	0	
7.4	0.00271306	0.00391953	0.00477408	0.00548364	0.00815804	0.00664694	0.0072714	0.00794863	0.00871595	0.0112117	0.0105734	0.0118708	0.0135474	0.0158257	0.0191414	0.0244946	0.0348466	0.93351	0	0	
7.6	0.0026801	0.00386331	0.00470243	0.00540187	0.0080351	0.00655675	0.0071796	0.00785624	0.00862336	0.0110894	0.0104826	0.0117794	0.0134543	0.0157291	0.0190378	0.0243778	0.0347008	0.940373	0	0	
7.8	0.00263323	0.00378314	0.00459939	0.00528346	0.00785758	0.00642452	0.00704445	0.00771976	0.00848619	0.0109081	0.0103472	0.0116429	0.0133153	0.0155849	0.0188842	0.0242064	0.034492	0.928852	0	0	
8	0.00257073	0.00367584	0.00445921	0.00511958	0.00761399	0.00623306	0.00684366	0.0075115	0.00827119	0.0106264	0.0101223	0.0114099	0.0130712	0.0153244	0.0185981	0.0238764	0.0340734	0.939426	0	0	
8.2	0.00249055	0.0035386	0.00427763	0.00490475	0.00729628	0.00597597	0.00657016	0.00722296	0.00796749	0.0102308	0.00978898	0.0110555	0.0126895	0.0149053	0.0181239	0.0233126	0.0333355	0.913861	0	0	
8.4	0.00238878	0.0033643	0.0040426	0.00461915	0.00687958	0.00561545	0.00617765	0.00679995	0.00751334	0.00964208	0.00926985	0.0104932	0.0120728	0.0142158	0.0173294	0.0223494	0.0320481	0.928405	0	0	
8.6	0.00226171	0.00314643	0.00374927	0.00425854	0.00635681	0.00513824	0.00564311	0.00620638	0.00685634	0.00879946	0.00846864	0.00959702	0.0110574	0.0130422	0.0159302	0.0205922	0.0296085	0.856004	0	0	
8.8	0.00210299	0.00285887	0.0033552	0.00376919	0.00565138	0.00447524	0.00489038	0.00535814	0.0059027	0.00758025	0.00726284	0.00822335	0.00947104	0.0111719	0.0136526	0.0176652	0.0254381	0.856929	0	0	
9	0.00193119	0.00251705	0.00285797	0.00312285	0.00473929	0.00353205	0.00378385	0.00407165	0.00441217	0.00569548	0.0052617	0.00587551	0.00667784	0.00777673	0.00938485	0.0119915	0.0170461	0.468017	0	0	
9.2	0.00170919	0.00208437	0.00223571	0.00232023	0.00360472	0.00237568	0.00243343	0.00250807	0.00260742	0.00341466	0.00285743	0.00306445	0.00334491	0.00373911	0.00432649	0.00528948	0.0071678	0.0371595	0	0	
9.4	0.00151528	0.00175008	0.00179209	0.00178324	0.00282234	0.00168019	0.0016589	0.00165114	0.00166093	0.00219711	0.00170273	0.00177166	0.00187784	0.00203982	0.00229449	0.00272695	0.00358934	0.068348	0	0	
9.6	0.00136221	0.00150034	0.00146774	0.00139728	0.00225531	0.00119984	0.00113446	0.00108233	0.00104478	0.00140122	0.000981368	0.000979094	0.000994781	0.00103511	0.00111396	0.00126393	0.00158238	-0.00783291	0	0	
9.8	0.0012352	0.00129507	0.00120789	0.00110018	0.00181029	0.000864632	0.000786424	0.000723425	0.000675117	0.000914407	0.000592303	0.000573986	0.000567751	0.000576545	0.000607122	0.000675978	0.000833075	0.0210413	0	0	
10	0.00112784	0.00112667	0.00100513	0.000879064	0.00147188	0.000633966	0.00055371	0.00048911	0.000438401	0.000601798	0.000351092	0.000325002	0.000306438	0.000295806	0.000294981	0.000309352	0.000356153	-0.00867603	0	0	
10.2	0.00103451	0.00098491	0.00084056	0.000705024	0.00120206	0.000464249	0.000388862	0.000330005	0.000284987	0.000395526	0.000211625	0.000190105	0.00017479	0.000165532	0.000163177	0.000170783	0.000198662	0.00928897	0	0	
10.4	0.000952528	0.000865432	0.000707792	0.000570695	0.000989494	0.000345562	0.000278666	0.000227873	0.000189779	0.000266491	0.000129461	0.000111258	9.74078e-05	8.72471e-05	8.05582e-05	7.78767e-05	8.1939e-05	-0.00569579	0	0	
10.6	0.000879518	0.000763131	0.000598129	0.000463277	0.00081722	0.000256225	0.000197825	0.000154878	0.000123654	0.000175938	7.68332e-05	6.34837e-05	5.37709e-05	4.70572e-05	4.30887e-05	4.22078e-05	4.64023e-05	0.0048373	0	0	
10.8	0.000814174	0.000675383	0.000507871	0.000378546	0.000678683	0.000192689	0.000143468	0.000108597	8.41062e-05	0.00012077	4.89878e-05	3.92815e-05	3.21871e-05	2.70472e-05	2.3453e-05	2.12581e-05	2.08497e-05	-0.00340245	0	0	
11	0.000755235	0.000599281	0.000432347	0.000309942	0.000564989	0.000144193	0.000102697	7.42097e-05	5.47767e-05	7.99223e-05	2.81377e-05	2.11111e-05	1.61428e-05	1.26826e-05	1.03869e-05	9.10412e-06	9.006e-06	0.00268162	0	0	
11.2	0.000701913	0.00053319	0.000369352	0.000255037	0.0004723	0.00010926	7.51327e-05	5.26573e-05	3.79696e-05	5.57342e-05	1.89918e-05	1.43617e-05	1.12271e-05	9.12869e-06	7.7854e-06	7.07401e-06	7.13507e-06	-0.00197808	0	0	
11.4	0.000653416	0.000475332	0.000316151	0.000210167	0.00039553	8.23245e-05	5.41199e-05	3.6114e-05	2.46543e-05	3.68957e-05	1.03161e-05	6.86543e-06	4.50717e-06	2.86732e-06	1.69671e-06	8.10914e-07	1.0105e-08	0.00151944	0	0	
11.6	0.000609205	0.000424631	0.000271346	0.000173874	0.000332316	6.274e-05	3.98609e-05	2.58777e-05	1.73978e-05	2.60962e-05	7.54381e-06	5.47494e-06	4.22051e-06	3.50221e-06	3.16741e-06	3.17541e-06	3.68718e-06	-0.00113967	0	0	
11.8	0.000568743	0.000379938	0.000233249	0.000144009	0.0002796	4.75237e-05	2.88494e-05	1.77851e-05	1.12341e-05	1.72479e-05	3.75129e-06	2.11092e-06	1.01607e-06	2.38329e-07	-3.76687e-07	-9.67439e-07	-1.76885e-06	0.000867449	0	0	
12	0.000531638	0.000340508	0.00020093	0.000119655	0.000235859	3.63812e-05	2.13625e-05	1.28522e-05	8.0695e-06	1.23636e-05	3.07416e-06	2.19446e-06	1.74203e-06	1.56287e-06	1.58595e-06	1.81821e-06	2.42606e-06	-0.00065452	0	0	
12.2	0.000497506	0.000305567	0.000173306	9.95083e-05	0.00019919	2.76739e-05	1.55177e-05	8.84047e-06	5.16827e-06	8.1433e-06	1.33459e-06	5.65187e-07	5.34796e-08	-3.31573e-07	-6.79814e-07	-1.08476e-06	-1.74153e-06	0.000496527	0	0	
12.4	0.000466055	0.000274578	0.000149737	8.29713e-05	0.000168578	2.12613e-05	1.1541e-05	6.43733e-06	3.78128e-06	5.91481e-06	1.28811e-06	9.31623e-07	7.93994e-07	7.95922e-07	9.09798e-07	1.16014e-06	1.6914e-06	-0.000375455	0	0	
12.6	0.000437002	0.000247	0.00012951	6.92346e-05	0.00014281	1.62285e-05	8.4073e-06	4.42695e-06	2.39551e-06	3.87518e-06	4.53642e-07	9.32627e-08	-1.51879e-07	-3.54142e-07	-5.64676e-07	-8.44889e-07	-1.34089e-06	0.000284474	0	0	
12.8	0.000410125	0.000222439	0.000112173	5.78985e-05	0.000121193	1.25042e-05	6.27557e-06	3.24661e-06	1.78752e-06	2.85301e-06	5.56534e-07	4.20391e-07	3.94978e-07	4.42101e-07	5.5445e-07	7.58573e-07	1.16713e-06	-0.000215278	0	0	
13	0.00038521	0.000200506	9.72439e-05	4.84503e-05	0.000102933	9.57185e-06	4.582e-06	2.23012e-06	1.11674e-06	1.8558e-06	1.40004e-07	-3.00153e-08	-1.51626e-07	-2.6392e-07	-3.96071e-07	-5.88229e-07	-9.44597e-07	0.000163036	0	0	
13.2	0.000362082	0.000180904	8.43996e-05	4.06179e-05	8.7552e-05	7.39279e-06	3.43079e-06	1.64683e-06	8.51641e-07	1.38597e-06	2.48707e-07	2.01317e-07	2.09799e-07	2.57064e-07	3.43996e-07	4.93117e-07	7.86809e-07	-0.000123414	0	0	
13.4	0.000340576	0.000163348	7.33075e-05	3.40712e-05	7.4523e-05	5.67292e-06	2.50949e-06	1.12892e-06	5.22826e-07	8.93212e-07	3.35126e-08	-4.78308e-08	-1.10525e-07	-1.75498e-07	-2.59662e-07	-3.89331e-07	-6.36731e-07	9.34468e-05	0	0	
13.6	0.000320551	0.00014761	6.37331e-05	2.86216e-05	6.35077e-05	4.39001e-06	1.88406e-06	8.39539e-07	4.0885e-07	6.77781e-07	1.15545e-07	1.01981e-07	1.16766e-07	1.52997e-07	2.14084e-07	3.17212e-07	5.20329e-07	-7.07412e-05	0	0	
13.8	0.000301872	0.000133473	5.5444e-05	2.40559e-05	5.41541e-05	3.37558e-06	1.37993e-06	5.73643e-07	2.45377e-07	4.31486e-07	6.67403e-10	-3.90543e-08	-7.2635e-08	-1.11305e-07	-1.65112e-07	-2.51395e-07	-4.19415e-07	5.35575e-05	0	0	
14	0.000284414	0.000120741	4.82495e-05	2.02262e-05	4.62002e-05	2.61563e-06	1.03878e-06	4.30637e-07	1.98885e-07	3.34994e-07	5.78802e-08	5.64912e-08	6.97672e-08	9.54625e-08	1.37304e-07	2.07972e-07	3.48128e-07	-4.05257e-05	0	0	
14.2	0.000264376	0.000106708	4.06209e-05	1.62869e-05	3.79474e-05	1.88949e-06	7.06094e-07	2.67678e-07	1.03403e-07	1.89785e-07	-9.28821e-09	-2.84339e-08	-4.69851e-08	-7.07391e-08	-1.05752e-07	-1.63599e-07	-2.78033e-07	3.23387e-05	0	0	
14.4	0.000245995	9.44422e-05	3.4268e-05	1.31614e-05	3.12445e-05	1.37984e-06	4.96862e-07	1.8791e-07	8.13892e-08	1.4005e-07	2.67376e-08	3.00527e-08	4.04647e-08	5.80575e-08	8.61405e-08	1.33747e-07	2.28843e-07	-2.57927e-05	0	0	
14.6	0.000229083	8.36683e-05	2.89368e-05	1.06452e-05	2.57502e-05	1.00065e-06	3.38384e-07	1.1539e-07	3.90037e-08	7.59944e-08	-9.90955e-09	-1.95376e-08	-3.04437e-08	-4.56695e-08	-6.90459e-08	-1.08511e-07	-1.87556e-07	2.05723e-05	0	0	
14.8	0.000213492	7.41907e-05	2.44621e-05	8.62605e-06	2.12509e-05	7.3298e-07	2.3966e-07	8.31141e-08	3.44215e-08	5.98727e-08	1.40142e-08	1.76259e-08	2.50106e-08	3.68996e-08	5.5896e-08	8.84393e-08	1.54091e-07	-1.64075e-05	0	0	
15	0.000199098	6.58403e-05	2.0697e-05	6.99606e-06	1.75531e-05	5.32619e-07	1.62926e-07	4.97667e-08	1.42585e-08	3.00824e-08	-7.49812e-09	-1.27527e-08	-1.94696e-08	-2.93799e-08	-4.50245e-08	-7.19065e-08	-1.26395e-07	1.30858e-05	0	0	
15.2	0.000185793	5.84748e-05	1.75272e-05	5.68226e-06	1.45143e-05	3.91224e-07	1.16254e-07	3.71515e-08	1.50251e-08	2.6131e-08	7.91803e-09	1.07266e-08	1.56972e-08	2.35979e-08	3.63484e-08	5.84837e-08	1.03637e-07	-1.04365e-05	0	0	
15.4	0.000173481	5.19698e-05	1.48535e-05	4.61869e-06	1.20105e-05	2.84643e-07	7.87092e-08	2.13919e-08	4.86827e-09	1.16165e-08	-5.11179e-09	-8.15338e-09	-1.2382e-08	-1.88517e-08	-2.92869e-08	-4.7507e-08	-8.48808e-08	8.32355e-06	0	0	
15.6	0.000162075	4.62195e-05	1.25973e-05	3.7589e-06	9.94789e-06	2.09633e-07	5.66674e-08	1.67953e-08	6.80999e-09	1.1689e-08	4.69055e-09	6.64623e-09	9.90799e-09	1.51037e-08	2.36031e-08	3.85702e-08	6.94608e-08	-6.63835e-06	0	0	
15.8	0.000151499	4.11309e-05	1.06906e-05	3.06115e-06	8.24471e-06	1.52639e-07	3.81173e-08	9.12239e-09	1.41128e-09	4.27237e-09	-3.34232e-09	-5.17083e-09	-7.85781e-09	-1.20753e-08	-1.90035e-08	-3.12863e-08	-5.67873e-08	5.29433e-06	0	0	
16	0.000141685	3.66243e-05	9.07847e-06	2.49573e-06	6.83872e-06	1.12707e-07	2.77461e-08	7.69291e-09	3.22568e-09	5.38734e-09	2.85871e-09	4.15656e-09	6.26906e-09	9.66273e-09	1.52959e-08	2.53609e-08	4.6386e-08	-4.22242e-06	0	0	
16.2	0.000132569	3.26295e-05	7.71372e-06	2.03589e-06	5.67563e-06	8.20937e-08	1.84901e-08	3.83397e-09	2.17689e-10	1.41888e-09	-2.14597e-09	-3.27033e-09	-4.98338e-09	-7.72512e-09	-1.23037e-08	-2.05424e-08	-3.78573e-08	3.36753e-06	0	0	
16.4	0.000124095	2.90858e-05	6.558e-06	1.66248e-06	4.71378e-06	6.07744e-08	1.36441e-08	3.57939e-09	1.60403e-09	2.57234e-09	1.77141e-09	2.61294e-09	3.97135e-09	6.17727e-09	9.89295e-09	1.66285e-08	3.08721e-08	-2.68573e-06	0	0	
16.6	0.000116213	2.59399e-05	5.57817e-06	1.35823e-06	3.91684e-06	4.42659e-08	8.97725e-09	1.57129e-09	-1.37186e-10	3.59082e-10	-1.36693e-09	-2.0673e-09	-3.16023e-09	-4.93734e-09	-7.9506e-09	-1.34517e-08	-2.51565e-08	2.14196e-06	0	0	
16.8	0.000108876	2.31452e-05	4.74724e-06	1.11071e-06	3.25675e-06	3.28569e-08	6.7386e-09	1.69725e-09	8.38154e-10	1.27817e-09	1.10829e-09	1.64762e-09	2.51752e-09	3.94617e-09	6.38708e-09	1.08752e-08	2.04843e-08	-1.70829e-06	0	0	
17	0.000102041	2.0661e-05	4.04185e-06	9.08696e-07	2.70907e-06	2.39226e-08	4.35889e-09	6.16042e-10	-1.99437e-10	2.00764e-13	-8.67854e-10	-1.30732e-09	-2.0044e-09	-3.15316e-09	-5.12895e-09	-8.7873e-09	-1.66685e-08	1.36242e-06	0	0	
17.2	9.5671e-05	1.84513e-05	3.4429e-06	7.44072e-07	2.25481e-06	1.78057e-08	3.3431e-09	8.23144e-10	4.58718e-10	6.62411e-10	6.97355e-10	1.041e-09	1.59668e-09	2.51928e-09	4.11718e-09	7.09647e-09	1.35548e-08	-1.08658e-06	0	0	
17.4	8.97301e-05	1.64847e-05	2.93387e-06	6.09515e-07	1.87745e-06	1.29543e-08	2.1146e-09	2.21906e-10	-1.72654e-10	-9.59825e-11	-5.50394e-10	-8.27316e-10	-1.27166e-09	-2.0125e-09	-3.30388e-09	-5.72815e-09	-1.10161e-08	8.66582e-07	0	0	
17.6	8.41864e-05	1.47334e-05	2.50116e-06	4.99695e-07	1.56407e-06	9.66995e-09	1.66659e-09	4.09789e-10	2.61261e-10	3.57787e-10	4.40327e-10	6.58675e-10	1.01309e-09	1.60754e-09	2.65045e-09	4.62157e-09	8.94785e-09	-6.91127e-07	0	0	
17.8	7.90104e-05	1.31731e-05	2.13303e-06	4.0981e-07	1.30345e-06	7.0273e-09	1.02378e-09	6.56455e-11	-1.28576e-10	-1.01637e-10	-3.49051e-10	-5.24007e-10	-8.07107e-10	-1.28396e-09	-2.12571e-09	-3.72723e-09	-7.26419e-09	5.51196e-07	0	0	
18	7.41751e-05	1.17822e-05	1.81979e-06	3.36346e-07	1.08677e-06	5.26198e-09	8.35256e-10	2.10049e-10	1.53642e-10	2.00699e-10	2.78706e-10	4.17304e-10	6.43169e-10	1.02552e-09	1.70453e-09	3.00489e-09	5.89462e-09	-4.39595e-07	0	0	
18.2	6.96559e-05	1.05417e-05	1.55304e-06	2.76141e-07	9.06398e-07	3.81807e-09	4.93958e-10	8.13116e-12	-8.951e-11	-8.18476e-11	-2.21525e-10	-3.32288e-10	-5.12634e-10	-8.19155e-10	-1.36663e-09	-2.42187e-09	-4.78139e-09	3.50589e-07	0	0	
18.4	6.54298e-05	9.43481e-06	1.32585e-06	2.2687e-07	7.56285e-07	2.86862e-09	4.21149e-10	1.11096e-10	9.26287e-11	1.16337e-10	1.76831e-10	2.64842e-10	4.08784e-10	6.54466e-10	1.09573e-09	1.95164e-09	3.87725e-09	-2.79602e-07	0	0	
18.6	6.1476e-05	8.44667e-06	1.13222e-06	1.86443e-07	6.31204e-07	2.07732e-09	2.37057e-10	-9.8659e-12	-6.02051e-11	-5.94414e-11	-1.40879e-10	-2.11183e-10	-3.2616e-10	-5.23097e-10	-8.78684e-10	-1.57267e-09	-3.14355e-09	2.22986e-07	0	0	
18.8	5.77749e-05	7.56415e-06	9.67154e-07	1.53314e-07	5.27008e-07	1.56661e-09	2.13905e-10	6.07687e-11	5.70348e-11	6.94396e-11	1.12696e-10	1.68717e-10	2.60586e-10	4.18485e-10	7.05027e-10	1.26763e-09	2.54882e-09	-1.77832e-07	0	0	
19	5.43087e-05	6.77554e-06	8.26352e-07	1.261e-07	4.40109e-07	1.1316e-09	1.12828e-10	-1.3123e-11	-3.98846e-11	-4.11924e-11	-9.01211e-11	-1.34965e-10	-2.08487e-10	-3.35192e-10	-5.66188e-10	-1.02234e-09	-2.06728e-09	1.41817e-07	0	0	
19.2	5.10605e-05	6.07052e-06	7.0621e-07	1.03764e-07	3.67644e-07	8.57145e-10	1.09851e-10	3.47019e-11	3.61245e-11	4.29682e-11	7.27831e-11	1.08687e-10	1.67615e-10	2.69412e-10	4.55787e-10	8.25849e-10	1.67848e-09	-1.13091e-07	0	0	
19.4	4.80144e-05	5.43983e-06	6.03628e-07	8.53917e-08	3.07151e-07	6.16988e-10	5.28905e-11	-1.17715e-11	-2.66038e-11	-2.82714e-11	-5.86661e-11	-8.76156e-11	-1.35046e-10	-2.17069e-10	-3.67742e-10	-6.68383e-10	-1.36486e-09	9.01769e-08	0	0	
19.6	4.51546e-05	4.87522e-06	5.15962e-07	7.02559e-08	2.56607e-07	4.70485e-10	5.81469e-11	2.18065e-11	2.47623e-11	2.90856e-11	4.94328e-11	7.29494e-11	1.11394e-10	1.77864e-10	3.00238e-10	5.45409e-10	1.11619e-09	-7.18917e-08	0	0	
19.8	4.24637e-05	4.3692e-06	4.41055e-07	5.78124e-08	2.14399e-07	3.36238e-10	2.37599e-11	-9.90298e-12	-1.87097e-11	-2.03047e-11	-4.01998e-11	-5.9535e-11	-9.09853e-11	-1.45244e-10	-2.45203e-10	-4.46063e-10	-9.15694e-10	5.73034e-08	0	0	
20	0	0	0	0	0	0	0	0	0	0	0	0	0	0	0	0	0	0	0	0	
