Numero de iteracoes: 24
Erro: 9.44709e-07
Tempo de Resolucao do Problema: 4792.13 segundos
/////////////////////////////////////////////
Posicao	Fluxo Escalar
	Grupo de Energia 1	Grupo de Energia 2	Grupo de Energia 3	Grupo de Energia 4	Grupo de Energia 5	Grupo de Energia 6	Grupo de Energia 7	Grupo de Energia 8	Grupo de Energia 9	Grupo de Energia 10	Grupo de Energia 11	Grupo de Energia 12	Grupo de Energia 13	Grupo de Energia 14	Grupo de Energia 15	Grupo de Energia 16	Grupo de Energia 17	Grupo de Energia 18	Grupo de Energia 19
0	0.507947	0.0159361	0.0118712	0.0119475	0.012231	0.0128525	0.0091786	0.0099924	0.0112716	0.0133532	0.0169295	0.0231658	0.00917077	0.00819085	0.00576006	0.0016388	0.000414807	2.84237e-05	4.18369e-06	
0.05	0.459037	0.0180297	0.0134617	0.0135788	0.0139371	0.0146909	0.0105248	0.0114939	0.0130161	0.015499	0.019792	0.0273868	0.0109599	0.00998757	0.00730414	0.00221758	0.000624664	4.92306e-05	8.35593e-06	
0.1	0.425796	0.0190355	0.0142423	0.0143963	0.0148121	0.0156573	0.0112473	0.0123128	0.0139821	0.0167034	0.0214165	0.0298128	0.0122001	0.0112435	0.0083834	0.00262234	0.000765769	6.28057e-05	1.09091e-05	
0.15	0.39855	0.019644	0.0147282	0.0149182	0.0153854	0.0163071	0.0117428	0.0128832	0.0146643	0.0175636	0.0225875	0.0315778	0.0132152	0.0122808	0.00927961	0.00296157	0.000881995	7.37993e-05	1.2919e-05	
0.2	0.374935	0.02002	0.0150391	0.0152625	0.0157748	0.016761	0.0120964	0.0132968	0.0151658	0.0182037	0.0234671	0.0329165	0.0140709	0.0131639	0.0100479	0.00325537	0.000981441	8.30878e-05	1.4589e-05	
0.25	0.353973	0.0202347	0.0152278	0.0154816	0.0160339	0.0170752	0.0123483	0.0135974	0.0155368	0.0186842	0.024135	0.0339451	0.0148004	0.0139244	0.0107144	0.00351298	0.00106783	9.10813e-05	1.6012e-05	
0.3	0.335093	0.0203304	0.0153258	0.0156075	0.0161951	0.0172838	0.0125227	0.0138118	0.0158078	0.0190419	0.0246397	0.0347332	0.0154242	0.0145819	0.0112952	0.0037399	0.00114338	9.80227e-05	1.72402e-05	
0.35	0.31791	0.0203354	0.0153541	0.0156613	0.0162803	0.0174096	0.0126362	0.0139578	0.0159992	0.0193014	0.0250133	0.0353279	0.0159572	0.0151501	0.0118013	0.00393993	0.00120958	0.000104075	1.83071e-05	
0.4	0.302147	0.0202696	0.0153278	0.0156581	0.0163048	0.017469	0.0127004	0.0140483	0.0161255	0.0194805	0.0252792	0.0357628	0.0164105	0.0156396	0.0122414	0.00411593	0.00126755	0.000109357	1.92362e-05	
0.45	0.2876	0.0201478	0.0152578	0.0156091	0.0162803	0.0174741	0.0127239	0.0140928	0.0161978	0.0195925	0.025455	0.0360636	0.0167931	0.0160589	0.0126221	0.00427023	0.00131818	0.000113961	2.00446e-05	
0.5	0.274108	0.0199811	0.0151526	0.0155228	0.0162154	0.0174343	0.0127137	0.014099	0.0162246	0.0196478	0.0255543	0.0362503	0.0171125	0.0164149	0.0129493	0.00440477	0.0013622	0.000117958	2.0746e-05	
0.55	0.261544	0.0197784	0.0150188	0.015406	0.0161172	0.017357	0.0126751	0.0140726	0.0162128	0.0196547	0.0255883	0.0363391	0.0173751	0.0167138	0.0132278	0.00452126	0.00140023	0.000121411	2.13514e-05	
0.6	0.249805	0.0195464	0.0148615	0.015264	0.0159912	0.0172482	0.0126125	0.0140186	0.016168	0.0196201	0.0255659	0.0363434	0.0175865	0.0169608	0.013462	0.00462119	0.0014328	0.00012437	2.187e-05	
0.65	0.238805	0.0192907	0.0146851	0.0151011	0.0158421	0.0171128	0.0125294	0.0139409	0.0160948	0.0195496	0.0254948	0.0362744	0.0177515	0.0171606	0.0136557	0.00470591	0.00146038	0.000126881	2.23098e-05	
0.7	0.228473	0.0190161	0.0144931	0.014921	0.0156736	0.016955	0.012429	0.013843	0.0159972	0.0194482	0.0253814	0.0361414	0.0178744	0.0173174	0.0138123	0.00477663	0.00148341	0.000128983	2.26778e-05	
0.75	0.218746	0.0187261	0.0142884	0.0147267	0.0154889	0.0167782	0.0123137	0.0137277	0.0158785	0.0193198	0.0252312	0.0359527	0.017959	0.0174348	0.013935	0.00483447	0.00150227	0.000130711	2.29802e-05	
0.8	0.209572	0.0184241	0.0140733	0.0145207	0.0152907	0.0165854	0.0121857	0.0135974	0.0157415	0.019168	0.0250488	0.0357152	0.0180089	0.0175163	0.0140266	0.00488045	0.00151729	0.000132098	2.32225e-05	
0.85	0.200905	0.0181125	0.0138499	0.0143052	0.0150813	0.016379	0.0120469	0.0134543	0.0155887	0.018996	0.0248384	0.035435	0.0180273	0.0175649	0.0140897	0.00491551	0.0015288	0.000133171	2.34098e-05	
0.9	0.192704	0.0177937	0.01362	0.014082	0.0148626	0.0161612	0.0118989	0.0133001	0.0154223	0.0188063	0.0246036	0.0351176	0.0180169	0.0175836	0.0141267	0.00494054	0.00153709	0.000133956	2.35467e-05	
0.95	0.184934	0.0174695	0.0133851	0.0138526	0.0146364	0.015934	0.0117432	0.0131366	0.0152442	0.0186013	0.0243476	0.0347676	0.0179804	0.0175749	0.0141397	0.00495633	0.00154243	0.000134479	2.36374e-05	
1	0.177563	0.0171415	0.0131465	0.0136184	0.0144041	0.0156989	0.0115809	0.012965	0.015056	0.0183831	0.0240731	0.0343892	0.0179202	0.0175412	0.0141309	0.00496363	0.00154506	0.00013476	2.36858e-05	
1.05	0.170562	0.0168112	0.0129051	0.0133807	0.0141669	0.0154574	0.0114132	0.0127867	0.0148592	0.0181535	0.0237826	0.0339861	0.0178384	0.0174846	0.014102	0.00496315	0.0015452	0.00013482	2.36953e-05	
1.1	0.163906	0.0164797	0.012662	0.0131402	0.0139261	0.0152107	0.0112409	0.0126027	0.014655	0.0179141	0.0234783	0.0335617	0.0177371	0.0174073	0.0140549	0.00495552	0.00154307	0.000134678	2.36694e-05	
1.15	0.157572	0.0161479	0.012418	0.0128981	0.0136824	0.01496	0.011065	0.012414	0.0144447	0.0176665	0.0231623	0.0331189	0.0176181	0.0173111	0.0139911	0.00494135	0.00153887	0.000134351	2.3611e-05	
1.2	0.151539	0.0158169	0.0121738	0.012655	0.0134369	0.0147061	0.0108862	0.0122214	0.0142293	0.0174119	0.0228362	0.0326605	0.0174832	0.0171977	0.0139121	0.00492121	0.00153276	0.000133855	2.3523e-05	
1.25	0.145787	0.0154873	0.0119299	0.0124115	0.0131902	0.01445	0.0107051	0.0120258	0.0140097	0.0171514	0.0225017	0.0321887	0.0173338	0.0170687	0.0138194	0.0048956	0.00152493	0.000133205	2.3408e-05	
1.3	0.140301	0.0151597	0.0116869	0.0121683	0.012943	0.0141924	0.0105223	0.0118277	0.0137867	0.0168861	0.0221602	0.0317057	0.0171715	0.0169256	0.0137141	0.00486502	0.00151553	0.000132414	2.32684e-05	
1.35	0.135063	0.0148347	0.0114453	0.0119259	0.0126958	0.013934	0.0103383	0.0116278	0.013561	0.016617	0.0218129	0.0312135	0.0169976	0.0167698	0.0135975	0.00482992	0.00150469	0.000131496	2.31064e-05	
1.4	0.13006	0.0145128	0.0112055	0.0116847	0.0124492	0.0136754	0.0101537	0.0114267	0.0133333	0.0163448	0.021461	0.0307139	0.0168133	0.0166025	0.0134707	0.00479072	0.00149256	0.000130463	2.29241e-05	
1.45	0.125277	0.0141944	0.0109677	0.011445	0.0122036	0.013417	0.00996874	0.0112248	0.0131042	0.0160704	0.0211056	0.0302083	0.0166197	0.016425	0.0133347	0.00474781	0.00147926	0.000129325	2.27236e-05	
1.5	0.120702	0.0138798	0.0107324	0.0112073	0.0119594	0.0131593	0.00978389	0.0110225	0.0128743	0.0157944	0.0207476	0.0296983	0.0164179	0.0162384	0.0131905	0.00470155	0.0014649	0.000128093	2.25065e-05	
1.55	0.116325	0.0135693	0.0104996	0.0109718	0.0117169	0.0129029	0.00959944	0.0108203	0.012644	0.0155174	0.0203878	0.029185	0.016209	0.0160436	0.0130389	0.00465229	0.0014496	0.000126776	2.22745e-05	
1.6	0.112133	0.0132631	0.0102697	0.0107387	0.0114764	0.0126479	0.00941568	0.0106185	0.0124136	0.01524	0.020027	0.0286698	0.0159937	0.0158416	0.0128808	0.00460034	0.00143344	0.000125383	2.20293e-05	
1.65	0.108118	0.0129614	0.0100428	0.0105083	0.0112382	0.0123948	0.00923288	0.0104174	0.0121838	0.0149627	0.0196658	0.0281535	0.0157729	0.0156333	0.0127169	0.00454599	0.00141653	0.000123922	2.17722e-05	
1.7	0.10427	0.0126645	0.00981913	0.0102808	0.0110025	0.0121437	0.00905126	0.0102172	0.0119546	0.014686	0.019305	0.0276373	0.0155474	0.0154195	0.012548	0.00448951	0.00139895	0.000122402	2.15046e-05	
1.75	0.100581	0.0123724	0.00959873	0.0100562	0.0107695	0.0118951	0.00887103	0.0100183	0.0117266	0.0144101	0.018945	0.0271218	0.0153178	0.0152009	0.0123747	0.00443117	0.00138079	0.000120828	2.12277e-05	
1.8	0.0970417	0.0120853	0.00938175	0.00983483	0.0105393	0.011649	0.00869236	0.00982084	0.0114999	0.0141356	0.0185865	0.026608	0.015085	0.0149783	0.0121976	0.00437118	0.0013621	0.000119208	2.09426e-05	
1.85	0.0936458	0.0118031	0.00916826	0.00961669	0.0103122	0.0114057	0.00851542	0.00962502	0.0112747	0.0138626	0.0182297	0.0260965	0.0148494	0.0147522	0.0120173	0.00430977	0.00134297	0.000117548	2.06506e-05	
1.9	0.090386	0.0115261	0.00895835	0.0094019	0.0100881	0.0111653	0.00834034	0.00943101	0.0110514	0.0135916	0.0178752	0.0255878	0.0146116	0.0145233	0.0118342	0.00424715	0.00132346	0.000115853	2.03525e-05	
1.95	0.0872556	0.0112542	0.00875205	0.00919054	0.00986738	0.010928	0.00816724	0.00923897	0.0108301	0.0133228	0.0175232	0.0250827	0.0143721	0.0142922	0.011649	0.0041835	0.00130362	0.000114129	2.00492e-05	
2	0.0842485	0.0109875	0.00854941	0.00898266	0.00964993	0.0106939	0.00799624	0.00904904	0.010611	0.0130564	0.0171742	0.0245815	0.0141314	0.0140592	0.0114619	0.00411899	0.00128351	0.00011238	1.97416e-05	
2.05	0.0813589	0.0107259	0.00835046	0.00877831	0.00943588	0.0104631	0.00782743	0.00886132	0.0103943	0.0127925	0.0168284	0.0240848	0.01389	0.013825	0.0112735	0.00405379	0.00126319	0.000110611	1.94306e-05	
2.1	0.0785813	0.0104695	0.00815521	0.00857753	0.00922528	0.0102356	0.00766088	0.00867594	0.01018	0.0125315	0.0164861	0.0235929	0.0136483	0.0135899	0.0110841	0.00398804	0.00124269	0.000108826	1.91167e-05	
2.15	0.0759106	0.0102183	0.00796368	0.00838034	0.00901818	0.0100117	0.00749667	0.00849297	0.00996826	0.0122735	0.0161475	0.0231062	0.0134065	0.0133544	0.0108941	0.00392188	0.00122206	0.000107029	1.88008e-05	
2.2	0.0733419	0.00997217	0.00777585	0.00818676	0.00881462	0.00979121	0.00733485	0.00831249	0.00975925	0.0120185	0.0158128	0.022625	0.0131651	0.0131187	0.0107037	0.00385543	0.00120134	0.000105223	1.84833e-05	
2.25	0.0708706	0.00973118	0.00759173	0.00799679	0.00861462	0.00957433	0.00717547	0.00813457	0.00955304	0.0117668	0.0154822	0.0221496	0.0129244	0.0128834	0.0105133	0.00378882	0.00118057	0.000103412	1.8165e-05	
2.3	0.0684924	0.00949527	0.0074113	0.00781044	0.0084182	0.00936106	0.00701857	0.00795927	0.0093497	0.0115184	0.0151558	0.0216803	0.0126846	0.0126485	0.0103232	0.00372216	0.00115979	0.000101599	1.78463e-05	
2.35	0.0662032	0.00926437	0.00723453	0.00762769	0.00822536	0.00915141	0.00686419	0.00778664	0.00914929	0.0112734	0.0148339	0.0212172	0.012446	0.0124145	0.0101336	0.00365553	0.00113901	9.97865e-05	1.75276e-05	
2.4	0.0639991	0.00903846	0.0070614	0.00744853	0.0080361	0.00894542	0.00671234	0.0076167	0.00895187	0.0110319	0.0145164	0.0207605	0.0122089	0.0121816	0.00994468	0.00358903	0.00111827	9.79768e-05	1.72095e-05	
2.45	0.0618765	0.00881746	0.00689189	0.00727294	0.00785042	0.00874309	0.00656305	0.00744949	0.00875748	0.010794	0.0142035	0.0203104	0.0119735	0.0119501	0.00975673	0.00352275	0.0010976	9.61723e-05	1.68924e-05	
2.5	0.0598319	0.00860131	0.00672594	0.0071009	0.0076683	0.00854442	0.00641633	0.00728504	0.00856617	0.0105598	0.0138954	0.019867	0.0117399	0.0117201	0.00956992	0.00345677	0.00107703	9.43753e-05	1.65766e-05	
2.55	0.0578619	0.00838997	0.00656354	0.00693237	0.00748973	0.00834941	0.00627219	0.00712336	0.00837796	0.0103292	0.013592	0.0194304	0.0115083	0.0114919	0.00938441	0.00339114	0.00105656	9.25878e-05	1.62624e-05	
2.6	0.0559635	0.00818335	0.00640463	0.00676733	0.00731469	0.00815806	0.00613062	0.00696446	0.00819287	0.0101023	0.0132934	0.0190008	0.011279	0.0112656	0.00920037	0.00332594	0.00103623	9.08114e-05	1.59502e-05	
2.65	0.0541337	0.00798139	0.00624917	0.00660575	0.00714315	0.00797034	0.00599163	0.00680835	0.00801092	0.00987923	0.0129996	0.0185781	0.011052	0.0110414	0.00901794	0.00326122	0.00101605	8.90477e-05	1.56403e-05	
2.7	0.0523696	0.00778401	0.00609712	0.00644757	0.00697508	0.00778624	0.00585521	0.00665503	0.00783212	0.00965988	0.0127108	0.0181626	0.0108275	0.0108194	0.00883724	0.00319704	0.000996033	8.72984e-05	1.53329e-05	
2.75	0.0506686	0.00759115	0.00594843	0.00629277	0.00681044	0.00760574	0.00572135	0.0065045	0.00765647	0.00944431	0.0124269	0.0177541	0.0106056	0.0105998	0.00865841	0.00313344	0.000976201	8.55646e-05	1.50282e-05	
2.8	0.049028	0.00740273	0.00580304	0.00614129	0.00664921	0.00742881	0.00559004	0.00635674	0.00748396	0.00923251	0.0121479	0.0173527	0.0103863	0.0103828	0.00848153	0.00307046	0.000956565	8.38477e-05	1.47265e-05	
2.85	0.0474455	0.00721866	0.00566091	0.0059931	0.00649135	0.00725541	0.00546126	0.00621175	0.0073146	0.00902449	0.0118738	0.0169584	0.0101699	0.0101683	0.00830671	0.00300815	0.000937136	8.21486e-05	1.4428e-05	
2.9	0.0459187	0.00703888	0.00552199	0.00584814	0.00633681	0.00708552	0.005335	0.0060695	0.00714838	0.00882025	0.0116047	0.0165713	0.00995633	0.00995648	0.00813402	0.00294655	0.000917925	8.04684e-05	1.41327e-05	
2.95	0.0444455	0.00686331	0.00538622	0.00570638	0.00618555	0.00691909	0.00521123	0.00593	0.00698527	0.00861977	0.0113405	0.0161913	0.0097457	0.00974746	0.00796354	0.00288567	0.000898943	7.88079e-05	1.3841e-05	
3	0.0430237	0.00669187	0.00525355	0.00556775	0.00603753	0.0067561	0.00508993	0.0057932	0.00682526	0.00842303	0.0110812	0.0158183	0.00953808	0.00954128	0.00779534	0.00282555	0.000880198	7.71679e-05	1.35528e-05	
3.05	0.0416512	0.00652447	0.00512393	0.00543222	0.0058927	0.00659649	0.00497107	0.0056591	0.00666833	0.00823002	0.0108268	0.0154525	0.0093335	0.00933802	0.00762947	0.00276621	0.000861697	7.5549e-05	1.32684e-05	
3.1	0.0403263	0.00636105	0.00499729	0.00529972	0.00575102	0.00644024	0.00485464	0.00552767	0.00651445	0.00804071	0.0105772	0.0150937	0.00913201	0.00913772	0.00746597	0.00270768	0.000843447	7.39519e-05	1.29878e-05	
3.15	0.0390469	0.00620152	0.0048736	0.00517022	0.00561243	0.00628728	0.0047406	0.00539887	0.00636361	0.00785508	0.0103325	0.0147418	0.00893365	0.00894042	0.0073049	0.00264997	0.000825454	7.23771e-05	1.27111e-05	
3.2	0.0378115	0.0060458	0.00475278	0.00504365	0.0054769	0.00613758	0.00462892	0.00527269	0.00621576	0.00767309	0.0100925	0.0143969	0.00873846	0.00874616	0.00714628	0.00259309	0.000807722	7.0825e-05	1.24385e-05	
3.25	0.0366183	0.00589382	0.00463479	0.00491996	0.00534437	0.00599109	0.00451958	0.00514909	0.00607089	0.0074947	0.00985732	0.0140588	0.00854643	0.00855498	0.00699015	0.00253707	0.000790256	6.92959e-05	1.21698e-05	
3.3	0.0354657	0.0057455	0.00451957	0.00479911	0.00521479	0.00584777	0.00441254	0.00502803	0.00592896	0.0073199	0.00962682	0.0137276	0.00835761	0.0083669	0.00683652	0.00248191	0.000773059	6.77903e-05	1.19053e-05	
3.35	0.0343521	0.00560076	0.00440706	0.00468104	0.00508811	0.00570756	0.00430777	0.0049095	0.00578993	0.00714863	0.00940097	0.0134031	0.00817198	0.00818193	0.00668541	0.00242762	0.000756134	6.63084e-05	1.1645e-05	
3.4	0.0332762	0.00545953	0.00429722	0.0045657	0.00496428	0.00557042	0.00420524	0.00479346	0.00565376	0.00698085	0.00917972	0.0130853	0.00798957	0.00800009	0.00653683	0.0023742	0.000739484	6.48503e-05	1.13889e-05	
3.45	0.0322365	0.00532173	0.00418999	0.00445304	0.00484325	0.00543629	0.00410491	0.00467986	0.00552043	0.00681653	0.00896303	0.012774	0.00781037	0.00782138	0.0063908	0.00232167	0.000723109	6.34163e-05	1.11369e-05	
3.5	0.0312316	0.00518729	0.00408531	0.004343	0.00472497	0.00530513	0.00400675	0.00456868	0.0053899	0.00665563	0.00875082	0.0124693	0.00763437	0.0076458	0.00624732	0.00227003	0.00070701	6.20064e-05	1.08893e-05	
3.55	0.0302603	0.00505614	0.00398314	0.00423554	0.0046094	0.00517688	0.00391073	0.00445988	0.00526212	0.00649809	0.00854306	0.012171	0.00746156	0.00747335	0.00610637	0.00221928	0.00069119	6.06206e-05	1.06459e-05	
3.6	0.0293214	0.00492819	0.00388341	0.0041306	0.00449647	0.0050515	0.00381681	0.00435343	0.00513706	0.00634386	0.00833968	0.0118791	0.00729194	0.00730403	0.00596798	0.00216941	0.000675647	5.92591e-05	1.04067e-05	
3.65	0.0284136	0.00480339	0.00378609	0.00402813	0.00438614	0.00492894	0.00372496	0.00424928	0.00501467	0.00619292	0.00814061	0.0115933	0.00712549	0.00713782	0.00583211	0.00212044	0.000660382	5.79218e-05	1.01718e-05	
3.7	0.0275359	0.00468166	0.00369111	0.00392808	0.00427836	0.00480914	0.00363515	0.0041474	0.00489492	0.0060452	0.0079458	0.0113138	0.00696219	0.00697471	0.00569877	0.00207235	0.000645393	5.66087e-05	9.94113e-06	
3.75	0.026687	0.00456293	0.00359842	0.0038304	0.00417308	0.00469206	0.00354733	0.00404776	0.00477776	0.00590065	0.00775518	0.0110403	0.00680201	0.00681468	0.00556794	0.00202514	0.000630681	5.53197e-05	9.7147e-06	
3.8	0.0258661	0.00444714	0.00350799	0.00373504	0.00407025	0.00457763	0.00346147	0.00395031	0.00466316	0.00575924	0.00756869	0.0107728	0.00664494	0.00665772	0.00543961	0.00197882	0.000616243	5.40547e-05	9.4925e-06	
3.85	0.0250721	0.00433421	0.00341974	0.00364196	0.00396982	0.00446583	0.00337754	0.00385503	0.00455107	0.0056209	0.00738627	0.0105112	0.00649095	0.00650379	0.00531376	0.00193337	0.000602079	5.28135e-05	9.27449e-06	
3.9	0.0243041	0.00422408	0.00333365	0.0035511	0.00387174	0.00435658	0.0032955	0.00376186	0.00444145	0.00548559	0.00720784	0.0102554	0.00634	0.00635287	0.00519037	0.00188879	0.000588186	5.1596e-05	9.06065e-06	
3.95	0.023561	0.00411668	0.00324966	0.00346242	0.00377597	0.00424985	0.00321532	0.00367077	0.00433425	0.00535327	0.00703335	0.0100053	0.00619208	0.00620494	0.00506941	0.00184508	0.000574563	5.04021e-05	8.85095e-06	
4	0.0228421	0.00401196	0.00316772	0.00337588	0.00368246	0.00414559	0.00313696	0.00358174	0.00422944	0.00522386	0.00686273	0.00976076	0.00604714	0.00605997	0.00495087	0.00180222	0.000561207	4.92316e-05	8.64535e-06	
4.05	0.0221464	0.00390985	0.00308779	0.00329141	0.00359116	0.00404374	0.00306039	0.00349471	0.00412697	0.00509734	0.00669591	0.00952173	0.00590515	0.00591792	0.00483472	0.00176021	0.000548116	4.80842e-05	8.44382e-06	
4.1	0.0214733	0.00381029	0.00300982	0.00320899	0.00350202	0.00394426	0.00298558	0.00340965	0.0040268	0.00497364	0.00653282	0.00928811	0.00576607	0.00577877	0.00472093	0.00171904	0.000535287	4.69597e-05	8.24632e-06	
4.15	0.0208218	0.00371321	0.00293377	0.00312855	0.003415	0.0038471	0.00291249	0.00332652	0.00392889	0.00485272	0.00637341	0.00905979	0.00562988	0.00564247	0.00460948	0.00167871	0.000522717	4.5858e-05	8.05281e-06	
4.2	0.0201912	0.00361856	0.00285958	0.00305007	0.00333005	0.00375221	0.00284108	0.0032453	0.0038332	0.00473453	0.00621759	0.00883668	0.00549653	0.005509	0.00450033	0.00163919	0.000510404	4.47786e-05	7.86324e-06	
4.25	0.0195808	0.00352629	0.00278723	0.0029735	0.00324713	0.00365955	0.00277132	0.00316593	0.00373968	0.00461901	0.00606532	0.00861868	0.00536599	0.00537832	0.00439347	0.00160049	0.000498345	4.37215e-05	7.67757e-06	
4.3	0.01899	0.00343633	0.00271667	0.00289878	0.0031662	0.00356907	0.00270319	0.00308839	0.00364829	0.00450612	0.00591651	0.0084057	0.0052382	0.00525038	0.00428885	0.00156259	0.000486536	4.26862e-05	7.49574e-06	
4.35	0.0184179	0.00334863	0.00264785	0.00282589	0.0030872	0.00348073	0.00263664	0.00301264	0.003559	0.00439581	0.00577111	0.00819764	0.00511315	0.00512515	0.00418645	0.00152548	0.000474974	4.16726e-05	7.31772e-06	
4.4	0.0178641	0.00326314	0.00258074	0.00275478	0.00301011	0.00339447	0.00257164	0.00293864	0.00347176	0.00428802	0.00562906	0.00799441	0.00499077	0.0050026	0.00408624	0.00148916	0.000463656	4.06803e-05	7.14344e-06	
4.45	0.0173278	0.00317979	0.0025153	0.00268541	0.00293488	0.00331026	0.00250817	0.00286636	0.00338653	0.00418271	0.00549027	0.00779591	0.00487104	0.00488268	0.00398817	0.0014536	0.000452578	3.9709e-05	6.97286e-06	
4.5	0.0168085	0.00309855	0.00245148	0.00261774	0.00286146	0.00322805	0.00244619	0.00279576	0.00330327	0.00407983	0.00535471	0.00760205	0.00475391	0.00476535	0.00389223	0.0014188	0.000441737	3.87585e-05	6.80592e-06	
4.55	0.0163056	0.00301936	0.00238924	0.00255173	0.00278981	0.0031478	0.00238567	0.00272681	0.00322195	0.00397933	0.00522228	0.00741273	0.00463934	0.00465057	0.00379838	0.00138476	0.00043113	3.78284e-05	6.64257e-06	
4.6	0.0158185	0.00294216	0.00232856	0.00248734	0.00271991	0.00306946	0.00232658	0.00265948	0.00314252	0.00388117	0.00509295	0.00722787	0.00452729	0.0045383	0.00370658	0.00135145	0.000420752	3.69184e-05	6.48276e-06	
4.65	0.0153467	0.00286692	0.00226939	0.00242454	0.0026517	0.002993	0.00226888	0.00259373	0.00306494	0.00378529	0.00496664	0.00704737	0.00441771	0.0044285	0.0036168	0.00131886	0.000410601	3.60282e-05	6.32642e-06	
4.7	0.0148897	0.00279358	0.0022117	0.00236328	0.00258514	0.00291838	0.00221256	0.00252952	0.00298918	0.00369165	0.00484329	0.00687114	0.00431056	0.00432113	0.00352901	0.00128699	0.000400672	3.51575e-05	6.17351e-06	
4.75	0.014447	0.00272209	0.00215545	0.00230354	0.00252021	0.00284554	0.00215758	0.00246683	0.0029152	0.00360021	0.00472284	0.0066991	0.00420581	0.00421615	0.00344317	0.00125582	0.000390962	3.4306e-05	6.02396e-06	
4.8	0.0140181	0.00265242	0.0021006	0.00224528	0.00245687	0.00277446	0.0021039	0.00240563	0.00284296	0.00351092	0.00460524	0.00653115	0.0041034	0.00411351	0.00335925	0.00122534	0.000381467	3.34733e-05	5.87773e-06	
4.85	0.0136025	0.00258451	0.00204713	0.00218845	0.00239507	0.00270509	0.00205151	0.00234587	0.00277243	0.00342373	0.00449041	0.00636722	0.00400329	0.00401317	0.00327721	0.00119553	0.000372184	3.26591e-05	5.73474e-06	
4.9	0.0131999	0.00251832	0.001995	0.00213303	0.00233478	0.0026374	0.00200037	0.00228754	0.00270356	0.0033386	0.00437831	0.0062072	0.00390545	0.00391509	0.00319703	0.0011664	0.000363108	3.18632e-05	5.59496e-06	
4.95	0.0128097	0.00245381	0.00194418	0.00207899	0.00227597	0.00257135	0.00195046	0.0022306	0.00263633	0.00325549	0.00426888	0.00605103	0.00380983	0.00381924	0.00311866	0.00113792	0.000354237	3.10851e-05	5.45831e-06	
5	0.0124317	0.00239094	0.00189463	0.00202629	0.0022186	0.00250689	0.00190174	0.00217501	0.00257069	0.00317435	0.00416205	0.00589862	0.00371639	0.00372556	0.00304208	0.00111008	0.000345565	3.03245e-05	5.32475e-06	
5.05	0.0120653	0.00232967	0.00184633	0.0019749	0.00216264	0.002444	0.0018542	0.00212076	0.00250662	0.00309514	0.00405778	0.00574988	0.00362508	0.00363402	0.00296724	0.00108287	0.000337091	2.95812e-05	5.19422e-06	
5.1	0.0117102	0.00226995	0.00179924	0.00192479	0.00210806	0.00238265	0.00180781	0.0020678	0.00244408	0.00301782	0.00395601	0.00560473	0.00353587	0.00354458	0.00289412	0.00105628	0.000328809	2.88548e-05	5.06665e-06	
5.15	0.011366	0.00221176	0.00175334	0.00187593	0.00205482	0.00232278	0.00176253	0.00201612	0.00238304	0.00294235	0.00385667	0.0054631	0.00344872	0.00345719	0.00282269	0.0010303	0.000320717	2.8145e-05	4.942e-06	
5.2	0.0110324	0.00215504	0.00170859	0.00182828	0.0020029	0.00226438	0.00171836	0.00196568	0.00232345	0.00286869	0.00375973	0.00532491	0.00336359	0.00337182	0.00275291	0.00100491	0.000312811	2.74515e-05	4.82021e-06	
5.25	0.010709	0.00209977	0.00166497	0.00178182	0.00195226	0.0022074	0.00167525	0.00191646	0.0022653	0.00279679	0.00366513	0.00519008	0.00328042	0.00328843	0.00268474	0.000980114	0.000305087	2.67739e-05	4.70123e-06	
5.3	0.0103955	0.0020459	0.00162245	0.00173652	0.00190287	0.00215181	0.00163319	0.00186842	0.00220855	0.00272663	0.0035728	0.00505853	0.0031992	0.00320698	0.00261816	0.000955886	0.000297541	2.6112e-05	4.58499e-06	
5.35	0.0100916	0.00199341	0.00158101	0.00169236	0.0018547	0.00209759	0.00159215	0.00182155	0.00215317	0.00265815	0.00348272	0.0049302	0.00311986	0.00312742	0.00255314	0.000932219	0.000290171	2.54655e-05	4.47144e-06	
5.4	0.00979696	0.00194226	0.00154061	0.0016493	0.00180772	0.00204469	0.0015521	0.00177581	0.00209912	0.00259133	0.00339482	0.004805	0.00304239	0.00304972	0.00248963	0.000909102	0.000282972	2.48339e-05	4.36054e-06	
5.45	0.00951127	0.00189241	0.00150123	0.00160732	0.00176191	0.00199309	0.00151304	0.00173118	0.00204638	0.00252613	0.00330905	0.00468287	0.00296673	0.00297385	0.00242762	0.000886525	0.000275941	2.42171e-05	4.25223e-06	
5.5	0.00923426	0.00184383	0.00146284	0.00156638	0.00171723	0.00194276	0.00147493	0.00168764	0.00199492	0.0024625	0.00322537	0.00456374	0.00289286	0.00289975	0.00236706	0.000864476	0.000269074	2.36147e-05	4.14644e-06	
5.55	0.00896564	0.00179649	0.00142543	0.00152648	0.00167366	0.00189367	0.00143775	0.00164515	0.0019447	0.00240042	0.00314373	0.00444754	0.00282072	0.00282741	0.00230794	0.000842944	0.000262369	2.30265e-05	4.04314e-06	
5.6	0.00870516	0.00175036	0.00138896	0.00148757	0.00163118	0.00184579	0.00140148	0.0016037	0.00189571	0.00233985	0.00306408	0.00433419	0.0027503	0.00275677	0.00225022	0.000821919	0.000255822	2.2452e-05	3.94227e-06	
5.65	0.00845255	0.00170541	0.00135342	0.00144965	0.00158975	0.00179909	0.0013661	0.00156326	0.00184791	0.00228075	0.00298638	0.00422364	0.00268154	0.00268781	0.00219386	0.000801389	0.000249429	2.18912e-05	3.84378e-06	
5.7	0.00820755	0.0016616	0.00131877	0.00141267	0.00154936	0.00175354	0.00133158	0.00152381	0.00180127	0.00222309	0.00291058	0.00411582	0.00261442	0.00262048	0.00213884	0.000781345	0.000243187	2.13436e-05	3.74762e-06	
5.75	0.00796994	0.00161892	0.001285	0.00137662	0.00150997	0.00170911	0.00129791	0.00148532	0.00175577	0.00216684	0.00283663	0.00401066	0.00254889	0.00255476	0.00208514	0.000761776	0.000237094	2.08089e-05	3.65374e-06	
5.8	0.00773947	0.00157732	0.00125209	0.00134148	0.00147156	0.00166578	0.00126507	0.00144777	0.00171138	0.00211196	0.00276451	0.00390811	0.00248493	0.0024906	0.00203272	0.000742672	0.000231145	2.0287e-05	3.56209e-06	
5.85	0.00751592	0.00153679	0.00122002	0.00130723	0.00143411	0.00162353	0.00123304	0.00141115	0.00166808	0.00205843	0.00269415	0.00380809	0.0024225	0.00242798	0.00198155	0.000724023	0.000225338	1.97775e-05	3.47262e-06	
5.9	0.00729907	0.00149729	0.00118875	0.00127383	0.00139759	0.00158232	0.0012018	0.00137542	0.00162584	0.0020062	0.00262553	0.00371056	0.00236156	0.00236686	0.00193161	0.000705818	0.00021967	1.92802e-05	3.38529e-06	
5.95	0.00708871	0.0014588	0.00115828	0.00124128	0.00136199	0.00154213	0.00117133	0.00134057	0.00158463	0.00195526	0.0025586	0.00361545	0.00230209	0.0023072	0.00188287	0.000688049	0.000214137	1.87947e-05	3.30004e-06	
6	0.00688463	0.0014213	0.00112858	0.00120954	0.00132727	0.00150294	0.0011416	0.00130658	0.00154444	0.00190557	0.00249332	0.0035227	0.00224404	0.00224898	0.0018353	0.000670705	0.000208737	1.83209e-05	3.21684e-06	
6.05	0.00668665	0.00138476	0.00109964	0.00117861	0.00129343	0.00146472	0.00111262	0.00127342	0.00150523	0.0018571	0.00242965	0.00343226	0.0021874	0.00219215	0.00178888	0.000653777	0.000203467	1.78584e-05	3.13563e-06	
6.1	0.00649456	0.00134914	0.00107143	0.00114845	0.00126043	0.00142745	0.00108434	0.00124108	0.00146698	0.00180982	0.00236755	0.00334407	0.00213212	0.0021367	0.00174358	0.000637256	0.000198323	1.74071e-05	3.05638e-06	
6.15	0.00630819	0.00131444	0.00104393	0.00111906	0.00122825	0.00139111	0.00105677	0.00120954	0.00142968	0.00176371	0.00230699	0.00325808	0.00207817	0.00208259	0.00169937	0.000621133	0.000193303	1.69666e-05	2.97903e-06	
6.2	0.00612735	0.00128063	0.00101714	0.0010904	0.00119689	0.00135566	0.00102988	0.00117877	0.00139329	0.00171873	0.00224792	0.00317424	0.00202553	0.00202978	0.00165623	0.000605398	0.000188404	1.65367e-05	2.90355e-06	
6.25	0.00595188	0.00124768	0.000991023	0.00106247	0.0011663	0.0013211	0.00100366	0.00114877	0.0013578	0.00167486	0.00219032	0.00309248	0.00197416	0.00197825	0.00161414	0.000590043	0.000183624	1.61172e-05	2.82988e-06	
6.3	0.0057816	0.00121558	0.000965571	0.00103524	0.00113649	0.0012874	0.000978079	0.0011195	0.00132319	0.00163208	0.00213415	0.00301277	0.00192404	0.00192797	0.00157307	0.000575059	0.000178959	1.57078e-05	2.758e-06	
6.35	0.00561636	0.00118429	0.000940765	0.0010087	0.00110742	0.00125454	0.000953137	0.00109096	0.00128943	0.00159035	0.00207937	0.00293505	0.00187513	0.00187892	0.001533	0.000560437	0.000174407	1.53084e-05	2.68786e-06	
6.4	0.00545601	0.0011538	0.00091659	0.000982832	0.00107908	0.0012225	0.000928813	0.00106312	0.0012565	0.00154965	0.00202595	0.00285927	0.00182741	0.00183105	0.00149391	0.00054617	0.000169965	1.49186e-05	2.61942e-06	
6.45	0.00530038	0.0011241	0.000893028	0.000957614	0.00105144	0.00119125	0.000905093	0.00103598	0.00122439	0.00150996	0.00197386	0.00278539	0.00178085	0.00178434	0.00145576	0.000532248	0.000165631	1.45383e-05	2.55263e-06	
6.5	0.00514934	0.00109515	0.000870064	0.000933033	0.00102451	0.00116079	0.00088196	0.0010095	0.00119307	0.00147125	0.00192306	0.00271335	0.00173543	0.00173877	0.00141854	0.000518664	0.000161402	1.41671e-05	2.48747e-06	
6.55	0.00500274	0.00106694	0.000847684	0.000909073	0.000998245	0.00113108	0.000859402	0.000983678	0.00116252	0.0014335	0.00187352	0.00264312	0.00169111	0.00169431	0.00138223	0.000505409	0.000157276	1.3805e-05	2.42389e-06	
6.6	0.00486045	0.00103946	0.000825872	0.000885717	0.000972641	0.00110211	0.000837404	0.000958496	0.00113273	0.00139668	0.00182522	0.00257464	0.00164787	0.00165094	0.00134681	0.000492477	0.00015325	1.34517e-05	2.36185e-06	
6.65	0.00472233	0.00101267	0.000804614	0.000862951	0.00094768	0.00107387	0.000815952	0.000933938	0.00110368	0.00136077	0.00177811	0.00250788	0.00160568	0.00160862	0.00131225	0.000479859	0.000149322	1.3107e-05	2.30132e-06	
6.7	0.00458826	0.000986571	0.000783896	0.000840759	0.000923345	0.00104633	0.000795032	0.000909987	0.00107534	0.00132576	0.00173218	0.00244279	0.00156452	0.00156733	0.00127853	0.000467548	0.00014549	1.27707e-05	2.24226e-06	
6.75	0.00445812	0.000961137	0.000763704	0.000819128	0.00089962	0.00101947	0.000774632	0.00088663	0.00104771	0.00129161	0.00168739	0.00237933	0.00152437	0.00152705	0.00124564	0.000455536	0.000141751	1.24425e-05	2.18464e-06	
6.8	0.00433177	0.000936353	0.000744024	0.000798042	0.00087649	0.000993286	0.000754739	0.000863852	0.00102076	0.00125831	0.00164371	0.00231746	0.00148519	0.00148775	0.00121355	0.000443816	0.000138102	1.21223e-05	2.12842e-06	
6.85	0.00420912	0.000912201	0.000724843	0.000777488	0.00085394	0.000967754	0.00073534	0.000841638	0.000994478	0.00122583	0.00160112	0.00225713	0.00144697	0.00144941	0.00118224	0.000432381	0.000134543	1.18099e-05	2.07357e-06	
6.9	0.00409004	0.000888665	0.000706149	0.000757452	0.000831955	0.000942858	0.000716422	0.000819974	0.000968845	0.00119415	0.00155959	0.00219831	0.00140968	0.001412	0.00115169	0.000421224	0.00013107	1.15051e-05	2.02005e-06	
6.95	0.00397443	0.000865729	0.000687929	0.000737922	0.000810521	0.000918582	0.000697973	0.000798846	0.000943846	0.00116326	0.00151909	0.00214097	0.00137331	0.0013755	0.00112189	0.000410338	0.000127682	1.12077e-05	1.96783e-06	
7	0.00386219	0.000843378	0.00067017	0.000718884	0.000789624	0.000894911	0.000679983	0.000778241	0.000919465	0.00113314	0.00147959	0.00208505	0.00133781	0.0013399	0.00109282	0.000399716	0.000124375	1.09176e-05	1.91688e-06	
7.05	0.0037532	0.000821596	0.000652862	0.000700325	0.000769251	0.000871829	0.000662438	0.000758146	0.000895687	0.00110375	0.00144107	0.00203053	0.00130319	0.00130516	0.00106446	0.000389353	0.00012115	1.06344e-05	1.86717e-06	
7.1	0.00364738	0.000800369	0.000635992	0.000682234	0.000749387	0.000849322	0.000645329	0.000738549	0.000872496	0.0010751	0.00140351	0.00197737	0.0012694	0.00127126	0.00103678	0.00037924	0.000118002	1.03582e-05	1.81866e-06	
7.15	0.00354462	0.000779682	0.000619548	0.000664597	0.00073002	0.000827374	0.000628644	0.000719435	0.000849878	0.00104715	0.00136689	0.00192554	0.00123644	0.00123819	0.00100978	0.000369373	0.000114931	1.00886e-05	1.77133e-06	
7.2	0.00344484	0.000759521	0.000603521	0.000647405	0.000711138	0.000805973	0.000612372	0.000700794	0.000827817	0.0010199	0.00133116	0.001875	0.00120427	0.00120592	0.000983434	0.000359744	0.000111934	9.82556e-06	1.72514e-06	
7.25	0.00334794	0.000739873	0.000587898	0.000630644	0.000692727	0.000785102	0.000596502	0.000682613	0.000806301	0.000993311	0.00129633	0.00182571	0.00117289	0.00117444	0.000957727	0.000350348	0.000109009	9.56886e-06	1.68007e-06	
7.3	0.00325384	0.000720724	0.00057267	0.000614305	0.000674776	0.00076475	0.000581025	0.00066488	0.000785314	0.000967381	0.00126235	0.00177764	0.00114227	0.00114371	0.000932641	0.000341178	0.000106155	9.31835e-06	1.63609e-06	
7.35	0.00316246	0.00070206	0.000557827	0.000598375	0.000657273	0.000744903	0.00056593	0.000647584	0.000764843	0.000942089	0.00122921	0.00173077	0.00111239	0.00111373	0.000908162	0.00033223	0.00010337	9.07387e-06	1.59316e-06	
7.4	0.00307371	0.00068387	0.000543357	0.000582845	0.000640206	0.000725547	0.000551207	0.000630713	0.000744876	0.000917419	0.00119689	0.00168506	0.00108323	0.00108447	0.000884273	0.000323496	0.000100652	8.83526e-06	1.55126e-06	
7.45	0.00298751	0.000666141	0.000529252	0.000567704	0.000623563	0.000706669	0.000536847	0.000614257	0.000725398	0.000893353	0.00116536	0.00164048	0.00105477	0.00105591	0.000860958	0.000314971	9.79983e-05	8.60236e-06	1.51037e-06	
7.5	0.00290379	0.00064886	0.000515502	0.000552941	0.000607335	0.000688259	0.000522841	0.000598205	0.000706397	0.000869877	0.0011346	0.00159699	0.001027	0.00102804	0.000838202	0.00030665	9.54084e-05	8.37503e-06	1.47045e-06	
7.55	0.00282247	0.000632016	0.000502097	0.000538547	0.000591509	0.000670302	0.000509178	0.000582545	0.000687861	0.000846975	0.0011046	0.00155458	0.000999893	0.00100084	0.000815991	0.000298526	9.28802e-05	8.1531e-06	1.43149e-06	
7.6	0.00274349	0.000615598	0.000489029	0.000524512	0.000576075	0.000652788	0.000495851	0.000567269	0.000669776	0.000824632	0.00107534	0.0015132	0.000973434	0.000974282	0.000794308	0.000290596	9.04119e-05	7.93643e-06	1.39344e-06	
7.65	0.00266677	0.000599593	0.000476288	0.000510827	0.000561024	0.000635704	0.00048285	0.000552366	0.000652133	0.000802832	0.00104678	0.00147284	0.000947606	0.000948358	0.000773139	0.000282853	8.8002e-05	7.72488e-06	1.3563e-06	
7.7	0.00259224	0.000583992	0.000463866	0.000497482	0.000546344	0.00061904	0.000470166	0.000537825	0.000634917	0.000781561	0.00101892	0.00143346	0.000922391	0.000923046	0.000752471	0.000275292	8.56487e-05	7.5183e-06	1.32003e-06	
7.75	0.00251985	0.000568782	0.000451755	0.000484469	0.000532026	0.000602784	0.000457792	0.000523637	0.000618119	0.000760805	0.000991735	0.00139503	0.000897773	0.000898331	0.000732289	0.000267907	8.33506e-05	7.31655e-06	1.28461e-06	
7.8	0.00244952	0.000553955	0.000439945	0.000471777	0.000518061	0.000586925	0.000445718	0.000509793	0.000601727	0.000740549	0.000965205	0.00135754	0.000873734	0.000874196	0.000712579	0.000260695	8.11059e-05	7.11949e-06	1.25001e-06	
7.85	0.0023812	0.000539499	0.000428429	0.0004594	0.000504438	0.000571452	0.000433937	0.000496283	0.000585729	0.000720781	0.000939314	0.00132095	0.000850259	0.000850623	0.000693327	0.00025365	7.89131e-05	6.92699e-06	1.21621e-06	
7.9	0.00231482	0.000525404	0.000417199	0.000447327	0.000491149	0.000556355	0.00042244	0.000483099	0.000570115	0.000701486	0.000914042	0.00128523	0.000827331	0.000827597	0.00067452	0.000246766	7.67707e-05	6.7389e-06	1.18318e-06	
7.95	0.00225034	0.000511662	0.000406248	0.000435552	0.000478184	0.000541624	0.000411221	0.00047023	0.000554874	0.000682651	0.000889373	0.00125037	0.000804934	0.000805102	0.000656145	0.00024004	7.46771e-05	6.5551e-06	1.15091e-06	
8	0.00218768	0.000498261	0.000395567	0.000424066	0.000465535	0.000527249	0.000400271	0.000457669	0.000539995	0.000664263	0.00086529	0.00121633	0.000783053	0.000783121	0.000638188	0.000233465	7.26309e-05	6.37545e-06	1.11937e-06	
8.05	0.00212681	0.000485193	0.000385149	0.00041286	0.000453192	0.000513219	0.000389582	0.000445407	0.00052547	0.000646309	0.000841774	0.0011831	0.000761673	0.000761639	0.000620637	0.000227038	7.06306e-05	6.19983e-06	1.08854e-06	
8.1	0.00206766	0.000472449	0.000374987	0.000401928	0.000441148	0.000499526	0.000379148	0.000433435	0.000511286	0.000628777	0.00081881	0.00115065	0.000740778	0.00074064	0.000603478	0.000220754	6.86746e-05	6.02809e-06	1.05838e-06	
8.15	0.00201019	0.00046002	0.000365074	0.000391261	0.000429394	0.000486159	0.000368961	0.000421745	0.000497435	0.000611655	0.000796381	0.00111895	0.000720353	0.00072011	0.000586699	0.000214608	6.67616e-05	5.86012e-06	1.02889e-06	
8.2	0.00195434	0.000447897	0.000355403	0.000380852	0.000417921	0.000473109	0.000359013	0.000410328	0.000483907	0.00059493	0.000774471	0.00108798	0.000700384	0.000700033	0.000570287	0.000208595	6.489e-05	5.69578e-06	1.00004e-06	
8.25	0.00190007	0.000436071	0.000345967	0.000370694	0.000406722	0.000460367	0.000349299	0.000399178	0.000470691	0.00057859	0.000753063	0.00105772	0.000680855	0.000680393	0.000554231	0.00020271	6.30584e-05	5.53495e-06	9.71802e-07	
8.3	0.00184733	0.000424534	0.00033676	0.000360779	0.000395789	0.000447925	0.000339811	0.000388285	0.00045778	0.000562623	0.000732143	0.00102815	0.000661753	0.000661177	0.000538516	0.00019695	6.12654e-05	5.3775e-06	9.44158e-07	
8.35	0.00179608	0.000413278	0.000327774	0.000351101	0.000385113	0.000435772	0.000330542	0.000377642	0.000445162	0.000547018	0.000711694	0.000999234	0.000643063	0.00064237	0.000523131	0.000191309	5.95095e-05	5.2233e-06	9.17085e-07	
8.4	0.00174627	0.000402295	0.000319003	0.000341652	0.000374688	0.000423901	0.000321486	0.000367241	0.00043283	0.000531763	0.000691702	0.000970964	0.00062477	0.000623956	0.000508064	0.000185783	5.77892e-05	5.07223e-06	8.90561e-07	
8.45	0.00169786	0.000391576	0.000310442	0.000332425	0.000364505	0.000412303	0.000312636	0.000357075	0.000420774	0.000516847	0.00067215	0.000943311	0.000606861	0.000605922	0.000493302	0.000180367	5.61032e-05	4.92415e-06	8.64563e-07	
8.5	0.00165081	0.000381115	0.000302083	0.000323415	0.000354558	0.000400969	0.000303985	0.000347136	0.000408984	0.000502259	0.000653024	0.000916255	0.000589322	0.000588252	0.000478832	0.000175057	5.445e-05	4.77894e-06	8.39069e-07	
8.55	0.00160508	0.000370903	0.000293921	0.000314614	0.000344838	0.000389891	0.000295528	0.000337417	0.000397453	0.000487987	0.000634309	0.000889774	0.000572137	0.000570932	0.000464644	0.000169848	5.2828e-05	4.63647e-06	8.14056e-07	
8.6	0.00156063	0.000360933	0.000285949	0.000306016	0.000335339	0.000379061	0.000287256	0.00032791	0.00038617	0.00047402	0.00061599	0.000863846	0.000555294	0.000553948	0.000450723	0.000164734	5.12359e-05	4.49661e-06	7.89501e-07	
8.65	0.00151743	0.000351197	0.000278162	0.000297613	0.000326054	0.00036847	0.000279166	0.000318607	0.000375128	0.000460347	0.000598052	0.000838449	0.000538778	0.000537284	0.000437057	0.000159713	4.9672e-05	4.35922e-06	7.6538e-07	
8.7	0.00147542	0.000341688	0.000270554	0.000289401	0.000316975	0.00035811	0.000271249	0.000309502	0.000364317	0.000446957	0.00058048	0.000813562	0.000522574	0.000520926	0.000423635	0.000154777	4.81349e-05	4.22416e-06	7.4167e-07	
8.75	0.00143459	0.000332398	0.000263118	0.000281372	0.000308094	0.000347972	0.000263499	0.000300587	0.000353729	0.000433838	0.00056326	0.000789162	0.00050667	0.00050486	0.000410441	0.000149924	4.66229e-05	4.09131e-06	7.18345e-07	
8.8	0.0013949	0.000323321	0.000255849	0.000273519	0.000299406	0.00033805	0.000255911	0.000291855	0.000343355	0.000420981	0.000546376	0.000765228	0.000491049	0.000489069	0.000397465	0.000145146	4.51345e-05	3.9605e-06	6.95381e-07	
8.85	0.00135631	0.00031445	0.000248741	0.000265838	0.000290902	0.000328333	0.000248478	0.000283298	0.000333186	0.000408373	0.000529813	0.000741737	0.000475698	0.000473539	0.000384692	0.00014044	4.3668e-05	3.8316e-06	6.72751e-07	
8.9	0.00131878	0.000305776	0.000241789	0.000258321	0.000282577	0.000318816	0.000241193	0.00027491	0.000323212	0.000396003	0.000513556	0.000718668	0.000460602	0.000458254	0.000372108	0.0001358	4.22216e-05	3.70444e-06	6.50427e-07	
8.95	0.0012823	0.000297294	0.000234985	0.000250961	0.000274422	0.000309488	0.000234051	0.000266682	0.000313426	0.00038386	0.000497589	0.000695996	0.000445745	0.000443198	0.000359699	0.00013122	4.07935e-05	3.57886e-06	6.28382e-07	
9	0.00124682	0.000288995	0.000228326	0.000243753	0.00026643	0.000300341	0.000227043	0.000258606	0.000303817	0.000371932	0.000481897	0.000673699	0.000431112	0.000428355	0.000347451	0.000126695	3.93817e-05	3.45469e-06	6.06584e-07	
9.05	0.00121232	0.000280873	0.000221804	0.00023669	0.000258594	0.000291367	0.000220165	0.000250676	0.000294376	0.000360207	0.000466464	0.000651752	0.000416687	0.000413707	0.000335348	0.000122217	3.79843e-05	3.33175e-06	5.85001e-07	
9.1	0.00117877	0.00027292	0.000215413	0.000229765	0.000250906	0.000282558	0.000213409	0.000242882	0.000285094	0.000348672	0.000451272	0.00063013	0.000402453	0.000399236	0.000323373	0.000117781	3.6599e-05	3.20983e-06	5.63599e-07	
9.15	0.00114613	0.000265128	0.000209148	0.000222971	0.00024336	0.000273903	0.000206768	0.000235218	0.000275961	0.000337315	0.000436304	0.000608807	0.000388393	0.000384924	0.000311511	0.00011338	3.52236e-05	3.08872e-06	5.42339e-07	
9.2	0.00111439	0.00025749	0.000203002	0.000216302	0.000235946	0.000265395	0.000200234	0.000227673	0.000266965	0.000326123	0.000421541	0.000587756	0.000374488	0.000370752	0.000299744	0.000109006	3.38553e-05	2.96818e-06	5.21181e-07	
9.25	0.00108351	0.000249999	0.000196968	0.00020975	0.000228656	0.000257022	0.0001938	0.000220239	0.000258096	0.000315081	0.000406965	0.000566947	0.000360719	0.000356698	0.00028805	0.000104651	3.24915e-05	2.84796e-06	5.00078e-07	
9.3	0.00105346	0.000242645	0.000191039	0.000203307	0.000221481	0.000248774	0.000187458	0.000212907	0.000249342	0.000304174	0.000392555	0.00054635	0.000347064	0.00034274	0.000276411	0.000100306	3.1129e-05	2.72775e-06	4.7898e-07	
9.35	0.00102423	0.00023542	0.000185209	0.000196965	0.000214413	0.000240641	0.000181199	0.000205665	0.00024069	0.000293386	0.000378288	0.000525929	0.000333502	0.000328853	0.000264803	9.59618e-05	2.97643e-05	2.60723e-06	4.57827e-07	
9.4	0.000995783	0.000228315	0.000179469	0.000190715	0.00020744	0.000232609	0.000175012	0.000198503	0.000232127	0.0002827	0.00036414	0.000505649	0.000320007	0.000315011	0.000253201	9.16071e-05	2.83935e-05	2.486e-06	4.36551e-07	
9.45	0.000968093	0.000221319	0.000173811	0.000184547	0.000200552	0.000224667	0.000168889	0.000191408	0.000223636	0.000272094	0.000350083	0.000485468	0.000306551	0.000301184	0.000241577	8.72295e-05	2.70118e-05	2.36362e-06	4.15073e-07	
9.5	0.000941138	0.000214421	0.000168224	0.000178451	0.000193736	0.000216798	0.000162816	0.000184366	0.000215202	0.000261548	0.000336088	0.000465339	0.000293104	0.000287337	0.000229899	8.28151e-05	2.5614e-05	2.23954e-06	3.93296e-07	
9.55	0.00091489	0.000207608	0.000162699	0.000172415	0.000186978	0.000208986	0.000156781	0.000177361	0.000206804	0.000251035	0.000322118	0.000445207	0.000279629	0.000273433	0.000218129	7.83471e-05	2.41936e-05	2.1131e-06	3.71102e-07	
9.6	0.000889324	0.000200867	0.000157223	0.000166423	0.000180261	0.000201211	0.000150766	0.000170373	0.000198418	0.000240525	0.000308131	0.000425008	0.000266082	0.000259423	0.000206223	7.38059e-05	2.27428e-05	1.98348e-06	3.48342e-07	
9.65	0.000864414	0.000194178	0.00015178	0.000160459	0.000173564	0.000193447	0.000144754	0.00016338	0.000190016	0.000229981	0.000294077	0.000404664	0.000252412	0.000245252	0.000194127	6.91671e-05	2.12517e-05	1.84962e-06	3.24821e-07	
9.7	0.000840132	0.000187521	0.000146351	0.0001545	0.000166863	0.000185666	0.000138718	0.000156353	0.000181562	0.000219358	0.000279891	0.000384074	0.000238553	0.000230848	0.000181773	6.44003e-05	1.97079e-05	1.71015e-06	3.00276e-07	
9.75	0.000816447	0.000180867	0.000140913	0.00014852	0.000160125	0.000177827	0.000132629	0.000149253	0.000173009	0.000208593	0.000265487	0.000363108	0.000224416	0.000216118	0.000169071	5.94647e-05	1.80945e-05	1.56318e-06	2.74336e-07	
9.8	0.000793326	0.000174178	0.000135432	0.000142479	0.000153303	0.000169874	0.00012644	0.000142027	0.000164291	0.000197601	0.000250746	0.000341581	0.000209882	0.000200928	0.000155895	5.43039e-05	1.63878e-05	1.40602e-06	2.46449e-07	
9.85	0.000770728	0.000167398	0.000129859	0.00013632	0.000146331	0.000161726	0.000120086	0.000134595	0.000155309	0.000186252	0.000235488	0.000319214	0.000194763	0.00018508	0.000142053	4.88316e-05	1.45517e-05	1.23453e-06	2.15731e-07	
9.9	0.000748593	0.000160433	0.000124112	0.000129949	0.000139096	0.000153244	0.000113455	0.000126824	0.000145895	0.000174328	0.000219404	0.000295524	0.000178739	0.000168223	0.000127212	4.28991e-05	1.25243e-05	1.04168e-06	1.80603e-07	
9.95	0.000726805	0.000153059	0.000117997	0.000123143	0.00013134	0.000144121	0.000106302	0.000118422	0.000135691	0.000161362	0.000201842	0.000269496	0.000161127	0.000149607	0.000110644	3.61803e-05	1.01705e-05	8.12469e-07	1.37611e-07	
10	0.000704923	0.00014431	0.000110653	0.000114892	0.000121851	0.000132864	9.74118e-05	0.000107919	0.000122858	0.000144946	0.000179414	0.000235852	0.000138369	0.00012533	8.85676e-05	2.69592e-05	6.77759e-06	4.69486e-07	6.88705e-08	
