Numero de iteracoes: 13
Erro: 2.58801e-07
Tempo de Resolucao do Problema: 5860.16 segundos
/////////////////////////////////////////////
Posicao	Fluxo Escalar
	Grupo de Energia 1	Grupo de Energia 2	Grupo de Energia 3	Grupo de Energia 4	Grupo de Energia 5	Grupo de Energia 6	Grupo de Energia 7	Grupo de Energia 8	Grupo de Energia 9	Grupo de Energia 10	Grupo de Energia 11	Grupo de Energia 12	Grupo de Energia 13	Grupo de Energia 14	Grupo de Energia 15	Grupo de Energia 16	Grupo de Energia 17	Grupo de Energia 18	Grupo de Energia 19	Grupo de Energia 20
0	1.86254	0.034712	0.0169704	0.0101706	0.00998781	0.00501063	0.00377109	0.00294976	0.00237487	0.00235601	0.00165648	0.00140722	0.00121207	0.00105579	0.000928471	0.000823257	0.000735244	0.000660831	0.00059732	0.00054266	
0.25	1.8774	0.0371358	0.0185341	0.0113107	0.0110063	0.00574973	0.00439012	0.00348106	0.00283926	0.00280179	0.00202898	0.0017439	0.00151914	0.00133791	0.00118926	0.00106562	0.000961527	0.000872973	0.000796936	0.000731106	
0.5	1.90107	0.0386846	0.0194341	0.0119161	0.0115698	0.00609476	0.00466422	0.00370505	0.00302623	0.00298812	0.0021667	0.00186345	0.00162399	0.00143063	0.00127183	0.0011396	0.00102817	0.000933279	0.000851733	0.00078108	
0.75	1.93025	0.0400373	0.0202604	0.0124976	0.0120991	0.00645072	0.00495537	0.00394942	0.00323537	0.003193	0.00232819	0.0020068	0.00175252	0.00154681	0.00137759	0.00123645	0.00111732	0.00101573	0.000928315	0.000852478	
1	1.96385	0.04125	0.0209744	0.0129767	0.0125458	0.00671736	0.00516426	0.00411771	0.00337386	0.00333224	0.00242751	0.00209185	0.00182612	0.00161105	0.00143406	0.00128639	0.00116173	0.0010554	0.000963883	0.000884484	
1.25	2.00163	0.0423597	0.021625	0.0134187	0.0129539	0.00697547	0.00537225	0.00429014	0.00351988	0.00347629	0.00253832	0.00218945	0.00191301	0.00168907	0.00150463	0.00135062	0.00122052	0.00110948	0.00101386	0.000930849	
1.5	2.04362	0.0433893	0.0222244	0.013821	0.013327	0.00719989	0.00554806	0.00443156	0.00363596	0.00359277	0.00262094	0.00225992	0.00197374	0.00174185	0.00155083	0.00139131	0.00125654	0.00114152	0.00104247	0.000956495	
1.75	2.09009	0.0443536	0.0227833	0.014196	0.0136734	0.00741284	0.00571788	0.00457116	0.0037534	0.00370862	0.00270922	0.00233746	0.00204261	0.00180359	0.0016066	0.00144204	0.00130295	0.00118421	0.00108191	0.000993089	
2	2.14142	0.0452618	0.0233078	0.0145467	0.0139966	0.00760846	0.00587157	0.00469514	0.00385542	0.00381021	0.00278206	0.00239969	0.00209633	0.00185035	0.00164759	0.0014782	0.00133502	0.00121278	0.00110748	0.00101606	
2.25	2.19813	0.0461194	0.0238015	0.0148764	0.0142991	0.00779369	0.00601878	0.00481581	0.00395673	0.00390956	0.00285802	0.00246645	0.0021557	0.00190366	0.00169586	0.0015222	0.00137538	0.00125001	0.00114199	0.00104818	
2.5	2.26096	0.0469291	0.0242661	0.015186	0.0145817	0.00796555	0.00615397	0.00492506	0.00404684	0.00399837	0.00292262	0.00252184	0.00220368	0.00194557	0.00173273	0.00155485	0.00140445	0.00127602	0.00116536	0.00106926	
2.75	2.3309	0.0476908	0.0247014	0.0154758	0.0148446	0.00812796	0.00628328	0.00503125	0.00413616	0.00408497	0.00298978	0.00258105	0.00225651	0.00199319	0.00177601	0.00159447	0.00144097	0.00130985	0.00119687	0.00109874	
3	2.40947	0.0484014	0.025105	0.0157424	0.0150853	0.00827303	0.00639679	0.00512263	0.00421133	0.00415818	0.0030434	0.00262704	0.00229636	0.00202801	0.00180667	0.00162164	0.00146518	0.00133154	0.00121638	0.00111636	
3.25	2.49919	0.0490542	0.0254734	0.015987	0.0153032	0.00840989	0.00650601	0.00521248	0.00428704	0.00423041	0.00310042	0.00267747	0.00234152	0.00206887	0.00184397	0.00165595	0.00149696	0.00136115	0.00124411	0.00114245	
3.5	2.60518	0.0496375	0.0257889	0.0161862	0.0154822	0.00850954	0.00658153	0.00527144	0.00433413	0.00427564	0.00313192	0.00270373	0.00236363	0.00208761	0.00185996	0.00166967	0.00150877	0.00137136	0.00125296	0.00115013	
3.75	2.73971	0.0501347	0.0260663	0.0163672	0.0156391	0.00860567	0.00665681	0.00533229	0.0043846	0.00432256	0.00316878	0.0027361	0.00239245	0.0021136	0.00188365	0.00169148	0.00152901	0.00139028	0.00127077	0.00116699	
4	2.93596	0.0502595	0.0260685	0.0163285	0.0156096	0.00854065	0.00659063	0.0052666	0.00432029	0.00426244	0.00310736	0.00267697	0.00233548	0.00205869	0.00183068	0.00164035	0.00147962	0.00134253	0.00122456	0.00112225	
4.25	3.26291	0.0510272	0.0264465	0.0165452	0.0157957	0.0086217	0.00664176	0.0052977	0.00433754	0.00427637	0.00310668	0.00267132	0.00232608	0.00204647	0.00181635	0.00162443	0.00146251	0.00132455	0.00120594	0.00110318	
4.5	3.43647	0.0521416	0.027096	0.0169867	0.0161774	0.00887641	0.00684727	0.00546817	0.00448198	0.00441141	0.00321565	0.00276757	0.00241194	0.00212372	0.00188635	0.00168827	0.00152107	0.00137852	0.00125592	0.00114965	
4.75	3.56552	0.0530292	0.0275784	0.0172976	0.0164522	0.00904126	0.00697585	0.00557159	0.00456714	0.00449182	0.00327652	0.00282014	0.00245786	0.00216422	0.00192239	0.00172059	0.00155024	0.00140502	0.00128012	0.00117186	
5	3.6619	0.0538135	0.0280242	0.0175986	0.016715	0.00921524	0.00711634	0.0056882	0.00466598	0.00458508	0.00335109	0.0028859	0.00251641	0.00221676	0.00196986	0.00176372	0.00158964	0.00144117	0.00131343	0.00120265	
5.25	3.73176	0.0544294	0.0283527	0.0178086	0.0169024	0.00932692	0.00720386	0.00575908	0.00472483	0.00464081	0.00339398	0.00292329	0.00254938	0.00224612	0.00199623	0.00178759	0.00161137	0.00146108	0.00133176	0.00121962	
5.5	3.77883	0.0548854	0.0285933	0.0179659	0.0170408	0.00941651	0.00727625	0.00581931	0.00477602	0.00468887	0.00343274	0.00295751	0.00257984	0.00227343	0.00202085	0.00180989	0.00163166	0.00147961	0.00134874	0.00123522	
5.75	3.8053	0.0551725	0.0287267	0.0180445	0.0171121	0.00945538	0.00730628	0.00584355	0.00479622	0.00470741	0.00344771	0.00297077	0.00259175	0.00228423	0.00203073	0.00181901	0.00164014	0.00148753	0.00135617	0.00124223	
6	3.81232	0.0552894	0.0287585	0.0180558	0.0171228	0.00945867	0.00730896	0.00584607	0.00479873	0.00470869	0.00345006	0.00297307	0.00259393	0.00228627	0.00203261	0.00182071	0.00164166	0.00148887	0.00135733	0.00124322	
6.25	3.80023	0.055233	0.028684	0.017993	0.0170684	0.00941801	0.00727599	0.00581904	0.00477632	0.00468586	0.00343409	0.00295956	0.00258244	0.00227645	0.00202419	0.00181348	0.00163543	0.00148351	0.00135272	0.00123925	
6.5	3.7686	0.0550002	0.0285007	0.0178535	0.0169468	0.00933157	0.00720598	0.00576127	0.00472787	0.00463793	0.00339827	0.00292838	0.002555	0.00225205	0.00200231	0.0017937	0.00161743	0.00146701	0.00133751	0.00122516	
6.75	3.71622	0.0545877	0.0282096	0.0176421	0.0167603	0.00920603	0.00710533	0.00567883	0.0046592	0.00457007	0.0033484	0.00288547	0.00251775	0.00221949	0.00197367	0.00176838	0.00159493	0.00144694	0.00131955	0.00120903	
7	3.64078	0.0539876	0.0277966	0.0173401	0.016496	0.00902136	0.00695524	0.00555419	0.00455387	0.00446727	0.00326946	0.00281629	0.0024565	0.00216479	0.00192446	0.0017238	0.00155431	0.00140973	0.00128529	0.00117735	
7.25	3.53847	0.0531981	0.0272771	0.0169708	0.0161694	0.00880304	0.00677968	0.00540975	0.0044329	0.00434866	0.00318059	0.00273928	0.00238916	0.00210547	0.00187186	0.00167691	0.00151232	0.00137195	0.00125118	0.00114644	
7.5	3.40297	0.0521815	0.026596	0.0164764	0.0157363	0.00849923	0.00653129	0.00520197	0.00425594	0.00417708	0.00304595	0.00262041	0.00228319	0.00201025	0.0017857	0.00159847	0.00144052	0.00130591	0.00119017	0.00108986	
7.75	3.22226	0.0509663	0.0258134	0.0159202	0.0152459	0.00816609	0.00626135	0.00497809	0.00406688	0.00399296	0.00290477	0.00249698	0.0021743	0.00191347	0.00169913	0.00152061	0.00137014	0.00124203	0.00113195	0.00103662	
8	2.88613	0.0492003	0.0246449	0.0150674	0.0144988	0.00762614	0.00581297	0.00459687	0.00373684	0.00367597	0.00264543	0.00226451	0.00196401	0.00172179	0.00152331	0.00135842	0.00121979	0.00110205	0.00100113	0.000913921	
8.25	2.3857	0.0458923	0.0224836	0.0135028	0.0131297	0.0066486	0.00500626	0.00391542	0.00315078	0.00311441	0.00219133	0.00186041	0.00160114	0.00139352	0.00122443	0.0010848	0.000968069	0.000869467	0.000785388	0.0007131	
8.5	2.15652	0.0437009	0.0211145	0.0125568	0.012282	0.00611034	0.00458063	0.00357045	0.0028658	0.00283402	0.00198693	0.00168516	0.00144941	0.00126109	0.00110806	0.000981918	0.000876642	0.000787839	0.000712206	0.000647248	
8.75	1.95834	0.0417059	0.0198565	0.0116852	0.0114985	0.00561119	0.00418473	0.00324832	0.00259836	0.002572	0.00179247	0.00151717	0.00130271	0.00113183	0.00099325	0.000879234	0.000784235	0.000704214	0.000636145	0.000577746	
9	1.80919	0.0400491	0.018851	0.0110117	0.0108822	0.00524829	0.00390442	0.00302575	0.00241775	0.00239282	0.00166641	0.00141032	0.00121106	0.00105243	0.000923883	0.000818169	0.000730113	0.000655953	0.000592874	0.000538752	
9.25	1.68669	0.0385587	0.0179325	0.0103916	0.0103148	0.00490986	0.00364181	0.00281624	0.00224687	0.00222401	0.00154573	0.00130741	0.00112221	0.000974927	0.000855661	0.000757634	0.000676018	0.000607301	0.000548864	0.000498733	
9.5	1.58605	0.0372633	0.017159	0.00988548	0.00984335	0.00464778	0.00344267	0.00266014	0.00212144	0.00209915	0.00145912	0.0012342	0.00105948	0.00092056	0.000808074	0.000715619	0.000638636	0.000573813	0.00051868	0.000471374	
9.75	1.50223	0.0361076	0.0164609	0.0094244	0.00941446	0.00440554	0.00325787	0.00251489	0.00200451	0.00198299	0.00137822	0.00116583	0.00100092	0.000869822	0.000763685	0.00067645	0.000603809	0.000542637	0.000490602	0.000445948	
10	1.43226	0.0350912	0.0158592	0.00903709	0.00904822	0.00421057	0.00311134	0.00240089	0.00191329	0.00189214	0.00131526	0.0011125	0.00095507	0.000829907	0.000728565	0.000645264	0.000575893	0.00051747	0.000467771	0.000425119	
10.25	1.37393	0.0341926	0.0153238	0.00869038	0.00872026	0.00403466	0.00297937	0.00229871	0.00183215	0.00181098	0.00126039	0.00106663	0.000916165	0.000796517	0.000699614	0.000619936	0.00055356	0.00049764	0.000450054	0.000409204	
10.5	1.32562	0.0334028	0.0148564	0.00839228	0.00843468	0.00388695	0.002869	0.00221306	0.0017636	0.00174275	0.00121273	0.00102606	0.000881071	0.000765764	0.000672368	0.000595569	0.000531592	0.000477693	0.00043183	0.000392461	
10.75	1.28609	0.0327132	0.0144472	0.00813142	0.00818362	0.00375904	0.00277489	0.00214158	0.00170793	0.0016864	0.00117647	0.000996339	0.000856361	0.000744973	0.000654697	0.000580418	0.0005185	0.000466307	0.000421868	0.000383701	
11	1.25441	0.0321074	0.0140832	0.00789855	0.00795831	0.00364287	0.00268779	0.00207364	0.00165319	0.00163199	0.00113781	0.00096318	0.000827459	0.000719454	0.000631918	0.000559897	0.000499867	0.000449268	0.000406192	0.0003692	
11.25	1.22985	0.0315885	0.0137709	0.00770031	0.0077645	0.00354803	0.00261947	0.00202301	0.00161488	0.00159232	0.00111446	0.000944822	0.000812883	0.000707803	0.000622566	0.000552373	0.000493814	0.000444412	0.000402318	0.000366138	
11.5	1.21182	0.031116	0.0134734	0.00750385	0.00757467	0.0034437	0.00253915	0.00195881	0.00156202	0.00154008	0.0010758	0.000911222	0.000783271	0.000681414	0.00059883	0.000530852	0.000474164	0.000426359	0.00038564	0.000350654	
11.75	1.19991	0.0307233	0.0132229	0.00733988	0.00741406	0.00336227	0.00248009	0.00191497	0.00152898	0.00150538	0.00105623	0.000896264	0.000771865	0.000672797	0.000592433	0.000526245	0.000471014	0.000424406	0.000384678	0.000350517	
12	1.19357	0.0302384	0.0128851	0.00709372	0.00718503	0.00320511	0.00234969	0.00180368	0.00143204	0.00141212	0.000978733	0.000826377	0.000708273	0.000614518	0.000538709	0.000476469	0.000424693	0.000381133	0.000344111	0.000312368	
12.25	1.19495	0.0297539	0.0125248	0.00682885	0.00693369	0.00304077	0.00221702	0.00169361	0.00133882	0.00132017	0.000907796	0.000763917	0.000652674	0.000564589	0.000493542	0.000435353	0.000387059	0.00034652	0.000312142	0.000282727	
12.5	1.20992	0.0297859	0.0124939	0.00679824	0.0068987	0.00302113	0.00220213	0.00168216	0.00132995	0.00131047	0.00090237	0.000759828	0.000649658	0.000562449	0.000492125	0.000434534	0.000386738	0.000346612	0.00031258	0.000283453	
12.75	1.23793	0.0300501	0.0125893	0.00684858	0.00693881	0.00304718	0.00222438	0.00170188	0.00134776	0.00132588	0.000917219	0.000773538	0.000662342	0.000574205	0.00050304	0.000444685	0.000396194	0.000355434	0.000320823	0.000291168	
13	1.27934	0.03061	0.0128507	0.00700005	0.00707919	0.00311588	0.00227428	0.0017394	0.00137674	0.00135472	0.000935685	0.000788564	0.000674723	0.000584513	0.000511695	0.000452004	0.000402421	0.000360758	0.000325392	0.000295102	
13.25	1.33466	0.031398	0.0132379	0.00723498	0.0072951	0.00323608	0.00236789	0.00181513	0.00143973	0.00141481	0.000982128	0.000829162	0.000710626	0.000616565	0.000540539	0.000478142	0.000426249	0.0003826	0.000345509	0.000313711	
13.5	1.40498	0.0324326	0.0137539	0.00754019	0.0075842	0.00337523	0.00246842	0.00189036	0.00149759	0.00147288	0.00101883	0.000858941	0.000735114	0.000636926	0.000557626	0.000492593	0.000438553	0.000393133	0.00035457	0.000321534	
13.75	1.49162	0.033705	0.0144097	0.00794386	0.00795905	0.00358014	0.00262601	0.00201619	0.00160096	0.0015726	0.00109351	0.000923638	0.000791893	0.000687289	0.000602702	0.000533253	0.000475479	0.00042687	0.000385558	0.000350134	
14	1.59693	0.0352024	0.0151761	0.00840208	0.00839319	0.00379107	0.00277898	0.00213111	0.00168972	0.00166153	0.00115036	0.000970009	0.000830246	0.000719374	0.000629803	0.000556334	0.000495274	0.00044395	0.000400371	0.000363039	
14.25	1.72293	0.0369594	0.0161084	0.00898433	0.00893139	0.00408919	0.00300819	0.00231382	0.00183943	0.0018063	0.0012579	0.0010629	0.000911548	0.000791308	0.00069404	0.000614157	0.00054769	0.000491759	0.000444218	0.000403449	
14.5	1.87521	0.0389181	0.0171332	0.00960595	0.00951511	0.00438136	0.00322218	0.00247603	0.00196575	0.00193228	0.00133993	0.00113026	0.000967603	0.000838482	0.000734117	0.000648483	0.000577298	0.000517452	0.000466633	0.000423094	
14.75	2.0549	0.0411741	0.0183639	0.0103893	0.0102301	0.00479136	0.0035397	0.00273037	0.00217482	0.0021341	0.00149053	0.00126042	0.00108154	0.000939267	0.000824077	0.000729413	0.00065061	0.000584272	0.000527869	0.00047949	
15	2.27956	0.0435744	0.0196483	0.011183	0.010964	0.00517596	0.00382568	0.00295013	0.00234805	0.00230553	0.00160521	0.00135542	0.00116121	0.00100678	0.000881781	0.000779111	0.000693691	0.000621833	0.000560781	0.000508456	
15.25	2.53813	0.0463291	0.0211945	0.0121907	0.0118663	0.00572164	0.00425441	0.00329768	0.00263663	0.00258208	0.00181606	0.00153878	0.00132251	0.00115004	0.00101008	0.000894845	0.000798759	0.000717763	0.000648816	0.000589619	
15.5	2.90476	0.049053	0.0226799	0.0131246	0.0127123	0.00618861	0.00460794	0.00357402	0.00285801	0.0027982	0.00196662	0.00166519	0.00142983	0.00124199	0.00108947	0.000963841	0.000859057	0.000770713	0.000695507	0.000630937	
15.75	3.29599	0.0521845	0.0244823	0.0143282	0.0137637	0.00686892	0.00515433	0.0040263	0.00324107	0.003159	0.00225653	0.00192172	0.00165919	0.00144883	0.00127737	0.00113563	0.00101698	0.000916608	0.000830871	0.000757018	
16	4.15562	0.0543246	0.0255616	0.0149497	0.0143295	0.00712052	0.00532632	0.00414676	0.00332679	0.00324459	0.00230009	0.0019528	0.00168094	0.00146353	0.00128669	0.00114078	0.00101891	0.000916	0.000828278	0.000752862	
16.25	5.28514	0.0587353	0.0280185	0.0165298	0.015715	0.00794234	0.00596163	0.00465336	0.00374059	0.00363569	0.0025918	0.0022028	0.00189764	0.00165318	0.00145406	0.00128959	0.00115207	0.00103585	0.000936709	0.000851426	
16.5	5.70891	0.0632259	0.0305201	0.0181309	0.0171562	0.00877377	0.00660263	0.00516402	0.00415789	0.00403801	0.0028881	0.00245729	0.0021189	0.00184755	0.00162633	0.00144344	0.00129042	0.00116101	0.00105055	0.000955474	
16.75	6.12376	0.0666063	0.0323742	0.0193012	0.0182198	0.00936482	0.00705174	0.00551674	0.00444212	0.00431357	0.00308464	0.0026239	0.00226196	0.0019717	0.00173505	0.00153943	0.00137576	0.00123737	0.00111926	0.00101762	
17	6.34986	0.0694472	0.0338944	0.0202322	0.0190845	0.00981151	0.00738384	0.00577275	0.00464515	0.00451296	0.00322171	0.00273893	0.00235987	0.00205604	0.00180847	0.00160391	0.00143284	0.00128826	0.00116492	0.00105882	
17.25	6.54666	0.0714753	0.0350084	0.0209316	0.0197265	0.0101626	0.00765032	0.00598239	0.00481475	0.00467715	0.00334062	0.00284058	0.00244796	0.00213326	0.00187681	0.00166491	0.00148769	0.0013379	0.00121011	0.00110016	
17.5	6.65431	0.0728552	0.0357238	0.0213497	0.0201259	0.0103442	0.00777867	0.00607652	0.00488581	0.00474899	0.00338417	0.00287532	0.00247606	0.00215622	0.00189574	0.00168062	0.0015008	0.00134889	0.00121934	0.00110793	
17.75	6.7262	0.0736223	0.0361941	0.0216643	0.0204056	0.0105165	0.00791443	0.00618707	0.0049782	0.00483678	0.00345287	0.00293568	0.00252972	0.0022044	0.00193936	0.0017204	0.00153731	0.00138257	0.00125057	0.00113702	
18	6.7382	0.0736196	0.0361824	0.0216379	0.0203891	0.0104805	0.00787866	0.00615251	0.00494523	0.00480773	0.00342325	0.0029077	0.00250328	0.00217938	0.00191565	0.00169789	0.0015159	0.00136217	0.00123109	0.00111839	
18.25	6.71339	0.0731677	0.0360546	0.0216074	0.0203347	0.0105014	0.00790632	0.00618276	0.00497612	0.0048341	0.00345306	0.00293648	0.00253094	0.00220592	0.00194108	0.00172226	0.00153926	0.00138459	0.00125263	0.00113909	
18.5	6.62829	0.0717299	0.0352971	0.0211293	0.019892	0.0102461	0.00770549	0.00601873	0.00483835	0.00470353	0.00334934	0.00284481	0.00244896	0.00213188	0.00187367	0.00166046	0.00148226	0.00133174	0.0012034	0.00109305	
18.75	6.50726	0.0700178	0.0345503	0.0207431	0.0194912	0.0101136	0.00762503	0.00596986	0.00480961	0.00466972	0.00334274	0.00284461	0.00245325	0.00213938	0.00188348	0.00167195	0.00149496	0.0013453	0.00121757	0.00110764	
19	6.29556	0.0669061	0.032902	0.0197125	0.0185331	0.00958066	0.00721271	0.0056385	0.0045355	0.00440731	0.00314174	0.00266901	0.00229782	0.00200033	0.00175796	0.00155776	0.00139038	0.00124897	0.00112838	0.00102469	
19.25	6.05457	0.0637867	0.0314399	0.0189049	0.0177266	0.00926317	0.00700223	0.00549548	0.00443709	0.004302	0.00309486	0.0026379	0.00227826	0.00198938	0.00175351	0.00155829	0.00139475	0.00125633	0.00113808	0.00103621	
19.5	5.62085	0.058334	0.0284756	0.0170154	0.015989	0.00826599	0.00622706	0.00487152	0.00392121	0.00380655	0.00271849	0.00231023	0.0019893	0.00173183	0.00152187	0.0013483	0.00120308	0.0010803	0.000975545	0.000885419	
19.75	5.17939	0.0534784	0.0260968	0.0156511	0.0146524	0.00769575	0.00583802	0.00460008	0.00372965	0.0036026	0.0026226	0.00224465	0.00194638	0.00170612	0.00150942	0.00134614	0.00120898	0.00109256	0.000992826	0.000906682	
20	4.01705	0.0419857	0.0194722	0.0112223	0.0106733	0.00519391	0.0038444	0.00296349	0.00235549	0.00228347	0.00159906	0.00134732	0.00115118	0.000995122	0.000868817	0.000765118	0.000678911	0.000606457	0.000544973	0.000492344	
