Numero de iteracoes: 12
Erro: 9.51614e-07
Tempo de Resolucao do Problema: 14109.1 segundos
/////////////////////////////////////////////
Posicao	Fluxo Escalar
	Grupo de Energia 1	Grupo de Energia 2	Grupo de Energia 3	Grupo de Energia 4	Grupo de Energia 5	Grupo de Energia 6	Grupo de Energia 7	Grupo de Energia 8	Grupo de Energia 9	Grupo de Energia 10	Grupo de Energia 11	Grupo de Energia 12	Grupo de Energia 13	Grupo de Energia 14	Grupo de Energia 15	Grupo de Energia 16	Grupo de Energia 17	Grupo de Energia 18	Grupo de Energia 19	Grupo de Energia 20
0	0.505578	0.00190947	0.00101265	0.000644521	0.000627234	0.000346532	0.000270912	0.000219207	0.000181982	0.00018168	0.000133795	0.000116472	0.000102632	9.13354e-05	8.19655e-05	7.40898e-05	6.73947e-05	6.16469e-05	5.66688e-05	5.23238e-05	
0.0625	0.497595	0.00213757	0.00116562	0.000758969	0.000721699	0.000422213	0.000335192	0.000274956	0.000231109	0.000226909	0.000173434	0.000152496	0.000135618	0.000121732	0.000110128	0.000100307	9.19025e-05	8.46421e-05	7.83164e-05	7.27639e-05	
0.125	0.490364	0.00232661	0.0012853	0.000844367	0.000794052	0.000474645	0.000378413	0.000311465	0.00026253	0.000256292	0.000197774	0.000174221	0.000155183	0.000139482	0.000126335	0.000115187	0.000105631	9.73636e-05	9.01502e-05	8.38102e-05	
0.1875	0.483742	0.00248932	0.00138606	0.000915674	0.000854814	0.000518638	0.000414937	0.000342572	0.000289536	0.000281503	0.000219059	0.000193371	0.000172558	0.000155357	0.000140926	0.000128666	0.000118139	0.000109017	0.000101045	9.40281e-05	
0.25	0.477617	0.00263354	0.00147483	0.000978523	0.000908493	0.000557371	0.000446959	0.000369672	0.000312874	0.000303444	0.0002371	0.000209429	0.000186966	0.000168373	0.000152753	0.000139469	0.000128052	0.00011815	0.000109491	0.000101866	
0.3125	0.471901	0.00276416	0.00155517	0.00103534	0.000957185	0.000592098	0.000475505	0.0003937	0.000333471	0.0003229	0.00025293	0.000223495	0.000199579	0.00017977	0.00016312	0.000148953	0.000136772	0.000126204	0.000116961	0.000108818	
0.375	0.466526	0.00288432	0.00162902	0.00108739	0.00100199	0.000623575	0.000501246	0.000415269	0.000351884	0.000340372	0.000266976	0.000235924	0.000210676	0.000189749	0.00017215	0.000157169	0.000144283	0.000133098	0.000123312	0.000114689	
0.4375	0.461437	0.00299606	0.00169754	0.00113545	0.00104357	0.000652333	0.000524655	0.000434802	0.000368494	0.000356202	0.000279561	0.000247024	0.000220556	0.000198611	0.00018015	0.000164433	0.000150913	0.000139177	0.000128909	0.00011986	
0.5	0.45659	0.00310077	0.00176151	0.00118005	0.00108238	0.000678764	0.000546076	0.000452605	0.000383578	0.000370636	0.000290912	0.000257001	0.000229405	0.000206521	0.000187267	0.000170873	0.000156769	0.000144525	0.000133812	0.000124373	
0.5625	0.45195	0.00319942	0.00182148	0.00122163	0.00111873	0.00070317	0.000565774	0.000468912	0.000397341	0.000383861	0.0003012	0.000266013	0.000237373	0.000213621	0.000193636	0.000176619	0.00016198	0.000149273	0.000138156	0.000128361	
0.625	0.447491	0.00329274	0.00187788	0.00126051	0.0011529	0.000725789	0.000583953	0.000483902	0.000409946	0.000396023	0.00031056	0.000274183	0.000244573	0.000220015	0.000199354	0.000181761	0.000166629	0.000153495	0.000142006	0.000131884	
0.6875	0.44319	0.00338126	0.00193107	0.00129696	0.0011851	0.000746811	0.000600778	0.000497722	0.000421523	0.000407238	0.000319099	0.00028161	0.000251096	0.00022579	0.000204501	0.000186377	0.000170788	0.000157261	0.00014543	0.00013501	
0.75	0.439028	0.00346543	0.00198131	0.00133121	0.00121551	0.000766393	0.000616386	0.000510491	0.000432179	0.000417602	0.000326906	0.000288377	0.000257018	0.000231015	0.000209143	0.000190525	0.000174516	0.000160626	0.00014848	0.000137784	
0.8125	0.434991	0.00354559	0.00202887	0.00136345	0.00124427	0.000784668	0.00063089	0.000522309	0.000442004	0.000427196	0.000334054	0.00029455	0.000262403	0.00023575	0.000213335	0.000194259	0.000177859	0.000163634	0.000151197	0.000140248	
0.875	0.431068	0.00362205	0.00207394	0.00139385	0.00127152	0.000801747	0.000644387	0.000533262	0.000451074	0.000436089	0.000340606	0.000300188	0.000267302	0.000240043	0.000217122	0.000197621	0.000180859	0.000166324	0.000153619	0.000142437	
0.9375	0.427247	0.00369505	0.0021167	0.00142255	0.00129736	0.000817727	0.00065696	0.000543423	0.000459453	0.00044434	0.000346617	0.000305339	0.000271762	0.000243936	0.000220545	0.000200648	0.000183551	0.000168729	0.000155777	0.00014438	
1	0.42352	0.00376483	0.00215733	0.00144966	0.0013219	0.000832693	0.000668682	0.000552855	0.000467201	0.000451999	0.000352132	0.000310048	0.000275823	0.000247467	0.000223637	0.000203373	0.000185964	0.000170876	0.000157696	0.000146101	
1.0625	0.419881	0.00383159	0.00219595	0.0014753	0.00134522	0.000846717	0.000679617	0.000561616	0.000474365	0.000459112	0.000357193	0.00031435	0.000279518	0.000250667	0.000226428	0.000205822	0.000188124	0.000172791	0.0001594	0.000147623	
1.125	0.416323	0.00389549	0.00223269	0.00149956	0.00136739	0.000859865	0.000689821	0.000569753	0.000480991	0.00046572	0.000361836	0.00031828	0.000282878	0.000253564	0.000228944	0.00020802	0.000190055	0.000174494	0.000160908	0.000148965	
1.1875	0.412842	0.00395671	0.00226768	0.00152253	0.0013885	0.000872197	0.000699344	0.000577312	0.000487117	0.000471857	0.000366093	0.000321866	0.00028593	0.000256184	0.000231209	0.000209989	0.000191776	0.000176005	0.00016224	0.000150143	
1.25	0.409431	0.00401539	0.002301	0.00154429	0.00140858	0.000883763	0.000708232	0.000584333	0.000492779	0.000477555	0.000369993	0.000325134	0.000288699	0.000258549	0.000233242	0.000211747	0.000193305	0.00017734	0.00016341	0.000151172	
1.3125	0.406088	0.00407166	0.00233275	0.00156491	0.00142772	0.000894612	0.000716525	0.00059085	0.000498009	0.000482843	0.00037356	0.000328109	0.000291205	0.000260677	0.000235062	0.000213313	0.000194658	0.000178514	0.000164433	0.000152065	
1.375	0.40281	0.00412563	0.00236302	0.00158445	0.00144594	0.000904787	0.00072426	0.000596896	0.000502834	0.000487747	0.00037682	0.000330811	0.000293468	0.000262588	0.000236686	0.0002147	0.000195849	0.00017954	0.00016532	0.000152834	
1.4375	0.399591	0.00417743	0.00239188	0.00160296	0.00146331	0.000914327	0.000731471	0.0006025	0.000507282	0.000492291	0.000379791	0.000333259	0.000295505	0.000264296	0.000238128	0.000215923	0.000196891	0.000180431	0.000166083	0.000153489	
1.5	0.396431	0.00422715	0.00241939	0.0016205	0.00147985	0.000923266	0.000738188	0.00060769	0.000511375	0.000496496	0.000382494	0.00033547	0.000297332	0.000265817	0.000239401	0.000216995	0.000197795	0.000181196	0.000166732	0.000154039	
1.5625	0.393327	0.00427489	0.00244563	0.00163713	0.00149562	0.000931639	0.00074444	0.000612488	0.000515135	0.000500382	0.000384945	0.00033746	0.000298963	0.000267164	0.000240519	0.000217926	0.000198572	0.000181846	0.000167276	0.000154494	
1.625	0.390275	0.00432073	0.00247065	0.00165287	0.00151064	0.000939475	0.000750251	0.000616919	0.000518582	0.000503967	0.000387161	0.000339244	0.000300412	0.000268348	0.000241491	0.000218726	0.000199232	0.00018239	0.000167723	0.000154861	
1.6875	0.387275	0.00436475	0.00249452	0.00166779	0.00152495	0.000946802	0.000755646	0.000621001	0.000521733	0.000507267	0.000389156	0.000340834	0.000301691	0.000269381	0.000242328	0.000219405	0.000199782	0.000182835	0.000168081	0.000155146	
1.75	0.384323	0.00440704	0.00251726	0.0016819	0.00153859	0.000953645	0.000760646	0.000624755	0.000524607	0.000510297	0.000390943	0.000342243	0.000302809	0.000270272	0.000243039	0.000219971	0.000200231	0.000183188	0.000168355	0.000155355	
1.8125	0.381419	0.00444765	0.00253895	0.00169526	0.00155157	0.000960029	0.000765272	0.000628198	0.000527217	0.000513073	0.000392534	0.000343481	0.000303778	0.000271031	0.000243632	0.000220432	0.000200585	0.000183456	0.000168553	0.000155495	
1.875	0.378559	0.00448665	0.00255961	0.00170789	0.00156392	0.000965974	0.000769543	0.000631345	0.000529579	0.000515607	0.000393941	0.000344559	0.000304606	0.000271666	0.000244114	0.000220794	0.000200852	0.000183645	0.000168679	0.000155571	
1.9375	0.375744	0.0045241	0.0025793	0.00171982	0.00157567	0.000971502	0.000773475	0.000634212	0.000531705	0.00051791	0.000395174	0.000345486	0.000305302	0.000272184	0.000244494	0.000221065	0.000201036	0.00018376	0.000168739	0.000155586	
2	0.372971	0.00456007	0.00259804	0.00173109	0.00158685	0.000976631	0.000777084	0.000636813	0.000533607	0.000519995	0.000396243	0.00034627	0.000305873	0.000272592	0.000244777	0.00022125	0.000201143	0.000183806	0.000168737	0.000155545	
2.0625	0.370239	0.0045946	0.00261587	0.00174171	0.00159746	0.000981379	0.000780386	0.000639161	0.000535296	0.000521871	0.000397155	0.00034692	0.000306327	0.000272898	0.000244969	0.000221354	0.000201179	0.000183788	0.000168677	0.000155453	
2.125	0.367546	0.00462774	0.00263284	0.00175172	0.00160755	0.000985763	0.000783394	0.000641267	0.000536784	0.000523549	0.00039792	0.000347442	0.00030667	0.000273107	0.000245075	0.000221382	0.000201147	0.00018371	0.000168563	0.000155312	
2.1875	0.364892	0.00465953	0.00264896	0.00176114	0.00161711	0.000989797	0.000786122	0.000643142	0.000538079	0.000525036	0.000398545	0.000347843	0.000306908	0.000273223	0.000245101	0.000221339	0.000201052	0.000183576	0.000168399	0.000155126	
2.25	0.362275	0.00469003	0.00266426	0.00176998	0.00162617	0.000993496	0.000788581	0.000644797	0.000539191	0.000526342	0.000399037	0.00034813	0.000307047	0.000273254	0.000245051	0.000221228	0.000200897	0.000183388	0.000168188	0.000154897	
2.3125	0.359694	0.00471927	0.00267879	0.00177827	0.00163475	0.000996873	0.000790783	0.000646242	0.000540127	0.000527474	0.000399403	0.000348309	0.000307092	0.000273202	0.000244928	0.000221054	0.000200686	0.00018315	0.000167931	0.000154628	
2.375	0.357148	0.00474729	0.00269255	0.00178604	0.00164286	0.000999941	0.000792737	0.000647485	0.000540896	0.00052844	0.000399647	0.000348383	0.000307047	0.000273071	0.000244737	0.00022082	0.000200421	0.000182865	0.000167633	0.000154322	
2.4375	0.354635	0.00477412	0.00270558	0.00179329	0.00165051	0.00100271	0.000794454	0.000648534	0.000541505	0.000529245	0.000399775	0.000348359	0.000306916	0.000272867	0.000244481	0.000220529	0.000200106	0.000182535	0.000167294	0.00015398	
2.5	0.352156	0.0047998	0.00271789	0.00180004	0.00165773	0.00100519	0.000795942	0.000649397	0.000541959	0.000529896	0.000399793	0.00034824	0.000306705	0.000272592	0.000244163	0.000220183	0.000199744	0.000182163	0.000166918	0.000153604	
2.5625	0.349709	0.00482436	0.00272951	0.00180631	0.00166451	0.0010074	0.00079721	0.000650081	0.000542265	0.000530398	0.000399705	0.00034803	0.000306415	0.000272249	0.000243786	0.000219785	0.000199335	0.00018175	0.000166506	0.000153195	
2.625	0.347293	0.00484784	0.00274046	0.00181212	0.00167088	0.00100934	0.000798265	0.000650592	0.000542429	0.000530757	0.000399516	0.000347734	0.00030605	0.000271841	0.000243353	0.000219338	0.000198882	0.000181298	0.000166059	0.000152756	
2.6875	0.344907	0.00487025	0.00275075	0.00181747	0.00167684	0.00101101	0.000799114	0.000650937	0.000542456	0.000530977	0.000399227	0.000347353	0.000305613	0.000271371	0.000242865	0.000218843	0.000198387	0.000180809	0.000165579	0.000152288	
2.75	0.342551	0.00489162	0.00276041	0.00182238	0.0016824	0.00101244	0.000799763	0.000651119	0.000542349	0.000531062	0.000398844	0.000346892	0.000305106	0.00027084	0.000242324	0.000218302	0.000197852	0.000180283	0.000165066	0.00015179	
2.8125	0.340224	0.00491198	0.00276944	0.00182686	0.00168757	0.00101362	0.000800218	0.000651145	0.000542112	0.000531016	0.000398368	0.000346352	0.000304532	0.000270251	0.000241732	0.000217715	0.000197277	0.000179723	0.000164522	0.000151265	
2.875	0.337924	0.00493134	0.00277786	0.00183093	0.00169237	0.00101456	0.000800485	0.000651018	0.000541751	0.000530843	0.000397803	0.000345736	0.000303893	0.000269604	0.00024109	0.000217085	0.000196663	0.000179128	0.000163948	0.000150711	
2.9375	0.335652	0.00494973	0.00278569	0.00183458	0.00169679	0.00101526	0.000800566	0.000650742	0.000541266	0.000530544	0.00039715	0.000345045	0.000303188	0.000268902	0.000240399	0.000216412	0.000196011	0.000178499	0.000163343	0.000150131	
3	0.333407	0.00496716	0.00279293	0.00183783	0.00170084	0.00101574	0.000800467	0.00065032	0.000540661	0.000530123	0.00039641	0.00034428	0.000302421	0.000268145	0.00023966	0.000215696	0.000195321	0.000177836	0.000162708	0.000149524	
3.0625	0.331187	0.00498365	0.0027996	0.00184068	0.00170453	0.00101599	0.00080019	0.000649754	0.000539937	0.00052958	0.000395585	0.000343443	0.00030159	0.000267333	0.000238873	0.000214938	0.000194593	0.00017714	0.000162043	0.000148889	
3.125	0.328993	0.00499922	0.0028057	0.00184315	0.00170786	0.00101602	0.000799737	0.000649045	0.000539096	0.000528917	0.000394676	0.000342533	0.000300697	0.000266466	0.000238038	0.000214137	0.000193828	0.000176409	0.000161347	0.000148226	
3.1875	0.326824	0.00501386	0.00281124	0.00184523	0.00171084	0.00101583	0.000799109	0.000648194	0.000538137	0.000528134	0.000393682	0.00034155	0.00029974	0.000265543	0.000237154	0.000213293	0.000193023	0.000175644	0.000160619	0.000147534	
3.25	0.324679	0.0050276	0.00281622	0.00184692	0.00171346	0.00101541	0.000798306	0.000647201	0.000537061	0.000527231	0.000392602	0.000340493	0.000298719	0.000264565	0.00023622	0.000212404	0.000192178	0.000174842	0.000159858	0.000146812	
3.3125	0.322557	0.00504043	0.00282064	0.00184823	0.00171572	0.00101478	0.000797327	0.000646066	0.000535866	0.000526205	0.000391434	0.000339361	0.000297633	0.000263528	0.000235234	0.000211468	0.000191291	0.000174001	0.000159062	0.000146057	
3.375	0.320458	0.00505235	0.0028245	0.00184915	0.00171763	0.00101392	0.00079617	0.000644784	0.000534549	0.000525055	0.000390177	0.000338151	0.000296477	0.000262429	0.000234193	0.000210483	0.000190359	0.00017312	0.000158228	0.000145268	
3.4375	0.318382	0.00506335	0.00282781	0.00184968	0.00171917	0.00101283	0.000794829	0.000643351	0.000533105	0.000523776	0.000388825	0.000336858	0.000295249	0.000261266	0.000233094	0.000209445	0.00018938	0.000172195	0.000157354	0.000144441	
3.5	0.316328	0.00507342	0.00283054	0.00184982	0.00172034	0.0010115	0.000793298	0.000641762	0.00053153	0.000522361	0.000387373	0.000335477	0.000293942	0.000260033	0.000231931	0.000208349	0.000188346	0.00017122	0.000156433	0.000143571	
3.5625	0.314295	0.00508254	0.00283268	0.00184954	0.00172112	0.00100993	0.000791566	0.000640005	0.000529812	0.000520803	0.000385812	0.000334	0.00029255	0.000258723	0.000230698	0.000207188	0.000187254	0.00017019	0.000155462	0.000142653	
3.625	0.312282	0.00509065	0.00283421	0.00184882	0.00172151	0.00100809	0.000789617	0.000638067	0.00052794	0.000519087	0.00038413	0.000332416	0.000291061	0.000257324	0.000229384	0.000205953	0.000186091	0.000169094	0.000154427	0.000141676	
3.6875	0.31029	0.00509768	0.00283509	0.00184765	0.00172146	0.00100596	0.000787428	0.000635927	0.000525893	0.000517196	0.000382312	0.000330709	0.000289461	0.000255825	0.000227978	0.000204633	0.00018485	0.000167927	0.000153327	0.000140637	
3.75	0.308317	0.0051035	0.00283523	0.00184596	0.00172093	0.0010035	0.000784967	0.000633553	0.000523643	0.0005151	0.000380329	0.000328853	0.000287724	0.000254197	0.00022645	0.000203197	0.000183497	0.00016665	0.00015212	0.000139494	
3.8125	0.306363	0.0051079	0.00283452	0.00184368	0.00171983	0.00100066	0.00078218	0.000630896	0.000521143	0.000512757	0.000378146	0.00032682	0.000285828	0.000252427	0.000224796	0.000201649	0.000182045	0.000165286	0.000150836	0.000138283	
3.875	0.304426	0.00511055	0.00283267	0.0018406	0.00171798	0.000997335	0.000778985	0.000627878	0.000518313	0.000510093	0.00037566	0.000324493	0.000283647	0.000250378	0.000222867	0.000199828	0.000180325	0.000163655	0.000149288	0.000136811	
3.9375	0.302507	0.00511091	0.00282917	0.00183627	0.00171498	0.000993239	0.000775185	0.000624379	0.000515097	0.000507029	0.000372921	0.000321963	0.000281301	0.000248196	0.000220831	0.000197924	0.000178537	0.000161974	0.000147702	0.000135312	
4	0.300605	0.00510806	0.00282286	0.00182942	0.00170985	0.000986938	0.000769335	0.00061896	0.000510071	0.000502254	0.000368534	0.000317864	0.000277456	0.000244578	0.000217416	0.00019469	0.000175467	0.000159052	0.000144915	0.000132648	
4.0625	0.297016	0.00508258	0.00279783	0.00180681	0.00169203	0.000968771	0.000753008	0.000604185	0.000496614	0.000489597	0.000357108	0.000307303	0.000267647	0.000235429	0.00020885	0.000186644	0.000167888	0.000151892	0.000138134	0.000126211	
4.125	0.293504	0.00506428	0.00277946	0.00179029	0.00167923	0.000955907	0.000741601	0.000594009	0.000487482	0.00048097	0.000349597	0.000300462	0.000261385	0.000229672	0.000203539	0.000181728	0.000163323	0.000147641	0.000134165	0.000122497	
4.1875	0.290062	0.00504895	0.00276319	0.00177532	0.00166784	0.000943988	0.000730959	0.00058447	0.00047889	0.000472857	0.000342494	0.00029398	0.000255443	0.000224204	0.000198488	0.000177047	0.000158971	0.000143584	0.000130374	0.000118945	
4.25	0.286687	0.00503493	0.00274798	0.00176137	0.00165724	0.000933126	0.000721382	0.000575997	0.000471357	0.000465698	0.000336427	0.000288511	0.000250489	0.000219698	0.000194374	0.000173277	0.000155506	0.00014039	0.00012742	0.000116207	
4.3125	0.283375	0.00502153	0.00273345	0.00174812	0.00164717	0.000922938	0.000712422	0.000568079	0.000464321	0.000459007	0.000330754	0.000283392	0.000245846	0.000215468	0.000190505	0.000169726	0.000152234	0.000137367	0.000124619	0.000113605	
4.375	0.280124	0.0050084	0.00271937	0.0017354	0.00163748	0.000913281	0.00070398	0.000560669	0.000457782	0.000452763	0.000325564	0.000278746	0.000241667	0.000211693	0.000187082	0.000166611	0.000149391	0.000134763	0.000122228	0.000111402	
4.4375	0.276931	0.00499535	0.00270561	0.00172308	0.00162806	0.000904044	0.000695944	0.000553644	0.000451605	0.000446853	0.000320684	0.000274383	0.000237746	0.000208152	0.00018387	0.000163686	0.000146717	0.00013231	0.000119971	0.00010932	
4.5	0.273794	0.00498226	0.00269207	0.00171105	0.00161884	0.000895151	0.000688247	0.000546948	0.000445744	0.00044123	0.000316098	0.000270305	0.0002341	0.000204878	0.000180917	0.000161012	0.000144288	0.000130096	0.000117947	0.000107464	
4.5625	0.270711	0.00496904	0.00267867	0.00169927	0.00160977	0.000886546	0.000680835	0.000540527	0.000440147	0.000435848	0.000311745	0.000266443	0.000230654	0.000201787	0.000178132	0.000158492	0.000141998	0.000128008	0.000116036	0.00010571	
4.625	0.267681	0.00495565	0.00266536	0.00168768	0.0016008	0.000878186	0.000673668	0.000534346	0.000434779	0.000430675	0.000307601	0.000262779	0.000227396	0.000198876	0.000175519	0.000156136	0.000139866	0.000126072	0.000114272	0.000104097	
4.6875	0.264701	0.00494203	0.0026521	0.00167625	0.00159191	0.000870038	0.000666716	0.000528373	0.00042961	0.000425684	0.000303634	0.000259281	0.000224293	0.000196108	0.000173037	0.000153901	0.000137845	0.000124236	0.000112599	0.000102568	
4.75	0.261771	0.00492816	0.00263887	0.00166494	0.00158308	0.000862076	0.000659951	0.000522584	0.000424619	0.000420854	0.000299826	0.000255932	0.00022133	0.000193471	0.000170679	0.000151783	0.000135934	0.000122506	0.000111027	0.000101134	
4.8125	0.258889	0.00491402	0.00262563	0.00165373	0.00157428	0.000854277	0.000653354	0.00051696	0.000419785	0.000416168	0.000296158	0.000252714	0.000218488	0.000190947	0.000168426	0.000149761	0.000134111	0.000120857	0.000109528	9.97666e-05	
4.875	0.256054	0.00489958	0.00261237	0.00164261	0.0015655	0.000846625	0.000646907	0.000511483	0.000415092	0.000411612	0.000292615	0.000249613	0.000215755	0.000188524	0.000166266	0.000147827	0.000132371	0.000119284	0.000108101	9.84678e-05	
4.9375	0.253264	0.00488485	0.00259908	0.00163157	0.00155674	0.000839104	0.000640597	0.000506141	0.000410528	0.000407173	0.000289185	0.000246618	0.00021312	0.000186192	0.00016419	0.000145969	0.000130701	0.000117776	0.000106733	9.72222e-05	
5	0.250518	0.00486981	0.00258576	0.00162059	0.00154798	0.000831704	0.000634411	0.00050092	0.000406081	0.000402842	0.000285858	0.000243717	0.000210573	0.000183941	0.000162189	0.000144181	0.000129095	0.000116327	0.00010542	9.60283e-05	
5.0625	0.247815	0.00485447	0.00257239	0.00160966	0.00153923	0.000824413	0.000628339	0.000495812	0.000401741	0.000398608	0.000282625	0.000240903	0.000208106	0.000181763	0.000160255	0.000142454	0.000127545	0.000114929	0.000104155	9.48773e-05	
5.125	0.245153	0.00483882	0.00255897	0.00159878	0.00153046	0.000817224	0.000622373	0.000490808	0.0003975	0.000394466	0.000279477	0.000238169	0.000205711	0.000179652	0.000158383	0.000140784	0.000126047	0.00011358	0.000102933	9.37667e-05	
5.1875	0.242533	0.00482287	0.0025455	0.00158794	0.00152169	0.000810128	0.000616505	0.0004859	0.00039335	0.000390408	0.000276408	0.000235507	0.000203384	0.000177602	0.000156566	0.000139164	0.000124596	0.000112272	0.00010175	9.2691e-05	
5.25	0.239953	0.00480663	0.00253197	0.00157715	0.00151291	0.00080312	0.000610728	0.000481081	0.000389286	0.000386428	0.000273413	0.000232912	0.000201117	0.000175608	0.0001548	0.000137591	0.000123186	0.000111003	0.000100602	9.16479e-05	
5.3125	0.237411	0.00479008	0.00251839	0.00156638	0.00150412	0.000796194	0.000605037	0.000476346	0.0003853	0.000382522	0.000270485	0.000230379	0.000198907	0.000173666	0.000153081	0.000136061	0.000121816	0.000109769	9.94855e-05	9.06337e-05	
5.375	0.234907	0.00477325	0.00250475	0.00155565	0.00149531	0.000789345	0.000599427	0.00047169	0.000381389	0.000378685	0.00026762	0.000227904	0.00019675	0.000171771	0.000151405	0.000134569	0.000120481	0.000108568	9.83988e-05	8.96464e-05	
5.4375	0.23244	0.00475614	0.00249106	0.00154495	0.00148649	0.000782569	0.000593893	0.000467108	0.000377548	0.000374912	0.000264814	0.000225482	0.000194641	0.00016992	0.00014977	0.000133114	0.000119178	0.000107396	9.73389e-05	8.86833e-05	
5.5	0.230009	0.00473875	0.00247732	0.00153427	0.00147765	0.000775863	0.000588431	0.000462596	0.000373773	0.000371201	0.000262064	0.000223111	0.000192578	0.000168111	0.000148171	0.000131692	0.000117906	0.000106251	9.63038e-05	8.77428e-05	
5.5625	0.227614	0.0047211	0.00246352	0.00152363	0.0014688	0.000769224	0.000583038	0.000458151	0.00037006	0.000367548	0.000259365	0.000220787	0.000190557	0.000166339	0.000146606	0.000130301	0.000116662	0.000105132	9.52916e-05	8.68231e-05	
5.625	0.225253	0.00470319	0.00244968	0.00151301	0.00145993	0.000762648	0.000577711	0.000453769	0.000366407	0.00036395	0.000256716	0.000218507	0.000188577	0.000164604	0.000145074	0.000128939	0.000115444	0.000104036	9.43007e-05	8.59226e-05	
5.6875	0.222926	0.00468502	0.00243579	0.00150242	0.00145105	0.000756133	0.000572446	0.000449448	0.000362809	0.000360404	0.000254113	0.000216269	0.000186633	0.000162902	0.000143572	0.000127605	0.00011425	0.000102962	9.33297e-05	8.50401e-05	
5.75	0.220631	0.00466661	0.00242185	0.00149185	0.00144215	0.000749677	0.000567242	0.000445184	0.000359265	0.000356908	0.000251553	0.00021407	0.000184725	0.000161232	0.000142099	0.000126295	0.000113079	0.000101909	9.23772e-05	8.41744e-05	
5.8125	0.218369	0.00464796	0.00240787	0.00148131	0.00143325	0.000743277	0.000562096	0.000440975	0.000355772	0.00035346	0.000249036	0.000211909	0.000182851	0.000159591	0.000140652	0.00012501	0.00011193	0.000100875	9.14421e-05	8.33244e-05	
5.875	0.216138	0.00462909	0.00239385	0.00147079	0.00142433	0.000736933	0.000557005	0.00043682	0.000352327	0.000350058	0.000246558	0.000209783	0.000181008	0.000157979	0.00013923	0.000123747	0.000110801	9.98595e-05	9.05233e-05	8.24891e-05	
5.9375	0.213938	0.00460999	0.00237979	0.0014603	0.0014154	0.000730641	0.000551968	0.000432715	0.00034893	0.0003467	0.000244117	0.000207691	0.000179195	0.000156394	0.000137833	0.000122506	0.000109691	9.88609e-05	8.96199e-05	8.16678e-05	
6	0.211769	0.00459068	0.0023657	0.00144984	0.00140646	0.000724401	0.000546982	0.000428658	0.000345576	0.000343383	0.000241712	0.00020563	0.00017741	0.000154833	0.000136457	0.000121284	0.000108599	9.78783e-05	8.87311e-05	8.08595e-05	
6.0625	0.209629	0.00457117	0.00235157	0.0014394	0.00139751	0.00071821	0.000542047	0.000424649	0.000342266	0.000340107	0.000239342	0.0002036	0.000175652	0.000153297	0.000135103	0.000120082	0.000107523	9.6911e-05	8.78559e-05	8.00637e-05	
6.125	0.207518	0.00455145	0.00233742	0.00142898	0.00138855	0.000712068	0.00053716	0.000420685	0.000338996	0.000336869	0.000237004	0.000201599	0.00017392	0.000151784	0.000133769	0.000118897	0.000106464	9.59582e-05	8.69938e-05	7.92796e-05	
6.1875	0.205435	0.00453154	0.00232323	0.0014186	0.00137958	0.000705973	0.000532319	0.000416764	0.000335766	0.000333669	0.000234697	0.000199625	0.000172213	0.000150292	0.000132455	0.00011773	0.000105421	9.50191e-05	8.6144e-05	7.85066e-05	
6.25	0.20338	0.00451144	0.00230902	0.00140824	0.00137061	0.000699924	0.000527523	0.000412885	0.000332574	0.000330504	0.000232419	0.000197678	0.000170528	0.00014882	0.000131158	0.000116579	0.000104391	9.40929e-05	8.53059e-05	7.77443e-05	
6.3125	0.201352	0.00449117	0.00229478	0.0013979	0.00136163	0.000693919	0.000522771	0.000409046	0.000329418	0.000327374	0.000230171	0.000195756	0.000168866	0.000147368	0.000129879	0.000115443	0.000103376	9.31791e-05	8.4479e-05	7.6992e-05	
6.375	0.199351	0.00447072	0.00228052	0.0013876	0.00135264	0.000687957	0.000518061	0.000405246	0.000326297	0.000324276	0.000227949	0.000193857	0.000167225	0.000145935	0.000128616	0.000114322	0.000102373	9.2277e-05	8.36625e-05	7.62492e-05	
6.4375	0.197376	0.0044501	0.00226624	0.00137732	0.00134365	0.000682036	0.000513391	0.000401484	0.000323209	0.00032121	0.000225753	0.000191982	0.000165603	0.00014452	0.000127369	0.000113214	0.000101383	9.1386e-05	8.2856e-05	7.55154e-05	
6.5	0.195427	0.00442932	0.00225194	0.00136706	0.00133466	0.000676157	0.000508761	0.000397757	0.000320153	0.000318174	0.000223582	0.000190128	0.000164001	0.000143121	0.000126137	0.00011212	0.000100405	9.05055e-05	8.2059e-05	7.47902e-05	
6.5625	0.193503	0.00440838	0.00223762	0.00135683	0.00132566	0.000670316	0.000504168	0.000394064	0.000317127	0.000315167	0.000221434	0.000188294	0.000162417	0.000141738	0.000124919	0.000111039	9.94375e-05	8.96349e-05	8.12709e-05	7.40731e-05	
6.625	0.191603	0.00438729	0.00222328	0.00134663	0.00131665	0.000664512	0.000499612	0.000390405	0.000314131	0.000312187	0.000219309	0.00018648	0.000160849	0.000140369	0.000123714	0.000109969	9.84806e-05	8.87736e-05	8.04912e-05	7.33635e-05	
6.6875	0.189728	0.00436605	0.00220893	0.00133645	0.00130764	0.000658745	0.00049509	0.000386776	0.000311162	0.000309233	0.000217204	0.000184684	0.000159298	0.000139015	0.000122521	0.000108909	9.75334e-05	8.7921e-05	7.97194e-05	7.26611e-05	
6.75	0.187877	0.00434467	0.00219456	0.00132629	0.00129863	0.000653013	0.000490601	0.000383178	0.00030822	0.000306304	0.00021512	0.000182906	0.000157762	0.000137674	0.00012134	0.000107861	9.65953e-05	8.70766e-05	7.89549e-05	7.19653e-05	
6.8125	0.186048	0.00432314	0.00218017	0.00131616	0.00128961	0.000647313	0.000486143	0.000379607	0.000305302	0.000303399	0.000213053	0.000181143	0.00015624	0.000136346	0.000120169	0.000106821	9.56655e-05	8.62397e-05	7.81971e-05	7.12756e-05	
6.875	0.184243	0.00430147	0.00216577	0.00130605	0.00128058	0.000641644	0.000481714	0.000376063	0.000302407	0.000300515	0.000211004	0.000179395	0.00015473	0.000135028	0.000119009	0.00010579	9.47434e-05	8.54095e-05	7.74454e-05	7.05913e-05	
6.9375	0.18246	0.00427966	0.00215135	0.00129596	0.00127155	0.000636004	0.000477313	0.000372543	0.000299534	0.00029765	0.000208971	0.000177661	0.000153232	0.000133721	0.000117857	0.000104767	9.38282e-05	8.45855e-05	7.66992e-05	6.99122e-05	
7	0.180699	0.00425771	0.00213692	0.00128589	0.00126251	0.000630391	0.000472938	0.000369046	0.00029668	0.000294804	0.000206952	0.000175939	0.000151745	0.000132422	0.000116712	0.000103751	9.29188e-05	8.37666e-05	7.59575e-05	6.92369e-05	
7.0625	0.17896	0.00423563	0.00212246	0.00127583	0.00125346	0.000624802	0.000468585	0.00036557	0.000293844	0.000291974	0.000204945	0.000174228	0.000150266	0.000131131	0.000115575	0.00010274	9.20146e-05	8.29523e-05	7.52201e-05	6.85656e-05	
7.125	0.177242	0.00421341	0.00210798	0.00126578	0.00124439	0.000619234	0.000464253	0.000362111	0.000291023	0.000289158	0.000202949	0.000172525	0.000148795	0.000129847	0.000114443	0.000101734	9.11141e-05	8.2141e-05	7.4485e-05	6.78961e-05	
7.1875	0.175545	0.00419105	0.00209348	0.00125575	0.00123531	0.000613684	0.000459938	0.000358667	0.000288215	0.000286354	0.000200962	0.00017083	0.00014733	0.000128567	0.000113315	0.000100732	9.02166e-05	8.13326e-05	7.37527e-05	6.72293e-05	
7.25	0.173869	0.00416854	0.00207895	0.00124572	0.00122621	0.000608149	0.000455636	0.000355236	0.000285417	0.000283558	0.00019898	0.000169139	0.000145869	0.00012729	0.000112188	9.973e-05	8.93196e-05	8.05241e-05	7.30196e-05	6.65613e-05	
7.3125	0.172212	0.00414588	0.00206438	0.00123569	0.00121709	0.000602623	0.000451345	0.000351813	0.000282626	0.000280768	0.000197003	0.000167451	0.000144409	0.000126014	0.000111063	9.87293e-05	8.84234e-05	7.97164e-05	7.22877e-05	6.58947e-05	
7.375	0.170575	0.00412307	0.00204977	0.00122565	0.00120794	0.000597102	0.000447058	0.000348394	0.000279837	0.000277979	0.000195025	0.000165762	0.000142948	0.000124736	0.000109934	9.77244e-05	8.75223e-05	7.89033e-05	7.15497e-05	6.52215e-05	
7.4375	0.168958	0.00410008	0.00203511	0.0012156	0.00119875	0.000591579	0.000442771	0.000344973	0.000277047	0.000275186	0.000193044	0.00016407	0.000141483	0.000123454	0.000108803	9.67172e-05	8.66197e-05	7.80893e-05	7.08118e-05	6.45491e-05	
7.5	0.167359	0.00407692	0.00202038	0.00120552	0.00118951	0.000586045	0.000438476	0.000341545	0.000274248	0.000272385	0.000191053	0.000162367	0.000140007	0.00012216	0.000107658	9.56965e-05	8.57027e-05	7.72603e-05	7.00579e-05	6.38601e-05	
7.5625	0.16578	0.00405355	0.00200558	0.00119541	0.00118022	0.00058049	0.000434163	0.000338102	0.000271435	0.000269568	0.000189049	0.000160652	0.00013852	0.000120858	0.000106507	9.4671e-05	8.47827e-05	7.64299e-05	6.93044e-05	6.31731e-05	
7.625	0.164218	0.00402996	0.00199067	0.00118524	0.00117085	0.000574901	0.00042982	0.00033463	0.000268594	0.000266723	0.000187017	0.000158909	0.000137004	0.000119525	0.000105324	9.36122e-05	8.38285e-05	7.55644e-05	6.85149e-05	6.24493e-05	
7.6875	0.162674	0.0040061	0.00197563	0.00117498	0.00116138	0.000569258	0.000425432	0.000331119	0.00026572	0.000263843	0.00018496	0.000157145	0.000135473	0.000118181	0.000104134	9.255e-05	8.28741e-05	7.47017e-05	6.7731e-05	6.17336e-05	
7.75	0.161148	0.00398191	0.00196042	0.00116461	0.00115178	0.000563532	0.00042097	0.000327538	0.000262775	0.000260894	0.000182829	0.000155306	0.000133864	0.000116759	0.000102864	9.14075e-05	8.18388e-05	7.37579e-05	6.68658e-05	6.09366e-05	
7.8125	0.159638	0.00395729	0.00194498	0.00115407	0.001142	0.000557688	0.000416414	0.000323883	0.000259775	0.000257884	0.000180669	0.000153449	0.000132247	0.000115335	0.000101599	9.02755e-05	8.08185e-05	7.28327e-05	6.60223e-05	6.0164e-05	
7.875	0.158145	0.00393201	0.00192918	0.00114328	0.00113197	0.000551613	0.000411628	0.000319997	0.000256543	0.000254658	0.000178277	0.000151363	0.000130404	0.00011369	0.000100118	8.89305e-05	7.95896e-05	7.17033e-05	6.4979e-05	5.91958e-05	
7.9375	0.156667	0.00390556	0.0019127	0.00113207	0.00112149	0.000545376	0.00040675	0.000316064	0.000253295	0.0002514	0.000175906	0.000149309	0.000128602	0.000112092	9.86871e-05	8.76402e-05	7.84178e-05	7.06328e-05	6.39959e-05	5.82886e-05	
8	0.155203	0.00387657	0.00189404	0.00111893	0.00110931	0.000537509	0.000400385	0.000310759	0.000248769	0.000246926	0.000172393	0.000146179	0.000125779	0.000109521	9.63278e-05	8.54599e-05	7.63912e-05	6.87392e-05	6.22187e-05	5.6614e-05	
8.0625	0.152776	0.00381513	0.00185416	0.00109045	0.00108333	0.000519919	0.000385976	0.000298627	0.000238336	0.000236822	0.00016422	0.000138872	0.000119176	0.000103505	9.08078e-05	8.03651e-05	7.16647e-05	6.43348e-05	5.80981e-05	5.27454e-05	
8.125	0.150403	0.00376037	0.00181991	0.00106683	0.00106155	0.000506297	0.000375151	0.000289775	0.000230936	0.000229562	0.000158727	0.000134084	0.000114956	9.97517e-05	8.74446e-05	7.73318e-05	6.89138e-05	6.18279e-05	5.58038e-05	5.06376e-05	
8.1875	0.148078	0.00370824	0.0017874	0.00104444	0.00104089	0.000493424	0.000364934	0.000281429	0.000223965	0.000222712	0.000153559	0.000129581	0.000110988	9.62223e-05	8.42809e-05	7.4477e-05	6.63227e-05	5.94642e-05	5.36377e-05	4.86444e-05	
8.25	0.1458	0.00365796	0.00175645	0.00102346	0.00102138	0.000481773	0.000355845	0.000274131	0.000217971	0.000216773	0.000149258	0.000125892	0.000107787	9.34188e-05	8.18056e-05	7.22766e-05	6.4355e-05	5.76953e-05	5.20401e-05	4.71957e-05	
8.3125	0.143566	0.00360919	0.00172673	0.00100349	0.00100274	0.000470788	0.000347295	0.000267274	0.000212341	0.000211191	0.000145212	0.000122418	0.000104767	9.07683e-05	7.94597e-05	7.01851e-05	6.24786e-05	5.60025e-05	5.05053e-05	4.57979e-05	
8.375	0.141375	0.00356171	0.00169809	0.000984406	0.000984848	0.000460486	0.000339359	0.000260977	0.000207229	0.000206094	0.00014162	0.000119369	0.000102148	8.84953e-05	7.74708e-05	6.84323e-05	6.09239e-05	5.46159e-05	4.92624e-05	4.46787e-05	
8.4375	0.139226	0.00351536	0.00167037	0.000966084	0.000967606	0.000450713	0.00033186	0.000255044	0.000202418	0.000201295	0.000138239	0.000116496	9.96737e-05	8.63426e-05	7.55809e-05	6.67601e-05	5.94343e-05	5.32808e-05	4.80592e-05	4.3589e-05	
8.5	0.137117	0.00347005	0.0016435	0.000948445	0.000950944	0.000441426	0.000324781	0.000249479	0.000197937	0.000196811	0.000135136	0.000113879	9.74391e-05	8.44143e-05	7.39023e-05	6.52876e-05	5.81338e-05	5.21252e-05	4.7027e-05	4.26624e-05	
8.5625	0.135047	0.00342566	0.00161739	0.000931422	0.000934809	0.000432561	0.00031805	0.000244204	0.0001937	0.000192567	0.000132204	0.000111405	9.53228e-05	8.25836e-05	7.23035e-05	6.38796e-05	5.68847e-05	5.10098e-05	4.60249e-05	4.17574e-05	
8.625	0.133015	0.00338214	0.00159197	0.000914962	0.000919156	0.000424076	0.000311638	0.000239202	0.000189698	0.000188552	0.000129462	0.000109102	9.33628e-05	8.08974e-05	7.08393e-05	6.25978e-05	5.57545e-05	5.00068e-05	4.51298e-05	4.09544e-05	
8.6875	0.13102	0.00333943	0.00156721	0.000899019	0.000903947	0.000415934	0.000305508	0.000234434	0.000185892	0.00018473	0.000126857	0.000106914	9.14988e-05	7.92907e-05	6.94403e-05	6.13689e-05	5.46667e-05	4.90371e-05	4.42598e-05	4.01694e-05	
8.75	0.129062	0.00329747	0.00154306	0.000883557	0.000889153	0.000408105	0.000299634	0.000229879	0.000182267	0.000181087	0.00012439	0.000104848	8.9744e-05	7.77831e-05	6.81324e-05	6.02244e-05	5.36575e-05	4.81413e-05	4.34598e-05	3.9451e-05	
8.8125	0.127139	0.00325623	0.00151947	0.000868542	0.000874746	0.000400564	0.000293993	0.000225515	0.0001788	0.000177602	0.000122035	0.000102875	8.8067e-05	7.63402e-05	6.68779e-05	5.91237e-05	5.26839e-05	4.72737e-05	4.26817e-05	3.87488e-05	
8.875	0.125251	0.00321566	0.00149642	0.000853945	0.000860703	0.000393286	0.000288565	0.000221326	0.000175479	0.000174262	0.000119785	0.000100994	8.64706e-05	7.49693e-05	6.56884e-05	5.80823e-05	5.17649e-05	4.64571e-05	4.19514e-05	3.80921e-05	
8.9375	0.123396	0.00317574	0.00147389	0.000839743	0.000847003	0.000386253	0.000283333	0.000217296	0.000172287	0.000171052	0.000117627	9.91886e-05	8.49377e-05	7.36513e-05	6.4543e-05	5.70774e-05	5.08759e-05	4.56647e-05	4.12403e-05	3.745e-05	
9	0.121574	0.00313644	0.00145184	0.000825912	0.000833629	0.000379448	0.000278281	0.000213411	0.000169215	0.000167963	0.000115553	9.74555e-05	8.34672e-05	7.23881e-05	6.34461e-05	5.61162e-05	5.00267e-05	4.4909e-05	4.05634e-05	3.68403e-05	
9.0625	0.119785	0.00309774	0.00143025	0.000812432	0.000820565	0.000372854	0.000273397	0.000209661	0.000166253	0.000164983	0.000113555	9.5785e-05	8.2049e-05	7.11686e-05	6.2386e-05	5.51857e-05	4.92029e-05	4.41742e-05	3.99035e-05	3.6244e-05	
9.125	0.118027	0.00305961	0.00140911	0.000799286	0.000807795	0.000366459	0.000268669	0.000206035	0.000163391	0.000162106	0.000111626	9.4173e-05	8.06809e-05	6.99925e-05	6.13638e-05	5.42889e-05	4.84095e-05	4.34671e-05	3.92692e-05	3.56716e-05	
9.1875	0.1163	0.00302204	0.00138838	0.000786457	0.000795306	0.000360249	0.000264085	0.000202524	0.000160622	0.000159322	0.00010976	9.26135e-05	7.93565e-05	6.88531e-05	6.03726e-05	5.34181e-05	4.7638e-05	4.27783e-05	3.865e-05	3.51116e-05	
9.25	0.114602	0.002985	0.00136807	0.000773931	0.000783086	0.000354215	0.000259638	0.000199121	0.000157939	0.000156626	0.000107953	9.11029e-05	7.80735e-05	6.77491e-05	5.94121e-05	5.25744e-05	4.68906e-05	4.21112e-05	3.80508e-05	3.45701e-05	
9.3125	0.112934	0.00294849	0.00134815	0.000761693	0.000771125	0.000348346	0.000255318	0.000195818	0.000155336	0.000154011	0.0001062	8.96368e-05	7.68276e-05	6.66764e-05	5.8478e-05	5.1753e-05	4.61622e-05	4.14603e-05	3.74652e-05	3.404e-05	
9.375	0.111295	0.00291248	0.0013286	0.000749731	0.000759411	0.000342634	0.000251118	0.000192608	0.000152807	0.000151473	0.000104497	8.82123e-05	7.56168e-05	6.56335e-05	5.75696e-05	5.09542e-05	4.54536e-05	4.08272e-05	3.68957e-05	3.35248e-05	
9.4375	0.109683	0.00287696	0.00130942	0.000738034	0.000747935	0.000337069	0.000247031	0.000189487	0.000150349	0.000149006	0.000102841	8.68264e-05	7.4438e-05	6.46176e-05	5.66842e-05	5.01749e-05	4.47618e-05	4.02084e-05	3.63386e-05	3.30201e-05	
9.5	0.1081	0.00284192	0.00129059	0.000726591	0.000736688	0.000331644	0.00024305	0.000186449	0.000147956	0.000146606	0.000101229	8.54765e-05	7.32895e-05	6.36274e-05	5.58208e-05	4.94147e-05	4.4087e-05	3.96048e-05	3.57951e-05	3.25279e-05	
9.5625	0.106543	0.00280735	0.0012721	0.000715392	0.000725663	0.000326352	0.000239171	0.000183489	0.000145625	0.000144269	9.96575e-05	8.41603e-05	7.21691e-05	6.26609e-05	5.49776e-05	4.86719e-05	4.3427e-05	3.9014e-05	3.52628e-05	3.20454e-05	
9.625	0.105012	0.00277323	0.00125394	0.000704427	0.00071485	0.000321188	0.000235388	0.000180603	0.000143353	0.000141992	9.81245e-05	8.28759e-05	7.10753e-05	6.17169e-05	5.41538e-05	4.79459e-05	4.27818e-05	3.84364e-05	3.47423e-05	3.15737e-05	
9.6875	0.103507	0.00273956	0.0012361	0.000693689	0.000704245	0.000316145	0.000231696	0.000177787	0.000141135	0.000139771	9.66279e-05	8.16213e-05	7.00064e-05	6.0794e-05	5.33479e-05	4.72354e-05	4.21501e-05	3.78706e-05	3.42321e-05	3.1111e-05	
9.75	0.102027	0.00270633	0.00121857	0.000683168	0.000693838	0.000311217	0.00022809	0.000175038	0.00013897	0.000137603	9.51657e-05	8.03951e-05	6.89612e-05	5.98912e-05	5.25593e-05	4.65399e-05	4.15315e-05	3.73164e-05	3.37324e-05	3.06579e-05	
9.8125	0.100572	0.00267352	0.00120133	0.000672857	0.000683624	0.0003064	0.000224567	0.000172351	0.000136854	0.000135486	9.37361e-05	7.91957e-05	6.79385e-05	5.90074e-05	5.1787e-05	4.58585e-05	4.09252e-05	3.6773e-05	3.32422e-05	3.02131e-05	
9.875	0.0991411	0.00264113	0.0011844	0.000662749	0.000673598	0.000301688	0.000221123	0.000169726	0.000134785	0.000133418	9.23375e-05	7.80219e-05	6.69371e-05	5.81417e-05	5.10303e-05	4.51906e-05	4.03309e-05	3.62402e-05	3.27615e-05	2.9777e-05	
9.9375	0.0977337	0.00260915	0.00116774	0.000652837	0.000663752	0.000297079	0.000217755	0.000167157	0.000132761	0.000131395	9.09685e-05	7.68723e-05	6.5956e-05	5.72933e-05	5.02884e-05	4.45356e-05	3.97478e-05	3.57173e-05	3.22897e-05	2.93487e-05	
10	0.0963495	0.00257757	0.00115136	0.000643115	0.000654082	0.000292566	0.000214459	0.000164644	0.00013078	0.000129416	8.96276e-05	7.5746e-05	6.49944e-05	5.64615e-05	4.95607e-05	4.3893e-05	3.91756e-05	3.52042e-05	3.18266e-05	2.89284e-05	
10.0625	0.094988	0.00254638	0.00113525	0.000633576	0.000644583	0.000288147	0.000211231	0.000162183	0.00012884	0.000127479	8.83136e-05	7.46419e-05	6.40514e-05	5.56455e-05	4.88467e-05	4.32623e-05	3.86139e-05	3.47004e-05	3.13717e-05	2.85154e-05	
10.125	0.0936487	0.00251558	0.0011194	0.000624215	0.000635249	0.000283818	0.00020807	0.000159773	0.000126939	0.000125581	8.70254e-05	7.3559e-05	6.31264e-05	5.48447e-05	4.81459e-05	4.26431e-05	3.80624e-05	3.42055e-05	3.09249e-05	2.81098e-05	
10.1875	0.0923311	0.00248516	0.00110381	0.000615026	0.000626076	0.000279575	0.000204973	0.000157411	0.000125076	0.000123723	8.5762e-05	7.24966e-05	6.22185e-05	5.40586e-05	4.74577e-05	4.20349e-05	3.75205e-05	3.37193e-05	3.04859e-05	2.77111e-05	
10.25	0.0910349	0.00245511	0.00108846	0.000606003	0.000617059	0.000275416	0.000201937	0.000155095	0.000123249	0.0001219	8.45223e-05	7.14538e-05	6.13271e-05	5.32866e-05	4.67817e-05	4.14375e-05	3.69882e-05	3.32415e-05	3.00544e-05	2.73193e-05	
10.3125	0.0897596	0.00242542	0.00107336	0.000597143	0.000608194	0.000271337	0.00019896	0.000152824	0.000121456	0.000120114	8.33054e-05	7.043e-05	6.04516e-05	5.25282e-05	4.61175e-05	4.08503e-05	3.64649e-05	3.27719e-05	2.96303e-05	2.69341e-05	
10.375	0.0885048	0.00239609	0.00105849	0.000588439	0.000599476	0.000267335	0.000196039	0.000150596	0.000119697	0.000118361	8.21105e-05	6.94243e-05	5.95915e-05	5.1783e-05	4.54647e-05	4.02731e-05	3.59504e-05	3.23101e-05	2.92132e-05	2.65552e-05	
10.4375	0.0872701	0.00236711	0.00104386	0.000579887	0.000590902	0.000263408	0.000193173	0.000148409	0.00011797	0.00011664	8.09368e-05	6.84361e-05	5.87462e-05	5.10504e-05	4.4823e-05	3.97057e-05	3.54446e-05	3.1856e-05	2.8803e-05	2.61827e-05	
10.5	0.0860551	0.00233848	0.00102945	0.000571483	0.000582467	0.000259552	0.000190359	0.000146261	0.000116274	0.000114951	7.97834e-05	6.74649e-05	5.79151e-05	5.03301e-05	4.41918e-05	3.91475e-05	3.4947e-05	3.14092e-05	2.83994e-05	2.58161e-05	
10.5625	0.0848594	0.00231019	0.00101525	0.000563222	0.000574168	0.000255766	0.000187596	0.000144152	0.000114607	0.000113291	7.86496e-05	6.65099e-05	5.70979e-05	4.96216e-05	4.3571e-05	3.85984e-05	3.44575e-05	3.09698e-05	2.80025e-05	2.54555e-05	
10.625	0.0836826	0.00228223	0.00100127	0.0005551	0.000566	0.000252046	0.000184882	0.000142079	0.000112969	0.000111661	7.75348e-05	6.55707e-05	5.6294e-05	4.89246e-05	4.29601e-05	3.80581e-05	3.39757e-05	3.05372e-05	2.76116e-05	2.51004e-05	
10.6875	0.0825244	0.00225459	0.0009875	0.000547113	0.000557961	0.000248391	0.000182214	0.000140041	0.000111359	0.000110058	7.64381e-05	6.46467e-05	5.55029e-05	4.82387e-05	4.23589e-05	3.75263e-05	3.35016e-05	3.01115e-05	2.72271e-05	2.47512e-05	
10.75	0.0813844	0.00222728	0.000973931	0.000539256	0.000550046	0.000244799	0.000179592	0.000138038	0.000109775	0.000108482	7.5359e-05	6.37372e-05	5.47242e-05	4.75633e-05	4.17669e-05	3.70025e-05	3.30345e-05	2.96921e-05	2.68481e-05	2.44068e-05	
10.8125	0.0802623	0.00220028	0.000960559	0.000531526	0.000542252	0.000241266	0.000177012	0.000136067	0.000108216	0.000106931	7.42968e-05	6.28417e-05	5.39574e-05	4.68984e-05	4.1184e-05	3.6487e-05	3.25748e-05	2.92794e-05	2.64754e-05	2.40683e-05	
10.875	0.0791577	0.00217359	0.00094738	0.000523919	0.000534576	0.00023779	0.000174475	0.000134128	0.000106682	0.000105405	7.32506e-05	6.19597e-05	5.3202e-05	4.62431e-05	4.06095e-05	3.59786e-05	3.21214e-05	2.88722e-05	2.61074e-05	2.3734e-05	
10.9375	0.0780703	0.0021472	0.000934388	0.00051643	0.000527013	0.000234371	0.000171978	0.000132219	0.000105171	0.000103903	7.222e-05	6.10907e-05	5.24577e-05	4.55975e-05	4.00437e-05	3.54781e-05	3.16752e-05	2.84717e-05	2.57457e-05	2.34055e-05	
11	0.0769998	0.00212111	0.000921578	0.000509057	0.00051956	0.000231004	0.000169518	0.000130338	0.000103682	0.000102422	7.1204e-05	6.02339e-05	5.17236e-05	4.49606e-05	3.94851e-05	3.49838e-05	3.12344e-05	2.80757e-05	2.53878e-05	2.30803e-05	
11.0625	0.0759458	0.00209531	0.000908944	0.000501794	0.000512213	0.000227688	0.000167096	0.000128485	0.000102214	0.000100963	7.02023e-05	5.9389e-05	5.09999e-05	4.43329e-05	3.89349e-05	3.44972e-05	3.08006e-05	2.76864e-05	2.50363e-05	2.27612e-05	
11.125	0.0749081	0.00206979	0.000896482	0.000494638	0.000504969	0.000224421	0.000164708	0.000126657	0.000100767	9.95233e-05	6.92134e-05	5.85546e-05	5.02849e-05	4.37123e-05	3.83906e-05	3.40154e-05	3.03707e-05	2.73002e-05	2.46872e-05	2.2444e-05	
11.1875	0.0738863	0.00204454	0.000884185	0.000487584	0.000497824	0.0002212	0.000162353	0.000124854	9.93383e-05	9.81026e-05	6.82373e-05	5.77312e-05	4.95795e-05	4.31004e-05	3.78543e-05	3.35412e-05	2.99482e-05	2.69212e-05	2.43451e-05	2.21336e-05	
11.25	0.0728801	0.00201956	0.000872048	0.000480629	0.000490773	0.000218022	0.000160029	0.000123074	9.7927e-05	9.66991e-05	6.72719e-05	5.69162e-05	4.88807e-05	4.24937e-05	3.73219e-05	3.30698e-05	2.95275e-05	2.65431e-05	2.40032e-05	2.18227e-05	
11.3125	0.0718892	0.00199484	0.000860064	0.000473767	0.000483813	0.000214885	0.000157733	0.000121315	9.65322e-05	9.53116e-05	6.63179e-05	5.61112e-05	4.8191e-05	4.18956e-05	3.67978e-05	3.26065e-05	2.91148e-05	2.6173e-05	2.36694e-05	2.152e-05	
11.375	0.0709134	0.00197038	0.000848227	0.000466993	0.000476938	0.000211786	0.000155464	0.000119575	9.51509e-05	9.39377e-05	6.53711e-05	5.53112e-05	4.75045e-05	4.12991e-05	3.62741e-05	3.21424e-05	2.87004e-05	2.58004e-05	2.33323e-05	2.12134e-05	
11.4375	0.0699523	0.00194615	0.000836528	0.000460302	0.000470142	0.000208721	0.000153218	0.000117852	9.37833e-05	9.25767e-05	6.44346e-05	5.45208e-05	4.68273e-05	4.07118e-05	3.57596e-05	3.16878e-05	2.82957e-05	2.54376e-05	2.30053e-05	2.0917e-05	
11.5	0.0690057	0.00192214	0.00082496	0.000453687	0.000463421	0.000205685	0.000150992	0.000116141	9.24231e-05	9.12234e-05	6.34991e-05	5.37291e-05	4.6147e-05	4.012e-05	3.52393e-05	3.12262e-05	2.7883e-05	2.50662e-05	2.2669e-05	2.06109e-05	
11.5625	0.0680734	0.00189836	0.000813511	0.00044714	0.000456765	0.000202675	0.000148782	0.000114444	9.10741e-05	8.98799e-05	6.25739e-05	5.29481e-05	4.54778e-05	3.95396e-05	3.47309e-05	3.07771e-05	2.74833e-05	2.47081e-05	2.23463e-05	2.03186e-05	
11.625	0.0671549	0.00187476	0.000802169	0.000440652	0.000450167	0.000199682	0.00014658	0.000112746	8.97203e-05	8.85329e-05	6.16373e-05	5.21533e-05	4.47931e-05	3.89425e-05	3.42049e-05	3.03096e-05	2.70645e-05	2.43306e-05	2.20039e-05	2.00064e-05	
11.6875	0.06625	0.00185135	0.000790919	0.000434211	0.000443615	0.000196704	0.000144389	0.00011106	8.83776e-05	8.71941e-05	6.07143e-05	5.13735e-05	4.41245e-05	3.83624e-05	3.36965e-05	2.98604e-05	2.66646e-05	2.39723e-05	2.1681e-05	1.97139e-05	
11.75	0.0653585	0.00182807	0.000779736	0.000427797	0.000437092	0.000193712	0.000142175	0.000109343	8.70005e-05	8.58243e-05	5.97513e-05	5.05526e-05	4.34143e-05	3.77405e-05	3.31465e-05	2.93697e-05	2.62237e-05	2.35734e-05	2.13182e-05	1.93821e-05	
11.8125	0.06448	0.0018049	0.00076859	0.000421394	0.000430576	0.000190728	0.000139972	0.000107642	8.56432e-05	8.4469e-05	5.88134e-05	4.97583e-05	4.27317e-05	3.7147e-05	3.26254e-05	2.89083e-05	2.58121e-05	2.3204e-05	2.09847e-05	1.90797e-05	
11.875	0.0636141	0.00178176	0.000757418	0.000414919	0.00042401	0.000187627	0.000137648	0.00010582	8.41654e-05	8.30011e-05	5.77598e-05	4.88523e-05	4.19412e-05	3.64493e-05	3.20036e-05	2.83495e-05	2.53065e-05	2.27435e-05	2.0563e-05	1.86915e-05	
11.9375	0.0627601	0.00175846	0.000746204	0.000408448	0.000417421	0.000184565	0.00013537	0.000104046	8.27391e-05	8.15762e-05	5.67592e-05	4.7999e-05	4.1203e-05	3.58033e-05	3.14327e-05	2.78409e-05	2.48501e-05	2.23314e-05	2.01889e-05	1.83503e-05	
12	0.0619169	0.00173402	0.000733976	0.000401083	0.000410041	0.000180758	0.000132421	0.00010166	8.07473e-05	7.9612e-05	5.52609e-05	4.66787e-05	4.00239e-05	3.47391e-05	3.04637e-05	2.69521e-05	2.40295e-05	2.15697e-05	1.94783e-05	1.76844e-05	
12.0625	0.0606251	0.00169026	0.000710967	0.000386559	0.000395963	0.000172712	0.000126025	9.63807e-05	7.62706e-05	7.52959e-05	5.18263e-05	4.36295e-05	3.72864e-05	3.22593e-05	2.82009e-05	2.48741e-05	2.21111e-05	1.97902e-05	1.78208e-05	1.6135e-05	
12.125	0.0593669	0.00165043	0.000690936	0.000374459	0.000384022	0.000166539	0.000121298	9.26146e-05	7.31843e-05	7.22781e-05	4.96081e-05	4.17208e-05	3.56245e-05	3.07986e-05	2.6907e-05	2.37205e-05	2.10766e-05	1.8858e-05	1.69772e-05	1.53686e-05	
12.1875	0.058139	0.00161219	0.000671845	0.000362988	0.000372666	0.000160734	0.000116869	8.90966e-05	7.03093e-05	6.94582e-05	4.75492e-05	3.99515e-05	3.40851e-05	2.94458e-05	2.57081e-05	2.26504e-05	2.01154e-05	1.79898e-05	1.61892e-05	1.46502e-05	
12.25	0.0569401	0.00157545	0.000653852	0.000352399	0.000362079	0.000155598	0.000113029	8.61072e-05	6.79134e-05	6.7088e-05	4.58971e-05	3.85579e-05	3.28947e-05	2.84184e-05	2.4814e-05	2.18665e-05	1.94239e-05	1.73763e-05	1.56423e-05	1.41605e-05	
12.3125	0.0557691	0.00154	0.000636674	0.000342363	0.000352012	0.000150763	0.00010942	8.32991e-05	6.56623e-05	6.48602e-05	4.43401e-05	3.72413e-05	3.17663e-05	2.74408e-05	2.39591e-05	2.11129e-05	1.87548e-05	1.67786e-05	1.51052e-05	1.36754e-05	
12.375	0.0546251	0.00150571	0.000620252	0.000332882	0.000342445	0.000146313	0.000106143	8.07844e-05	6.36736e-05	6.28805e-05	4.3001e-05	3.61237e-05	3.0821e-05	2.66323e-05	2.32611e-05	2.05054e-05	1.82224e-05	1.63089e-05	1.46885e-05	1.33038e-05	
12.4375	0.0535073	0.00147249	0.0006045	0.000323857	0.000333307	0.000142112	0.000103054	7.84133e-05	6.17959e-05	6.10129e-05	4.17286e-05	3.50572e-05	2.9914e-05	2.58517e-05	2.25825e-05	1.99102e-05	1.76961e-05	1.58404e-05	1.42688e-05	1.29255e-05	
12.5	0.0524151	0.00144027	0.000589361	0.000315255	0.000324563	0.000138173	0.000100183	7.62294e-05	6.00824e-05	5.93021e-05	4.0589e-05	3.41109e-05	2.91167e-05	2.5172e-05	2.19971e-05	1.94015e-05	1.72506e-05	1.54475e-05	1.392e-05	1.26142e-05	
12.5625	0.0513476	0.00140897	0.000574788	0.000307031	0.000316178	0.000134438	9.74639e-05	7.41614e-05	5.84573e-05	5.76818e-05	3.95007e-05	3.32026e-05	2.83469e-05	2.45111e-05	2.14235e-05	1.88989e-05	1.68065e-05	1.50521e-05	1.35656e-05	1.22945e-05	
12.625	0.0503043	0.00137856	0.000560741	0.000299156	0.000308124	0.000130899	9.4902e-05	7.22236e-05	5.69433e-05	5.61691e-05	3.84992e-05	3.23721e-05	2.76476e-05	2.39149e-05	2.09096e-05	1.84518e-05	1.64143e-05	1.47053e-05	1.3257e-05	1.20183e-05	
12.6875	0.0492844	0.00134898	0.000547184	0.000291599	0.000300377	0.000127527	9.24647e-05	7.038e-05	5.5501e-05	5.473e-05	3.75389e-05	3.1572e-05	2.697e-05	2.33334e-05	2.04048e-05	1.80091e-05	1.60227e-05	1.43562e-05	1.29435e-05	1.17351e-05	
12.75	0.0482874	0.0013202	0.000534088	0.000284338	0.000292917	0.000124311	9.01476e-05	6.86329e-05	5.41388e-05	5.33697e-05	3.66388e-05	3.08251e-05	2.63404e-05	2.27956e-05	1.99403e-05	1.7604e-05	1.56663e-05	1.40403e-05	1.26617e-05	1.1482e-05	
12.8125	0.0473125	0.00129218	0.000521426	0.000277352	0.000285724	0.000121233	8.79331e-05	6.69632e-05	5.28354e-05	5.20697e-05	3.57729e-05	3.01036e-05	2.57291e-05	2.22704e-05	1.94839e-05	1.72032e-05	1.53112e-05	1.37232e-05	1.23765e-05	1.12239e-05	
12.875	0.0463594	0.00126488	0.000509173	0.000270622	0.000278783	0.000118285	8.5815e-05	6.53687e-05	5.15929e-05	5.08302e-05	3.49507e-05	2.94203e-05	2.51518e-05	2.17763e-05	1.9056e-05	1.6829e-05	1.49812e-05	1.34299e-05	1.21141e-05	1.09878e-05	
12.9375	0.0454274	0.00123829	0.000497309	0.000264132	0.000272079	0.000115453	8.37824e-05	6.38384e-05	5.03991e-05	4.96409e-05	3.41574e-05	2.87587e-05	2.45907e-05	2.12936e-05	1.86359e-05	1.64596e-05	1.46535e-05	1.31369e-05	1.18502e-05	1.07486e-05	
13	0.0445159	0.00121236	0.000485813	0.000257867	0.000265599	0.00011273	8.18296e-05	6.23692e-05	4.92536e-05	4.85001e-05	3.33976e-05	2.81259e-05	2.40549e-05	2.08339e-05	1.82369e-05	1.61099e-05	1.43443e-05	1.28615e-05	1.16033e-05	1.0526e-05	
13.0625	0.0436245	0.00118709	0.000474667	0.000251815	0.000259331	0.000110107	7.99492e-05	6.0954e-05	4.81493e-05	4.74014e-05	3.26625e-05	2.75121e-05	2.35336e-05	2.03849e-05	1.78456e-05	1.57654e-05	1.40383e-05	1.25876e-05	1.13564e-05	1.03021e-05	
13.125	0.0427526	0.00116243	0.000463855	0.000245963	0.000253263	0.000107578	7.81364e-05	5.95897e-05	4.70846e-05	4.63428e-05	3.19542e-05	2.6921e-05	2.30321e-05	1.99537e-05	1.74705e-05	1.54361e-05	1.37466e-05	1.23274e-05	1.11228e-05	1.0091e-05	
13.1875	0.0418998	0.00113837	0.000453362	0.000240299	0.000247386	0.000105135	7.6386e-05	5.82717e-05	4.60552e-05	4.53202e-05	3.12674e-05	2.63467e-05	2.25437e-05	1.95325e-05	1.71031e-05	1.51122e-05	1.34587e-05	1.20695e-05	1.08902e-05	9.88001e-06	
13.25	0.0410655	0.0011149	0.000443174	0.000234816	0.000241691	0.000102774	7.46938e-05	5.69972e-05	4.50593e-05	4.43316e-05	3.06028e-05	2.5791e-05	2.20714e-05	1.91257e-05	1.67487e-05	1.48005e-05	1.31822e-05	1.18225e-05	1.06681e-05	9.67924e-06	
13.3125	0.0402494	0.00109199	0.000433276	0.000229502	0.000236169	0.000100489	7.30559e-05	5.57629e-05	4.40941e-05	4.33742e-05	2.99572e-05	2.52504e-05	2.1611e-05	1.87283e-05	1.64016e-05	1.44944e-05	1.291e-05	1.15785e-05	1.0448e-05	9.47946e-06	
13.375	0.0394509	0.00106962	0.000423658	0.00022435	0.000230812	9.82759e-05	7.14691e-05	5.45665e-05	4.31579e-05	4.24463e-05	2.93306e-05	2.47257e-05	2.11644e-05	1.83429e-05	1.60655e-05	1.41984e-05	1.26472e-05	1.13434e-05	1.02365e-05	9.28806e-06	
13.4375	0.0386697	0.00104777	0.000414308	0.000219351	0.000225613	9.61305e-05	6.99302e-05	5.34054e-05	4.22487e-05	4.15458e-05	2.87209e-05	2.42145e-05	2.07287e-05	1.79665e-05	1.57365e-05	1.39081e-05	1.23888e-05	1.11118e-05	1.00275e-05	9.09836e-06	
13.5	0.0379052	0.00102644	0.000405214	0.0002145	0.000220564	9.40492e-05	6.84366e-05	5.22779e-05	4.13652e-05	4.06713e-05	2.8128e-05	2.37173e-05	2.03049e-05	1.76005e-05	1.54169e-05	1.36264e-05	1.21385e-05	1.08878e-05	9.82569e-06	8.91567e-06	
13.5625	0.0371572	0.00100559	0.000396368	0.000209789	0.00021566	9.20286e-05	6.69858e-05	5.11819e-05	4.05057e-05	3.98212e-05	2.75504e-05	2.32325e-05	1.98912e-05	1.72428e-05	1.51042e-05	1.33503e-05	1.18927e-05	1.06674e-05	9.62681e-06	8.73515e-06	
13.625	0.0364252	0.000985231	0.000387759	0.000205211	0.000210893	9.00657e-05	6.55756e-05	5.01159e-05	3.96693e-05	3.89943e-05	2.69877e-05	2.27601e-05	1.94882e-05	1.68944e-05	1.47997e-05	1.30817e-05	1.16539e-05	1.04536e-05	9.43414e-06	8.56061e-06	
13.6875	0.0357088	0.000965332	0.000379378	0.000200761	0.00020626	8.81575e-05	6.4204e-05	4.90784e-05	3.88546e-05	3.81894e-05	2.6439e-05	2.22991e-05	1.90946e-05	1.65539e-05	1.45018e-05	1.28187e-05	1.14197e-05	1.02435e-05	9.24459e-06	8.38856e-06	
13.75	0.0350077	0.000945885	0.000371217	0.000196434	0.000201754	8.63015e-05	6.28691e-05	4.8068e-05	3.80608e-05	3.74055e-05	2.59039e-05	2.18495e-05	1.87106e-05	1.62217e-05	1.42114e-05	1.25624e-05	1.11917e-05	1.00393e-05	9.06046e-06	8.22169e-06	
13.8125	0.0343215	0.000926875	0.000363269	0.000192225	0.00019737	8.44954e-05	6.15693e-05	4.70835e-05	3.72868e-05	3.66415e-05	2.53817e-05	2.14104e-05	1.83354e-05	1.5897e-05	1.39273e-05	1.23114e-05	1.09682e-05	9.83883e-06	8.87958e-06	8.05751e-06	
13.875	0.0336498	0.000908291	0.000355525	0.000188128	0.000193104	8.2737e-05	6.0303e-05	4.61238e-05	3.65319e-05	3.58967e-05	2.48719e-05	2.09817e-05	1.79691e-05	1.558e-05	1.36499e-05	1.20665e-05	1.07503e-05	9.64354e-06	8.7035e-06	7.8979e-06	
13.9375	0.0329923	0.000890121	0.000347978	0.00018414	0.00018895	8.10241e-05	5.90688e-05	4.51879e-05	3.57953e-05	3.51703e-05	2.43741e-05	2.05628e-05	1.76111e-05	1.527e-05	1.33786e-05	1.18268e-05	1.05368e-05	9.45209e-06	8.53072e-06	7.74108e-06	
14	0.0323486	0.000872353	0.000340622	0.000180255	0.000184906	7.9355e-05	5.78654e-05	4.42747e-05	3.50763e-05	3.44614e-05	2.38878e-05	2.01536e-05	1.72613e-05	1.49671e-05	1.31135e-05	1.15927e-05	1.03284e-05	9.26529e-06	8.36225e-06	7.58833e-06	
14.0625	0.0317185	0.000854976	0.000333449	0.000176471	0.000180966	7.77279e-05	5.66915e-05	4.33835e-05	3.43741e-05	3.37695e-05	2.34127e-05	1.97537e-05	1.69193e-05	1.46709e-05	1.28542e-05	1.13636e-05	1.01244e-05	9.08228e-06	8.19709e-06	7.43844e-06	
14.125	0.0311016	0.00083798	0.000326454	0.000172784	0.000177128	7.6141e-05	5.5546e-05	4.25133e-05	3.36883e-05	3.30938e-05	2.29483e-05	1.93627e-05	1.65849e-05	1.43813e-05	1.26007e-05	1.11397e-05	9.92496e-06	8.90351e-06	8.03583e-06	7.29219e-06	
14.1875	0.0304976	0.000821355	0.000319631	0.000169189	0.000173387	7.4593e-05	5.44278e-05	4.16636e-05	3.30182e-05	3.24338e-05	2.24943e-05	1.89804e-05	1.62579e-05	1.4098e-05	1.23527e-05	1.09205e-05	9.72977e-06	8.72846e-06	7.87786e-06	7.14884e-06	
14.25	0.0299062	0.00080509	0.000312975	0.000165683	0.00016974	7.30823e-05	5.33361e-05	4.08334e-05	3.23634e-05	3.1789e-05	2.20505e-05	1.86065e-05	1.59381e-05	1.38209e-05	1.211e-05	1.07062e-05	9.53889e-06	8.55729e-06	7.72343e-06	7.00876e-06	
14.3125	0.0293271	0.000789175	0.000306479	0.000162264	0.000166184	7.16076e-05	5.22697e-05	4.00222e-05	3.17233e-05	3.11588e-05	2.16164e-05	1.82408e-05	1.56252e-05	1.35499e-05	1.18727e-05	1.04964e-05	9.35209e-06	8.38976e-06	7.57226e-06	6.87159e-06	
14.375	0.0287601	0.000773603	0.000300138	0.000158929	0.000162715	7.01677e-05	5.12279e-05	3.92293e-05	3.10974e-05	3.05428e-05	2.11918e-05	1.78831e-05	1.53191e-05	1.32846e-05	1.16404e-05	1.02911e-05	9.16926e-06	8.22579e-06	7.42431e-06	6.73737e-06	
14.4375	0.0282048	0.000758363	0.000293949	0.000155673	0.000159331	6.87612e-05	5.02098e-05	3.84541e-05	3.04853e-05	2.99405e-05	2.07764e-05	1.75331e-05	1.50196e-05	1.30251e-05	1.14131e-05	1.00903e-05	8.99041e-06	8.0654e-06	7.27958e-06	6.60606e-06	
14.5	0.027661	0.000743447	0.000287905	0.000152495	0.000156029	6.7387e-05	4.92146e-05	3.76961e-05	2.98866e-05	2.93514e-05	2.037e-05	1.71905e-05	1.47264e-05	1.2771e-05	1.11906e-05	9.89365e-06	8.81521e-06	7.90826e-06	7.13777e-06	6.47738e-06	
14.5625	0.0271284	0.000728847	0.000282002	0.000149393	0.000152805	6.60441e-05	4.82415e-05	3.69547e-05	2.93009e-05	2.87751e-05	1.99722e-05	1.68553e-05	1.44395e-05	1.25224e-05	1.09729e-05	9.7013e-06	8.64391e-06	7.75465e-06	6.99918e-06	6.35166e-06	
14.625	0.0266068	0.000714554	0.000276237	0.000146362	0.000149658	6.47313e-05	4.72899e-05	3.62294e-05	2.87277e-05	2.82113e-05	1.95829e-05	1.65271e-05	1.41586e-05	1.22789e-05	1.07596e-05	9.51276e-06	8.47594e-06	7.60397e-06	6.86318e-06	6.22824e-06	
14.6875	0.0260958	0.000700561	0.000270604	0.000143402	0.000146585	6.34478e-05	4.63591e-05	3.55197e-05	2.81667e-05	2.76595e-05	1.92018e-05	1.62059e-05	1.38837e-05	1.20407e-05	1.0551e-05	9.32846e-06	8.31183e-06	7.45681e-06	6.73043e-06	6.10783e-06	
14.75	0.0255954	0.000686859	0.000265099	0.00014051	0.000143583	6.21925e-05	4.54483e-05	3.48251e-05	2.76176e-05	2.71194e-05	1.88286e-05	1.58913e-05	1.36143e-05	1.18072e-05	1.03465e-05	9.14761e-06	8.15069e-06	7.31224e-06	6.59992e-06	5.98937e-06	
14.8125	0.0251052	0.000673442	0.000259719	0.000137683	0.000140651	6.09645e-05	4.4557e-05	3.41451e-05	2.70799e-05	2.65906e-05	1.84633e-05	1.55833e-05	1.33508e-05	1.15788e-05	1.01465e-05	8.97097e-06	7.99342e-06	7.17125e-06	6.47276e-06	5.87405e-06	
14.875	0.0246251	0.000660302	0.00025446	0.000134919	0.000137784	5.97628e-05	4.36845e-05	3.34793e-05	2.65534e-05	2.60727e-05	1.81053e-05	1.52814e-05	1.30923e-05	1.13547e-05	9.95016e-06	8.79737e-06	7.83871e-06	7.03242e-06	6.34742e-06	5.76026e-06	
14.9375	0.0241547	0.000647432	0.000249317	0.000132216	0.000134983	5.85867e-05	4.28302e-05	3.28272e-05	2.60377e-05	2.55655e-05	1.77548e-05	1.4986e-05	1.28395e-05	1.11357e-05	9.75845e-06	8.62803e-06	7.68797e-06	6.89732e-06	6.22558e-06	5.6498e-06	
15	0.0236938	0.000634824	0.000244288	0.000129573	0.000132243	5.74352e-05	4.19934e-05	3.21884e-05	2.55322e-05	2.50684e-05	1.7411e-05	1.46961e-05	1.25912e-05	1.09204e-05	9.56979e-06	8.46121e-06	7.53929e-06	6.76387e-06	6.10508e-06	5.54038e-06	
15.0625	0.0232423	0.000622472	0.000239368	0.000126987	0.000129564	5.63074e-05	4.11737e-05	3.15625e-05	2.50371e-05	2.45813e-05	1.70745e-05	1.44125e-05	1.23486e-05	1.07103e-05	9.3859e-06	8.29882e-06	7.39478e-06	6.63439e-06	5.98836e-06	5.43459e-06	
15.125	0.0228	0.000610369	0.000234555	0.000124455	0.000126943	5.52025e-05	4.03703e-05	3.09487e-05	2.45513e-05	2.41036e-05	1.6744e-05	1.41337e-05	1.21098e-05	1.05032e-05	9.20438e-06	8.13828e-06	7.25166e-06	6.50592e-06	5.87232e-06	5.3292e-06	
15.1875	0.0223666	0.000598508	0.000229844	0.000121977	0.000124378	5.41197e-05	3.95827e-05	3.03472e-05	2.40754e-05	2.36353e-05	1.64206e-05	1.38613e-05	1.18768e-05	1.03015e-05	9.02791e-06	7.98252e-06	7.11311e-06	6.38183e-06	5.7605e-06	5.2279e-06	
15.25	0.0219419	0.000586882	0.000225231	0.00011955	0.000121866	5.30579e-05	3.88099e-05	2.97565e-05	2.36077e-05	2.31752e-05	1.61022e-05	1.35926e-05	1.16466e-05	1.01018e-05	8.85286e-06	7.82766e-06	6.97503e-06	6.25785e-06	5.64849e-06	5.12615e-06	
15.3125	0.0215257	0.000575484	0.000220715	0.000117172	0.000119406	5.20164e-05	3.80519e-05	2.91774e-05	2.31496e-05	2.27242e-05	1.57911e-05	1.33306e-05	1.14226e-05	9.90798e-06	8.68339e-06	7.67816e-06	6.84212e-06	6.13888e-06	5.54135e-06	5.02914e-06	
15.375	0.021118	0.000564308	0.00021629	0.000114841	0.000116996	5.09938e-05	3.73069e-05	2.86075e-05	2.2698e-05	2.22799e-05	1.54832e-05	1.30708e-05	1.12e-05	9.71475e-06	8.51394e-06	7.52822e-06	6.70838e-06	6.01876e-06	5.43281e-06	4.93051e-06	
15.4375	0.0207183	0.000553347	0.000211953	0.000112555	0.000114633	4.99898e-05	3.65757e-05	2.80487e-05	2.2256e-05	2.18444e-05	1.51833e-05	1.28183e-05	1.09843e-05	9.52824e-06	8.35098e-06	7.38456e-06	6.58076e-06	5.90461e-06	5.33008e-06	4.83756e-06	
15.5	0.0203267	0.000542592	0.000207701	0.00011031	0.000112314	4.90015e-05	3.58546e-05	2.74964e-05	2.1818e-05	2.14131e-05	1.48841e-05	1.25656e-05	1.07676e-05	9.34006e-06	8.18587e-06	7.23839e-06	6.45034e-06	5.78743e-06	5.22416e-06	4.74128e-06	
15.5625	0.0199428	0.000532036	0.000203528	0.000108106	0.000110037	4.80304e-05	3.51469e-05	2.69555e-05	2.13901e-05	2.09912e-05	1.4594e-05	1.23216e-05	1.05592e-05	9.16004e-06	8.02871e-06	7.09996e-06	6.32747e-06	5.67763e-06	5.12544e-06	4.65205e-06	
15.625	0.0195666	0.00052167	0.00019943	0.000105937	0.000107799	4.70694e-05	3.44439e-05	2.64158e-05	2.09613e-05	2.05688e-05	1.43001e-05	1.2073e-05	1.03458e-05	8.97456e-06	7.86583e-06	6.95564e-06	6.1986e-06	5.56177e-06	5.02064e-06	4.55673e-06	
15.6875	0.0191979	0.000511485	0.000195401	0.000103802	0.000105596	4.61254e-05	3.37554e-05	2.58894e-05	2.05448e-05	2.01574e-05	1.40177e-05	1.18356e-05	1.01432e-05	8.79959e-06	7.71318e-06	6.8213e-06	6.07947e-06	5.45541e-06	4.92512e-06	4.4705e-06	
15.75	0.0188364	0.000501466	0.000191431	0.00010169	0.00010342	4.51789e-05	3.30597e-05	2.53532e-05	2.01171e-05	1.97359e-05	1.37228e-05	1.15855e-05	9.92801e-06	8.61212e-06	7.54821e-06	6.67485e-06	5.94846e-06	5.33743e-06	4.81824e-06	4.37314e-06	
15.8125	0.0184819	0.000491598	0.000187518	9.96081e-05	0.000101273	4.4253e-05	3.2383e-05	2.48349e-05	1.97065e-05	1.93296e-05	1.34439e-05	1.13508e-05	9.72766e-06	8.43905e-06	7.39722e-06	6.542e-06	5.8307e-06	5.23236e-06	4.72395e-06	4.28811e-06	
15.875	0.0181344	0.000481852	0.000183619	9.75064e-05	9.91177e-05	4.32896e-05	3.16684e-05	2.42793e-05	1.926e-05	1.88893e-05	1.31314e-05	1.10841e-05	9.49671e-06	8.23668e-06	7.21812e-06	6.38213e-06	5.68693e-06	5.10223e-06	4.60547e-06	4.17968e-06	
15.9375	0.0177935	0.00047222	0.000179779	9.54479e-05	9.69985e-05	4.23599e-05	3.09844e-05	2.37525e-05	1.88404e-05	1.84733e-05	1.28436e-05	1.0841e-05	9.28844e-06	8.05619e-06	7.06019e-06	6.2428e-06	5.56313e-06	4.99155e-06	4.50598e-06	4.08981e-06	
16	0.0174587	0.000462292	0.000175643	9.31248e-05	9.46475e-05	4.12144e-05	3.01074e-05	2.30502e-05	1.82599e-05	1.79035e-05	1.24155e-05	1.04668e-05	8.95671e-06	7.75894e-06	6.79138e-06	5.99781e-06	5.33834e-06	4.78406e-06	4.31347e-06	3.91038e-06	
16.0625	0.0169739	0.000445924	0.000168285	8.87225e-05	9.03623e-05	3.88541e-05	2.82448e-05	2.15226e-05	1.69726e-05	1.6668e-05	1.14406e-05	9.60562e-06	8.18738e-06	7.06537e-06	6.16136e-06	5.42183e-06	4.80885e-06	4.29493e-06	3.8597e-06	3.48782e-06	
16.125	0.0165044	0.000431027	0.000161929	8.5104e-05	8.67679e-05	3.7083e-05	2.69046e-05	2.04671e-05	1.61175e-05	1.58342e-05	1.08413e-05	9.09579e-06	7.74859e-06	6.6842e-06	5.82769e-06	5.12781e-06	4.54833e-06	4.06297e-06	3.65232e-06	3.30172e-06	
16.1875	0.016049	0.000416782	0.000155905	8.16992e-05	8.33711e-05	3.54374e-05	2.56662e-05	1.94965e-05	1.53344e-05	1.50676e-05	1.02948e-05	8.63137e-06	7.34885e-06	6.33653e-06	5.5226e-06	4.85804e-06	4.30816e-06	3.84787e-06	3.45861e-06	3.12643e-06	
16.25	0.0156071	0.000403236	0.000150309	7.86123e-05	8.02575e-05	3.40141e-05	2.4619e-05	1.86936e-05	1.47004e-05	1.44415e-05	9.87059e-06	8.27824e-06	7.05105e-06	6.08272e-06	5.30434e-06	4.66888e-06	4.14311e-06	3.70298e-06	3.33074e-06	3.01302e-06	
16.3125	0.0151781	0.000390267	0.000145003	7.57022e-05	7.73144e-05	3.26801e-05	2.36387e-05	1.79419e-05	1.41059e-05	1.38544e-05	9.46991e-06	7.94291e-06	6.76637e-06	5.83815e-06	5.09208e-06	4.48298e-06	3.97899e-06	3.55704e-06	3.20012e-06	2.89541e-06	
16.375	0.0147617	0.000377839	0.000139991	7.29937e-05	7.45558e-05	3.14764e-05	2.27673e-05	1.72834e-05	1.35925e-05	1.33449e-05	9.13327e-06	7.66486e-06	6.53334e-06	5.64048e-06	4.92265e-06	4.33644e-06	3.8512e-06	3.44481e-06	3.1009e-06	2.80717e-06	
16.4375	0.0143574	0.000365908	0.000135224	7.04328e-05	7.19417e-05	3.03422e-05	2.19452e-05	1.66604e-05	1.31047e-05	1.28617e-05	8.80909e-06	7.39487e-06	6.30492e-06	5.44469e-06	4.75291e-06	4.18782e-06	3.71993e-06	3.32794e-06	2.99611e-06	2.71262e-06	
16.5	0.0139649	0.000354443	0.000130689	6.80198e-05	6.94679e-05	2.92946e-05	2.11936e-05	1.60964e-05	1.26672e-05	1.2427e-05	8.52376e-06	7.15934e-06	6.10742e-06	5.27688e-06	4.6087e-06	4.06267e-06	3.61036e-06	3.23126e-06	2.91022e-06	2.63583e-06	
16.5625	0.0135836	0.000343415	0.000126363	6.573e-05	6.7116e-05	2.83029e-05	2.04806e-05	1.55592e-05	1.22482e-05	1.2012e-05	8.24635e-06	6.92829e-06	5.91176e-06	5.10889e-06	4.46276e-06	3.93457e-06	3.4969e-06	3.12997e-06	2.81914e-06	2.55341e-06	
16.625	0.0132134	0.000332799	0.000122232	6.35572e-05	6.48785e-05	2.73735e-05	1.98165e-05	1.50621e-05	1.1863e-05	1.16297e-05	7.99458e-06	6.71996e-06	5.73652e-06	4.95947e-06	4.33386e-06	3.82224e-06	3.39815e-06	3.04246e-06	2.74107e-06	2.48332e-06	
16.6875	0.0128538	0.000322573	0.000118281	6.14881e-05	6.27447e-05	2.649e-05	1.91838e-05	1.45865e-05	1.14923e-05	1.1263e-05	7.74884e-06	6.5149e-06	5.56248e-06	4.80967e-06	4.20339e-06	3.70742e-06	3.29621e-06	2.95124e-06	2.65887e-06	2.4088e-06	
16.75	0.0125045	0.000312717	0.000114498	5.95157e-05	6.07076e-05	2.56539e-05	1.85872e-05	1.41397e-05	1.11456e-05	1.09197e-05	7.52111e-06	6.32584e-06	5.4029e-06	4.67312e-06	4.08518e-06	3.60407e-06	3.20505e-06	2.87023e-06	2.58639e-06	2.34356e-06	
16.8125	0.0121652	0.000303214	0.000110872	5.76315e-05	5.87598e-05	2.4856e-05	1.80166e-05	1.37109e-05	1.08111e-05	1.05894e-05	7.29862e-06	6.13977e-06	5.24462e-06	4.53659e-06	3.96602e-06	3.49901e-06	3.11162e-06	2.7865e-06	2.51084e-06	2.275e-06	
16.875	0.0118355	0.000294045	0.000107393	5.58294e-05	5.68953e-05	2.40958e-05	1.7474e-05	1.33039e-05	1.04944e-05	1.02765e-05	7.08946e-06	5.96558e-06	5.09714e-06	4.41003e-06	3.85616e-06	3.40273e-06	3.02651e-06	2.71071e-06	2.44291e-06	2.21375e-06	
16.9375	0.0115153	0.000285197	0.000104053	5.41033e-05	5.51087e-05	2.33679e-05	1.69533e-05	1.29121e-05	1.01884e-05	9.97493e-06	6.88518e-06	5.7944e-06	4.95127e-06	4.28401e-06	3.74602e-06	3.30551e-06	2.93996e-06	2.63308e-06	2.37283e-06	2.15012e-06	
17	0.0112041	0.000276653	0.000100842	5.24481e-05	5.3395e-05	2.26711e-05	1.64553e-05	1.25377e-05	9.8963e-06	9.68702e-06	6.69124e-06	5.63245e-06	4.81381e-06	4.16578e-06	3.64321e-06	3.21524e-06	2.86005e-06	2.56183e-06	2.30889e-06	2.09242e-06	
17.0625	0.0109018	0.000268402	9.77555e-05	5.08591e-05	5.17496e-05	2.2002e-05	1.59761e-05	1.21766e-05	9.61367e-06	9.40895e-06	6.50198e-06	5.47361e-06	4.67828e-06	4.04857e-06	3.54068e-06	3.12468e-06	2.77939e-06	2.48946e-06	2.24354e-06	2.03307e-06	
17.125	0.010608	0.00026043	9.47848e-05	4.93322e-05	5.01687e-05	2.13592e-05	1.55158e-05	1.18298e-05	9.34244e-06	9.14207e-06	6.32106e-06	5.3222e-06	4.54953e-06	3.93766e-06	3.44409e-06	3.03977e-06	2.70414e-06	2.4223e-06	2.18323e-06	1.9786e-06	
17.1875	0.0103225	0.000252726	9.19244e-05	4.78637e-05	4.86484e-05	2.07405e-05	1.50721e-05	1.14947e-05	9.07974e-06	8.88398e-06	6.14467e-06	5.174e-06	4.42297e-06	3.82813e-06	3.34823e-06	2.95508e-06	2.62869e-06	2.3546e-06	2.12209e-06	1.92308e-06	
17.25	0.010045	0.000245278	8.91686e-05	4.645e-05	4.71855e-05	2.01446e-05	1.46445e-05	1.11719e-05	8.82666e-06	8.63534e-06	5.97522e-06	5.03196e-06	4.30202e-06	3.72381e-06	3.25729e-06	2.87506e-06	2.55773e-06	2.29123e-06	2.06514e-06	1.87162e-06	
17.3125	0.00977531	0.000238076	8.6512e-05	4.50882e-05	4.57767e-05	1.957e-05	1.42315e-05	1.08595e-05	8.58136e-06	8.39462e-06	5.81016e-06	4.89317e-06	4.18343e-06	3.62114e-06	3.16742e-06	2.79565e-06	2.48699e-06	2.22775e-06	2.00783e-06	1.81957e-06	
17.375	0.00951321	0.000231111	8.39499e-05	4.37754e-05	4.44193e-05	1.90154e-05	1.38328e-05	1.05578e-05	8.34443e-06	8.16212e-06	5.65107e-06	4.75964e-06	4.0696e-06	3.52288e-06	3.08169e-06	2.72017e-06	2.42e-06	2.1679e-06	1.95402e-06	1.77093e-06	
17.4375	0.00925844	0.000224372	8.14776e-05	4.25089e-05	4.31106e-05	1.84797e-05	1.34471e-05	1.02656e-05	8.11465e-06	7.93683e-06	5.49619e-06	4.62933e-06	3.95822e-06	3.42644e-06	2.99727e-06	2.64558e-06	2.35356e-06	2.10829e-06	1.9002e-06	1.72207e-06	
17.5	0.0090108	0.000217851	7.90911e-05	4.12865e-05	4.18482e-05	1.7962e-05	1.30741e-05	9.98284e-06	7.89229e-06	7.71884e-06	5.34654e-06	4.50361e-06	3.85097e-06	3.33379e-06	2.91639e-06	2.57433e-06	2.2903e-06	2.05174e-06	1.84933e-06	1.67607e-06	
17.5625	0.00877006	0.000211539	7.67862e-05	4.01059e-05	4.06298e-05	1.74612e-05	1.2713e-05	9.70881e-06	7.67653e-06	7.50745e-06	5.20093e-06	4.38106e-06	3.7462e-06	3.24307e-06	2.83697e-06	2.50417e-06	2.22781e-06	1.99569e-06	1.79875e-06	1.63015e-06	
17.625	0.00853603	0.000205429	7.45594e-05	3.89651e-05	3.94532e-05	1.69766e-05	1.23633e-05	9.44332e-06	7.46747e-06	7.30265e-06	5.05999e-06	4.26257e-06	3.64505e-06	3.15564e-06	2.76062e-06	2.43687e-06	2.16804e-06	1.94223e-06	1.75065e-06	1.58664e-06	
17.6875	0.0083085	0.000199513	7.24072e-05	3.78622e-05	3.83166e-05	1.65074e-05	1.20244e-05	9.18582e-06	7.26455e-06	7.10393e-06	4.9229e-06	4.14716e-06	3.54638e-06	3.0702e-06	2.68584e-06	2.37082e-06	2.10923e-06	1.88949e-06	1.70306e-06	1.54345e-06	
17.75	0.00808729	0.000193783	7.03262e-05	3.67954e-05	3.72181e-05	1.6053e-05	1.16959e-05	8.93612e-06	7.06773e-06	6.91122e-06	4.79004e-06	4.0354e-06	3.45093e-06	2.98767e-06	2.61372e-06	2.30724e-06	2.05273e-06	1.83894e-06	1.65755e-06	1.50227e-06	
17.8125	0.00787221	0.000188232	6.83134e-05	3.57632e-05	3.6156e-05	1.56126e-05	1.13773e-05	8.69381e-06	6.87662e-06	6.72416e-06	4.66084e-06	3.92662e-06	3.35793e-06	2.90715e-06	2.54326e-06	2.24501e-06	1.99733e-06	1.78928e-06	1.61276e-06	1.46163e-06	
17.875	0.00766307	0.000182855	6.63661e-05	3.4764e-05	3.51287e-05	1.51856e-05	1.10683e-05	8.45867e-06	6.69114e-06	6.54261e-06	4.5355e-06	3.82114e-06	3.2678e-06	2.82919e-06	2.47511e-06	2.18491e-06	1.9439e-06	1.74146e-06	1.56969e-06	1.42264e-06	
17.9375	0.00745971	0.000177643	6.44813e-05	3.37964e-05	3.41345e-05	1.47716e-05	1.07684e-05	8.23039e-06	6.51098e-06	6.36632e-06	4.41365e-06	3.71854e-06	3.18008e-06	2.75325e-06	2.40867e-06	2.12625e-06	1.8917e-06	1.69467e-06	1.5275e-06	1.38439e-06	
18	0.00726196	0.000172593	6.26565e-05	3.2859e-05	3.31723e-05	1.437e-05	1.04774e-05	8.00874e-06	6.33602e-06	6.19513e-06	4.29532e-06	3.61892e-06	3.09495e-06	2.67958e-06	2.34425e-06	2.06941e-06	1.84116e-06	1.64942e-06	1.48673e-06	1.34746e-06	
18.0625	0.00706965	0.000167697	6.08893e-05	3.19506e-05	3.22404e-05	1.39803e-05	1.01948e-05	7.79347e-06	6.16606e-06	6.02885e-06	4.18032e-06	3.52209e-06	3.01217e-06	2.60793e-06	2.28158e-06	2.01409e-06	1.79194e-06	1.60533e-06	1.44699e-06	1.31143e-06	
18.125	0.00688262	0.00016295	5.91774e-05	3.10701e-05	3.13378e-05	1.3602e-05	9.92044e-06	7.58435e-06	6.00092e-06	5.8673e-06	4.06856e-06	3.42798e-06	2.93171e-06	2.53828e-06	2.22066e-06	1.96032e-06	1.7441e-06	1.56248e-06	1.40837e-06	1.27643e-06	
18.1875	0.00670072	0.000158346	5.75185e-05	3.02162e-05	3.04632e-05	1.32348e-05	9.65393e-06	7.3812e-06	5.84046e-06	5.71033e-06	3.95998e-06	3.33656e-06	2.85356e-06	2.47066e-06	2.16153e-06	1.90814e-06	1.6977e-06	1.52092e-06	1.37092e-06	1.2425e-06	
18.25	0.00652381	0.000153881	5.59105e-05	2.93879e-05	2.96154e-05	1.28782e-05	9.39502e-06	7.18377e-06	5.68449e-06	5.55777e-06	3.85436e-06	3.24759e-06	2.77748e-06	2.40477e-06	2.10387e-06	1.85723e-06	1.65239e-06	1.48032e-06	1.33431e-06	1.20931e-06	
18.3125	0.00635173	0.00014955	5.43515e-05	2.85842e-05	2.87934e-05	1.25318e-05	9.14346e-06	6.99192e-06	5.53293e-06	5.40952e-06	3.7518e-06	3.16125e-06	2.70369e-06	2.34094e-06	2.04808e-06	1.80801e-06	1.60864e-06	1.44115e-06	1.29904e-06	1.17737e-06	
18.375	0.00618435	0.000145348	5.28395e-05	2.78042e-05	2.79962e-05	1.21953e-05	8.89895e-06	6.80539e-06	5.38552e-06	5.26536e-06	3.65193e-06	3.07709e-06	2.6317e-06	2.27858e-06	1.99348e-06	1.75978e-06	1.56569e-06	1.40265e-06	1.2643e-06	1.14585e-06	
18.4375	0.00602153	0.000141269	5.13727e-05	2.7047e-05	2.72226e-05	1.18682e-05	8.66131e-06	6.62411e-06	5.2423e-06	5.12526e-06	3.55503e-06	2.99553e-06	2.56202e-06	2.21832e-06	1.94083e-06	1.71337e-06	1.52445e-06	1.36575e-06	1.23109e-06	1.11579e-06	
18.5	0.00586315	0.000137311	4.99493e-05	2.63115e-05	2.64718e-05	1.15503e-05	8.43023e-06	6.44776e-06	5.10289e-06	4.98893e-06	3.46053e-06	2.91588e-06	2.49385e-06	2.15925e-06	1.88909e-06	1.66763e-06	1.4837e-06	1.32919e-06	1.19809e-06	1.08584e-06	
18.5625	0.00570907	0.000133468	4.85676e-05	2.55971e-05	2.57429e-05	1.12413e-05	8.20557e-06	6.27636e-06	4.96749e-06	4.85646e-06	3.36896e-06	2.83883e-06	2.42806e-06	2.10238e-06	1.83942e-06	1.62387e-06	1.44484e-06	1.29445e-06	1.16683e-06	1.05757e-06	
18.625	0.00555917	0.000129736	4.7226e-05	2.49029e-05	2.5035e-05	1.09407e-05	7.98699e-06	6.10951e-06	4.83556e-06	4.72745e-06	3.27946e-06	2.76337e-06	2.36345e-06	2.04635e-06	1.79033e-06	1.58045e-06	1.40613e-06	1.2597e-06	1.13544e-06	1.02906e-06	
18.6875	0.00541333	0.000126112	4.5923e-05	2.42281e-05	2.43472e-05	1.06484e-05	7.77444e-06	5.94736e-06	4.70748e-06	4.60213e-06	3.19292e-06	2.69059e-06	2.30134e-06	1.9927e-06	1.7435e-06	1.53922e-06	1.36955e-06	1.22701e-06	1.10606e-06	1.00251e-06	
18.75	0.00527143	0.000122591	4.46569e-05	2.35719e-05	2.36788e-05	1.03639e-05	7.56749e-06	5.78933e-06	4.5825e-06	4.47991e-06	3.10808e-06	2.61901e-06	2.24001e-06	1.93949e-06	1.69684e-06	1.49792e-06	1.33271e-06	1.19391e-06	1.07614e-06	9.75306e-07	
18.8125	0.00513336	0.00011917	4.34263e-05	2.29335e-05	2.30288e-05	1.00871e-05	7.36621e-06	5.63583e-06	4.46131e-06	4.36129e-06	3.02629e-06	2.55029e-06	2.18141e-06	1.88891e-06	1.65274e-06	1.45912e-06	1.29831e-06	1.16321e-06	1.04857e-06	9.50418e-07	
18.875	0.00499902	0.000115844	4.22297e-05	2.23123e-05	2.23965e-05	9.81739e-06	7.16999e-06	5.48597e-06	4.34275e-06	4.24535e-06	2.94572e-06	2.48227e-06	2.1231e-06	1.83828e-06	1.6083e-06	1.41976e-06	1.26316e-06	1.13161e-06	1.01997e-06	9.24396e-07	
18.9375	0.00486829	0.000112611	4.10657e-05	2.17075e-05	2.1781e-05	9.55488e-06	6.97919e-06	5.34054e-06	4.22803e-06	4.13299e-06	2.86845e-06	2.41741e-06	2.06785e-06	1.79065e-06	1.56681e-06	1.38331e-06	1.23089e-06	1.10283e-06	9.94165e-07	9.01123e-07	
19	0.00474107	0.000109466	3.99328e-05	2.11183e-05	2.11817e-05	9.2988e-06	6.79279e-06	5.19813e-06	4.11531e-06	4.02276e-06	2.79175e-06	2.35261e-06	2.01225e-06	1.74233e-06	1.52436e-06	1.34567e-06	1.19724e-06	1.07255e-06	9.66735e-07	8.7614e-07	
19.0625	0.00461726	0.000106407	3.88295e-05	2.0544e-05	2.05977e-05	9.04942e-06	6.61165e-06	5.06021e-06	4.00665e-06	3.91624e-06	2.71877e-06	2.29145e-06	1.96023e-06	1.69755e-06	1.48542e-06	1.3115e-06	1.16704e-06	1.04566e-06	9.42654e-07	8.54457e-07	
19.125	0.00449676	0.000103428	3.77545e-05	1.99838e-05	2.00282e-05	8.80555e-06	6.43406e-06	4.92445e-06	3.89912e-06	3.81108e-06	2.64548e-06	2.22946e-06	1.90699e-06	1.65123e-06	1.44468e-06	1.27534e-06	1.13468e-06	1.0165e-06	9.16215e-07	8.30349e-07	
19.1875	0.00437948	0.000100528	3.67062e-05	1.94369e-05	1.94724e-05	8.56806e-06	6.26176e-06	4.79349e-06	3.79614e-06	3.70998e-06	2.57659e-06	2.17185e-06	1.85809e-06	1.60923e-06	1.40823e-06	1.24343e-06	1.10652e-06	9.91481e-07	8.93852e-07	8.10253e-07	
19.25	0.00426533	9.77017e-05	3.5683e-05	1.89023e-05	1.89292e-05	8.33477e-06	6.09172e-06	4.66338e-06	3.69298e-06	3.60907e-06	2.5061e-06	2.11218e-06	1.80677e-06	1.56453e-06	1.36887e-06	1.20845e-06	1.07518e-06	9.63208e-07	8.68183e-07	7.86819e-07	
19.3125	0.00415421	9.49459e-05	3.46834e-05	1.83795e-05	1.83979e-05	8.10783e-06	5.92738e-06	4.53876e-06	3.59526e-06	3.51294e-06	2.4411e-06	2.05798e-06	1.76091e-06	1.52524e-06	1.33488e-06	1.17876e-06	1.04906e-06	9.40066e-07	8.47555e-07	7.68332e-07	
19.375	0.00404603	9.22563e-05	3.37053e-05	1.78666e-05	1.78771e-05	7.88298e-06	5.76319e-06	4.41291e-06	3.49532e-06	3.41513e-06	2.37261e-06	1.99991e-06	1.71091e-06	1.48164e-06	1.29644e-06	1.14456e-06	1.01838e-06	9.12344e-07	8.22354e-07	7.45294e-07	
19.4375	0.00394071	8.96289e-05	3.27472e-05	1.73639e-05	1.73663e-05	7.66501e-06	5.60578e-06	4.29394e-06	3.40237e-06	3.32344e-06	2.31126e-06	1.94896e-06	1.66797e-06	1.445e-06	1.26486e-06	1.1171e-06	9.94309e-07	8.9111e-07	8.03505e-07	7.28473e-07	
19.5	0.00383816	8.70587e-05	3.18058e-05	1.68673e-05	1.68627e-05	7.44535e-06	5.44482e-06	4.17022e-06	3.30388e-06	3.22696e-06	2.24347e-06	1.89141e-06	1.61834e-06	1.40166e-06	1.2266e-06	1.08301e-06	9.63689e-07	8.63409e-07	7.78287e-07	7.05386e-07	
19.5625	0.0037383	8.45405e-05	3.08801e-05	1.63797e-05	1.6367e-05	7.23433e-06	5.29295e-06	4.0559e-06	3.21497e-06	3.13888e-06	2.18535e-06	1.8434e-06	1.5781e-06	1.36753e-06	1.19735e-06	1.05773e-06	9.41681e-07	8.44118e-07	7.61279e-07	6.90314e-07	
19.625	0.00364104	8.20676e-05	2.99632e-05	1.58906e-05	1.58724e-05	7.01429e-06	5.13073e-06	3.9306e-06	3.11482e-06	3.04064e-06	2.116e-06	1.78438e-06	1.52711e-06	1.32292e-06	1.1579e-06	1.02252e-06	9.10005e-07	8.15419e-07	7.35112e-07	6.6632e-07	
19.6875	0.0035463	7.96328e-05	2.90576e-05	1.54113e-05	1.53847e-05	6.8071e-06	4.98205e-06	3.81913e-06	3.02852e-06	2.95467e-06	2.0602e-06	1.73861e-06	1.48904e-06	1.29089e-06	1.1307e-06	9.99241e-07	8.89939e-07	7.98025e-07	7.19958e-07	6.53061e-07	
19.75	0.00345399	7.72216e-05	2.81415e-05	1.4912e-05	1.48832e-05	6.57543e-06	4.80943e-06	3.68462e-06	2.92023e-06	2.84827e-06	1.98432e-06	1.67375e-06	1.43277e-06	1.24148e-06	1.08687e-06	9.60009e-07	8.54548e-07	7.65877e-07	6.90577e-07	6.26061e-07	
19.8125	0.00336401	7.48296e-05	2.72378e-05	1.44298e-05	1.43924e-05	6.36561e-06	4.65878e-06	3.57177e-06	2.83308e-06	2.76084e-06	1.92847e-06	1.62825e-06	1.39524e-06	1.21023e-06	1.06065e-06	9.3787e-07	8.35768e-07	7.49889e-07	6.7693e-07	6.14394e-07	
19.875	0.00327625	7.2389e-05	2.62586e-05	1.38737e-05	1.3841e-05	6.09256e-06	4.45104e-06	3.40695e-06	2.69826e-06	2.62841e-06	1.83139e-06	1.5443e-06	1.32165e-06	1.14499e-06	1.00227e-06	8.85195e-07	7.87902e-07	7.06119e-07	6.36682e-07	5.77199e-07	
19.9375	0.00319056	6.99777e-05	2.53179e-05	1.3359e-05	1.33205e-05	5.86054e-06	4.28239e-06	3.27941e-06	2.59907e-06	2.52825e-06	1.76733e-06	1.4921e-06	1.27867e-06	1.10935e-06	9.72553e-07	8.60345e-07	7.67086e-07	6.88685e-07	6.22109e-07	5.65064e-07	
20	0.0031061	6.6984e-05	2.3932e-05	1.24887e-05	1.24874e-05	5.36834e-06	3.88711e-06	2.95056e-06	2.31849e-06	2.25598e-06	1.55015e-06	1.29831e-06	1.10384e-06	9.50194e-07	8.26586e-07	7.25613e-07	6.42036e-07	5.72056e-07	5.12867e-07	4.6235e-07	
