Numero de iteracoes: 12
Erro: 9.44867e-07
Tempo de Resolucao do Problema: 878.798 segundos
/////////////////////////////////////////////
Posicao	Fluxo Escalar
	Grupo de Energia 1	Grupo de Energia 2	Grupo de Energia 3	Grupo de Energia 4	Grupo de Energia 5	Grupo de Energia 6	Grupo de Energia 7	Grupo de Energia 8	Grupo de Energia 9	Grupo de Energia 10	Grupo de Energia 11	Grupo de Energia 12	Grupo de Energia 13	Grupo de Energia 14	Grupo de Energia 15	Grupo de Energia 16	Grupo de Energia 17	Grupo de Energia 18	Grupo de Energia 19	Grupo de Energia 20
0	0.505563	0.00191664	0.00101861	0.000648951	0.000631187	0.000349144	0.000273012	0.000220935	0.00018343	0.000183105	0.000134861	0.000117402	0.000103451	9.20626e-05	8.26164e-05	7.46761e-05	6.79258e-05	6.21306e-05	5.71113e-05	5.27304e-05	
0.0625	0.499319	0.00210668	0.00114905	0.000748317	0.000712334	0.00041662	0.000330929	0.000271621	0.000228448	0.000224366	0.000171656	0.000151023	0.000134388	0.000120696	0.000109251	9.95592e-05	9.12626e-05	8.40922e-05	7.78423e-05	7.2354e-05	
0.125	0.493289	0.0022819	0.00126593	0.000835006	0.000784307	0.000472658	0.000377933	0.000311861	0.000263441	0.000256896	0.000199146	0.000175674	0.000156662	0.000140953	0.000127777	0.000116586	0.00010698	9.86569e-05	9.13869e-05	8.49902e-05	
0.1875	0.487461	0.00244385	0.00137124	0.000911377	0.000848615	0.00052023	0.000417223	0.000345044	0.000291959	0.000283648	0.000221133	0.000195241	0.000174231	0.000156847	0.00014225	0.000129842	0.000119184	0.000109945	0.000101871	9.47644e-05	
0.25	0.481825	0.00259389	0.00146663	0.000979287	0.000906485	0.000561408	0.000450902	0.000373271	0.000316073	0.0003064	0.000239581	0.000211615	0.000188904	0.000170101	0.000154306	0.000140873	0.000129331	0.000119323	0.000110573	0.00010287	
0.3125	0.47637	0.00273322	0.00155347	0.0010402	0.000958911	0.00059765	0.00048037	0.000397864	0.00033702	0.000326244	0.000255548	0.000225766	0.000201567	0.000181524	0.00016468	0.000150351	0.000138033	0.000127348	0.000118004	0.000109774	
0.375	0.471088	0.0028629	0.00163293	0.00109527	0.00100671	0.000629993	0.000506571	0.000419677	0.000355562	0.000343872	0.000269641	0.000238233	0.0002127	0.000191545	0.00017376	0.000158624	0.000145609	0.000134316	0.000124437	0.000115733	
0.4375	0.465968	0.00298389	0.00170597	0.00114542	0.00105053	0.000659181	0.000530157	0.000439274	0.000372192	0.000359735	0.000282231	0.000249342	0.000222596	0.000200427	0.000181783	0.000165913	0.000152262	0.000140416	0.000130051	0.000120918	
0.5	0.461004	0.00309701	0.00177339	0.00119137	0.00109094	0.000685758	0.000551588	0.000457044	0.000387237	0.000374137	0.000293567	0.000259315	0.00023145	0.000208348	0.000188915	0.000172371	0.000158139	0.000145786	0.000134978	0.000125455	
0.5625	0.456185	0.003203	0.0018359	0.00123373	0.00112837	0.000710128	0.000571196	0.000473264	0.000400932	0.000387295	0.000303825	0.000268308	0.000239408	0.000215443	0.000195282	0.000178117	0.00016335	0.000150533	0.00013932	0.000129441	
0.625	0.451506	0.00330252	0.00189405	0.00127296	0.00116319	0.000732597	0.000589228	0.000488138	0.000413452	0.00039937	0.000313141	0.000276446	0.000246583	0.000221818	0.000200984	0.000183245	0.000167986	0.000154744	0.000143159	0.000132954	
0.6875	0.446959	0.00339616	0.00194833	0.00130944	0.00119571	0.000753401	0.000605876	0.000501825	0.000424931	0.000410487	0.000321623	0.000283828	0.000253068	0.000227559	0.0002061	0.000187832	0.000172119	0.000158485	0.00014656	0.000136057	
0.75	0.442537	0.00348443	0.00199917	0.0013435	0.00122618	0.000772726	0.000621288	0.000514449	0.000435479	0.000420745	0.000329361	0.000290536	0.000258939	0.000232738	0.0002107	0.000191941	0.00017581	0.000161815	0.000149577	0.000138801	
0.8125	0.438235	0.00356778	0.00204691	0.00137539	0.00125483	0.000790723	0.000635588	0.000526116	0.000445187	0.000430226	0.000336429	0.00029664	0.00026426	0.000237416	0.000214839	0.000195626	0.000179109	0.000164781	0.000152255	0.000141228	
0.875	0.434046	0.00364664	0.00209185	0.00140533	0.00128182	0.000807515	0.000648876	0.000536912	0.000454132	0.000439	0.000342892	0.000302198	0.000269088	0.000241643	0.000218567	0.000198933	0.000182057	0.000167423	0.000154633	0.000143375	
0.9375	0.429965	0.00372136	0.00213425	0.00143349	0.00130731	0.000823205	0.000661238	0.00054691	0.000462381	0.000447127	0.000348805	0.000307263	0.00027347	0.000245465	0.000221924	0.0002019	0.000184693	0.000169776	0.000156742	0.000145273	
1	0.425986	0.00379227	0.00217433	0.00146003	0.00133142	0.000837881	0.000672749	0.000556178	0.000469992	0.000454659	0.000354217	0.000311879	0.000277447	0.00024892	0.000224947	0.00020456	0.000187047	0.000171869	0.00015861	0.000146947	
1.0625	0.422105	0.00385966	0.00221228	0.00148508	0.00135428	0.000851622	0.000683472	0.000564771	0.000477016	0.000461642	0.000359171	0.000316085	0.000281056	0.000252041	0.000227666	0.000206943	0.000189147	0.000173727	0.000160262	0.00014842	
1.125	0.418317	0.00392379	0.00224827	0.00150875	0.00137596	0.000864492	0.000693467	0.000572739	0.000483499	0.000468117	0.000363705	0.000319917	0.000284327	0.000254859	0.000230108	0.000209074	0.000191015	0.000175373	0.000161718	0.000149712	
1.1875	0.414618	0.00398489	0.00228244	0.00153114	0.00139657	0.000876552	0.000702783	0.00058013	0.000489482	0.000474121	0.000367851	0.000323404	0.00028729	0.000257398	0.000232299	0.000210976	0.000192674	0.000176827	0.000162996	0.000150841	
1.25	0.411003	0.00404317	0.00231491	0.00155233	0.00141615	0.000887855	0.000711467	0.000586982	0.000495	0.000479686	0.000371639	0.000326574	0.00028997	0.000259681	0.000234259	0.000212667	0.000194142	0.000178105	0.000164114	0.000151821	
1.3125	0.40747	0.00409881	0.00234581	0.00157239	0.00143479	0.000898448	0.000719559	0.000593333	0.000500087	0.000484842	0.000375097	0.00032945	0.000292388	0.000261731	0.000236007	0.000214167	0.000195434	0.000179223	0.000165084	0.000152666	
1.375	0.404013	0.00415199	0.00237522	0.0015914	0.00145254	0.000908375	0.000727098	0.000599216	0.000504773	0.000489617	0.000378249	0.000332056	0.000294565	0.000263564	0.000237561	0.00021549	0.000196566	0.000180195	0.000165921	0.000153388	
1.4375	0.40063	0.00420286	0.00240324	0.00160941	0.00146945	0.000917674	0.000734118	0.00060466	0.000509083	0.000494033	0.000381115	0.000334411	0.000296519	0.000265197	0.000238934	0.000216651	0.000197551	0.000181033	0.000166635	0.000153997	
1.5	0.397317	0.00425154	0.00242995	0.00162648	0.00148555	0.000926383	0.000740649	0.000609694	0.000513043	0.000498114	0.000383715	0.000336531	0.000298265	0.000266645	0.000240142	0.000217662	0.0001984	0.000181748	0.000167237	0.000154504	
1.5625	0.394072	0.00429817	0.0024554	0.00164265	0.0015009	0.000934533	0.000746721	0.000614341	0.000516673	0.00050188	0.000386068	0.000338434	0.000299818	0.000267921	0.000241195	0.000218535	0.000199124	0.000182349	0.000167736	0.000154917	
1.625	0.390891	0.00434286	0.00247968	0.00165797	0.00151552	0.000942154	0.000752359	0.000618626	0.000519996	0.000505348	0.000388189	0.000340134	0.000301192	0.000269038	0.000242107	0.000219279	0.000199733	0.000182845	0.00016814	0.000155243	
1.6875	0.387772	0.0043857	0.00250283	0.00167248	0.00152946	0.000949275	0.000757586	0.000622569	0.000523028	0.000508536	0.000390093	0.000341644	0.000302399	0.000270007	0.000242885	0.000219905	0.000200235	0.000183246	0.000168456	0.00015549	
1.75	0.384713	0.00442679	0.0025249	0.00168622	0.00154274	0.000955922	0.000762427	0.000626188	0.000525787	0.00051146	0.000391793	0.000342976	0.000303449	0.000270837	0.000243541	0.000220421	0.000200637	0.000183556	0.000168691	0.000155663	
1.8125	0.381709	0.00446621	0.00254596	0.00169922	0.00155539	0.000962117	0.000766899	0.000629503	0.000528288	0.000514133	0.000393302	0.000344142	0.000304353	0.000271538	0.000244082	0.000220834	0.000200948	0.000183784	0.000168852	0.000155769	
1.875	0.378761	0.00450405	0.00256603	0.00171152	0.00156743	0.000967883	0.000771024	0.000632528	0.000530546	0.000516569	0.000394631	0.000345151	0.00030512	0.000272117	0.000244515	0.000221152	0.000201173	0.000183935	0.000168943	0.000155812	
1.9375	0.375864	0.00454036	0.00258515	0.00172314	0.0015789	0.00097324	0.000774817	0.000635279	0.000532573	0.00051878	0.00039579	0.000346013	0.000305758	0.000272584	0.000244848	0.00022138	0.000201319	0.000184015	0.00016897	0.000155797	
2	0.373018	0.00457521	0.00260338	0.00173411	0.0015898	0.000978208	0.000778294	0.000637771	0.000534383	0.000520777	0.000396789	0.000346736	0.000306276	0.000272944	0.000245087	0.000221525	0.00020139	0.000184028	0.000168937	0.000155728	
2.0625	0.37022	0.00460866	0.00262073	0.00174446	0.00160017	0.000982802	0.000781472	0.000640014	0.000535985	0.00052257	0.000397637	0.000347328	0.000306678	0.000273204	0.000245238	0.000221591	0.000201391	0.000183979	0.000168849	0.000155609	
2.125	0.367468	0.00464076	0.00263725	0.00175421	0.00161002	0.000987041	0.000784362	0.000642023	0.00053739	0.00052417	0.000398341	0.000347797	0.000306974	0.00027337	0.000245306	0.000221585	0.000201327	0.000183871	0.000168708	0.000155443	
2.1875	0.364761	0.00467157	0.00265296	0.00176339	0.00161936	0.000990939	0.00078698	0.000643807	0.000538608	0.000525584	0.000398908	0.000348148	0.000307168	0.000273447	0.000245295	0.000221509	0.000201202	0.000183709	0.000168519	0.000155233	
2.25	0.362097	0.00470112	0.00266789	0.00177201	0.00162823	0.000994509	0.000789335	0.000645376	0.000539648	0.000526821	0.000399347	0.000348388	0.000307265	0.00027344	0.000245211	0.000221368	0.00020102	0.000183496	0.000168284	0.000154983	
2.3125	0.359474	0.00472946	0.00268206	0.0017801	0.00163662	0.000997766	0.000791439	0.000646741	0.000540517	0.000527889	0.000399662	0.000348523	0.000307271	0.000273353	0.000245058	0.000221166	0.000200783	0.000183235	0.000168006	0.000154694	
2.375	0.356892	0.00475662	0.0026955	0.00178767	0.00164456	0.00100072	0.000793302	0.000647909	0.000541223	0.000528794	0.00039986	0.000348557	0.00030719	0.000273191	0.000244838	0.000220906	0.000200495	0.000182929	0.000167688	0.00015437	
2.4375	0.354347	0.00478265	0.00270823	0.00179475	0.00165206	0.00100339	0.000794934	0.000648888	0.000541774	0.000529543	0.000399946	0.000348495	0.000307027	0.000272957	0.000244556	0.000220591	0.000200158	0.000182579	0.000167331	0.000154011	
2.5	0.351841	0.00480757	0.00272028	0.00180134	0.00165913	0.00100577	0.000796343	0.000649687	0.000542174	0.000530142	0.000399924	0.000348341	0.000306784	0.000272655	0.000244214	0.000220223	0.000199776	0.000182188	0.000166938	0.000153619	
2.5625	0.34937	0.0048314	0.00273165	0.00180746	0.00166578	0.00100788	0.000797538	0.000650311	0.000542431	0.000530596	0.0003998	0.0003481	0.000306467	0.000272287	0.000243814	0.000219805	0.000199349	0.000181758	0.00016651	0.000153197	
2.625	0.346933	0.00485419	0.00274237	0.00181312	0.00167203	0.00100974	0.000798525	0.000650767	0.000542549	0.000530911	0.000399576	0.000347774	0.000306076	0.000271857	0.00024336	0.00021934	0.000198879	0.000181291	0.000166049	0.000152745	
2.6875	0.344531	0.00487595	0.00275246	0.00181835	0.00167788	0.00101134	0.000799312	0.000651061	0.000542533	0.000531089	0.000399257	0.000347367	0.000305616	0.000271365	0.000242854	0.000218828	0.000198369	0.000180788	0.000165557	0.000152264	
2.75	0.342161	0.00489669	0.00276193	0.00182315	0.00168334	0.00101269	0.000799904	0.000651197	0.000542387	0.000531137	0.000398845	0.000346881	0.000305088	0.000270816	0.000242296	0.000218271	0.00019782	0.00018025	0.000165033	0.000151756	
2.8125	0.339822	0.00491645	0.00277079	0.00182752	0.00168842	0.0010138	0.000800307	0.00065118	0.000542116	0.000531057	0.000398344	0.000346319	0.000304494	0.000270209	0.000241689	0.000217671	0.000197232	0.000179678	0.000164479	0.000151221	
2.875	0.337514	0.00493524	0.00277905	0.00183149	0.00169313	0.00101468	0.000800526	0.000651014	0.000541722	0.000530852	0.000397755	0.000345683	0.000303837	0.000269547	0.000241033	0.000217029	0.000196607	0.000179073	0.000163895	0.00015066	
2.9375	0.335235	0.00495307	0.00278673	0.00183506	0.00169747	0.00101534	0.000800565	0.000650703	0.000541208	0.000530524	0.000397081	0.000344974	0.000303117	0.000268831	0.00024033	0.000216344	0.000195945	0.000178435	0.000163282	0.000150072	
3	0.332986	0.00496996	0.00279383	0.00183823	0.00170145	0.00101577	0.000800427	0.000650249	0.000540576	0.000530077	0.000396323	0.000344193	0.000302335	0.000268061	0.00023958	0.000215619	0.000195246	0.000177765	0.00016264	0.000149458	
3.0625	0.330764	0.00498591	0.00280035	0.00184101	0.00170507	0.00101598	0.000800117	0.000649655	0.000539829	0.000529511	0.000395481	0.00034334	0.000301491	0.000267238	0.000238783	0.000214852	0.000194511	0.000177061	0.000161968	0.000148817	
3.125	0.328568	0.00500092	0.00280631	0.00184341	0.00170834	0.00101597	0.000799635	0.000648922	0.000538967	0.000528828	0.000394556	0.000342417	0.000300587	0.000266361	0.000237939	0.000214043	0.000193738	0.000176325	0.000161266	0.000148149	
3.1875	0.3264	0.00501502	0.00281171	0.00184543	0.00171124	0.00101575	0.000798982	0.000648051	0.000537991	0.000528028	0.000393549	0.000341423	0.00029962	0.00026543	0.000237047	0.000213192	0.000192928	0.000175554	0.000160534	0.000147453	
3.25	0.324256	0.00502818	0.00281653	0.00184706	0.00171379	0.00101531	0.00079816	0.000647041	0.0005369	0.00052711	0.000392457	0.000340357	0.000298591	0.000264444	0.000236106	0.000212297	0.000192078	0.000174747	0.000159768	0.000146727	
3.3125	0.322138	0.00504042	0.00282079	0.0018483	0.00171597	0.00101466	0.000797166	0.000645892	0.000535693	0.000526074	0.000391281	0.000339216	0.000297497	0.0002634	0.000235115	0.000211356	0.000191186	0.000173903	0.000158969	0.000145969	
3.375	0.320044	0.00505173	0.00282446	0.00184915	0.00171779	0.00101378	0.000795997	0.000644601	0.000534368	0.000524915	0.000390016	0.000337999	0.000296335	0.000262297	0.000234069	0.000210367	0.000190251	0.000173018	0.000158132	0.000145178	
3.4375	0.317973	0.00506209	0.00282754	0.00184959	0.00171922	0.00101267	0.000794649	0.000643164	0.00053292	0.000523632	0.000388659	0.000336701	0.000295102	0.00026113	0.000232966	0.000209326	0.000189268	0.00017209	0.000157255	0.000144348	
3.5	0.315925	0.00507149	0.00283001	0.00184961	0.00172025	0.00101133	0.000793111	0.000641571	0.000531343	0.000522216	0.000387205	0.000335318	0.000293793	0.000259894	0.000231801	0.000208227	0.000188232	0.000171113	0.000156333	0.000143477	
3.5625	0.313899	0.00507992	0.00283185	0.00184919	0.00172086	0.00100973	0.000791369	0.000639813	0.000529626	0.000520657	0.000385645	0.000333842	0.000292401	0.000258583	0.000230567	0.000207066	0.000187138	0.000170082	0.00015536	0.000142557	
3.625	0.311895	0.00508735	0.00283302	0.00184829	0.00172103	0.00100784	0.000789403	0.000637871	0.000527755	0.00051894	0.000383968	0.000332262	0.000290915	0.000257187	0.000229255	0.000205832	0.000185977	0.000168987	0.000154327	0.000141582	
3.6875	0.309912	0.00509376	0.00283348	0.00184687	0.00172072	0.00100564	0.000787179	0.000635716	0.000525705	0.000517041	0.000382154	0.000330561	0.000289321	0.000255692	0.000227852	0.000204513	0.000184736	0.000167818	0.000153224	0.000140539	
3.75	0.307949	0.0050991	0.00283319	0.00184487	0.00171989	0.00100306	0.000784646	0.000633303	0.000523436	0.000514919	0.000380172	0.000328711	0.000287592	0.000254075	0.000226336	0.000203091	0.000183398	0.000166557	0.000152034	0.000139414	
3.8125	0.306007	0.00510334	0.00283208	0.00184223	0.00171847	0.00100003	0.000781729	0.00063056	0.000520881	0.000512512	0.000377966	0.000326662	0.000285685	0.000252296	0.000224672	0.000201531	0.000181932	0.000165176	0.00015073	0.00013818	
3.875	0.304084	0.00510642	0.00283008	0.00183884	0.00171641	0.00099642	0.00077831	0.000627371	0.000517928	0.000509712	0.000375433	0.000324316	0.000283508	0.00025027	0.000222782	0.000199762	0.000180272	0.000163615	0.000149257	0.000136787	
3.9375	0.30218	0.00510829	0.00282708	0.00183458	0.0017136	0.000992073	0.000774206	0.000623546	0.00051438	0.000506344	0.000372372	0.000321478	0.000280869	0.00024781	0.000220484	0.000197609	0.000178251	0.000161713	0.000147463	0.000135092	
4	0.300295	0.00510887	0.00282297	0.0018293	0.00170994	0.000986737	0.000769135	0.000618772	0.000509897	0.000502107	0.000368388	0.000317729	0.000277332	0.000244463	0.000217309	0.000194591	0.000175375	0.000158966	0.000144835	0.000132572	
4.0625	0.296738	0.00508837	0.00280087	0.00180862	0.00169401	0.000969623	0.000753619	0.000604638	0.000496959	0.000489976	0.000357323	0.000307473	0.000267783	0.000235538	0.000208938	0.000186716	0.000167946	0.00015194	0.000138173	0.000126243	
4.125	0.293251	0.00507014	0.00278162	0.00179103	0.00168041	0.000955766	0.000741324	0.000593676	0.000487131	0.000480672	0.00034926	0.000300142	0.000261084	0.000229392	0.000203279	0.000181486	0.000163098	0.000147432	0.000133971	0.000122317	
4.1875	0.28983	0.00505358	0.00276435	0.00177544	0.00166837	0.000943741	0.000730721	0.000584269	0.000478731	0.000472708	0.000342407	0.000293919	0.000255403	0.000224181	0.000198478	0.000177047	0.000158978	0.000143598	0.000130391	0.000118965	
4.25	0.286474	0.00503822	0.00274845	0.00176117	0.00165738	0.000932836	0.000721126	0.000575776	0.000471165	0.000465524	0.000336272	0.000288367	0.000250354	0.000219569	0.00019425	0.000173158	0.000155391	0.000140278	0.000127312	0.000116102	
4.3125	0.283179	0.00502369	0.00273351	0.00174781	0.00164711	0.000922677	0.000712211	0.000567909	0.000464181	0.000458879	0.000330658	0.00028331	0.000245776	0.000215409	0.000190454	0.000169683	0.000152198	0.000137337	0.000124595	0.000113585	
4.375	0.279944	0.00500971	0.00271921	0.00173506	0.00163734	0.000913059	0.0007038	0.000560517	0.00045765	0.000452647	0.000325456	0.000278645	0.000241572	0.000211603	0.000186997	0.000166529	0.000149312	0.000134687	0.000122155	0.000111332	
4.4375	0.276767	0.00499607	0.00270536	0.00172276	0.00162791	0.000903858	0.00069579	0.000553511	0.000451488	0.000446751	0.000320591	0.0002743	0.000237672	0.000208086	0.000183811	0.000163633	0.00014667	0.000132269	0.000119935	0.000109288	
4.5	0.273644	0.00498258	0.0026918	0.00171079	0.00161871	0.000894995	0.000688111	0.000546827	0.000445635	0.000441136	0.000316007	0.000270221	0.000234023	0.000204806	0.00018085	0.000160949	0.000144228	0.00013004	0.000117893	0.000107413	
4.5625	0.270576	0.00496913	0.00267843	0.00169906	0.00160967	0.000886413	0.000680714	0.000540417	0.000440046	0.000435761	0.000311663	0.000266368	0.000230586	0.000201726	0.000178077	0.000158442	0.000141953	0.000127968	0.000116	0.000105677	
4.625	0.267559	0.00495561	0.00266518	0.00168752	0.00160075	0.000878071	0.00067356	0.000534245	0.000434686	0.000430595	0.000307524	0.000262709	0.000227332	0.000198817	0.000175464	0.000156086	0.000139819	0.000126028	0.00011423	0.000104058	
4.6875	0.264593	0.00494196	0.00265198	0.00167613	0.0015919	0.000869939	0.000666618	0.000528281	0.000429525	0.000425611	0.000303565	0.000259218	0.000224236	0.000196056	0.00017299	0.000153858	0.000137806	0.000124201	0.000112567	0.000102539	
4.75	0.261675	0.00492811	0.00263881	0.00166486	0.0015831	0.00086199	0.000659864	0.000522502	0.000424542	0.000420788	0.000299763	0.000255875	0.000221278	0.000193423	0.000170636	0.000151743	0.000135897	0.000122472	0.000110994	0.000101104	
4.8125	0.258804	0.00491402	0.00262563	0.00165369	0.00157433	0.000854205	0.000653278	0.000516887	0.000419717	0.00041611	0.000296102	0.000252663	0.000218442	0.000190905	0.000168387	0.000149726	0.00013408	0.000120827	0.000109501	9.97421e-05	
4.875	0.25598	0.00489967	0.00261244	0.0016426	0.00156559	0.000846565	0.000646842	0.000511419	0.000415033	0.000411561	0.000292566	0.000249568	0.000215714	0.000188487	0.000166232	0.000147796	0.000132342	0.000119257	0.000108076	9.84445e-05	
4.9375	0.2532	0.00488504	0.0025992	0.00163158	0.00155685	0.000839057	0.000640542	0.000506086	0.000410477	0.00040713	0.000289143	0.000246578	0.000213084	0.000186159	0.00016416	0.000145942	0.000130676	0.000117753	0.000106712	9.7203e-05	
5	0.250464	0.00487011	0.00258593	0.00162062	0.00154811	0.000831668	0.000634366	0.000500875	0.000406038	0.000402805	0.000285822	0.000243684	0.000210542	0.000183913	0.000162163	0.000144157	0.000129073	0.000116307	0.000105402	9.6011e-05	
5.0625	0.24777	0.00485488	0.0025726	0.00160971	0.00153937	0.000824389	0.000628305	0.000495776	0.000401705	0.000398579	0.000282594	0.000240875	0.00020808	0.000181739	0.000160234	0.000142434	0.000127527	0.000114913	0.000104139	9.48631e-05	
5.125	0.245117	0.00483933	0.00255921	0.00159885	0.00153063	0.000817211	0.000622348	0.00049078	0.000397472	0.000394443	0.000279452	0.000238145	0.00020569	0.000179632	0.000158365	0.000140767	0.000126032	0.000113565	0.00010292	9.37546e-05	
5.1875	0.242504	0.00482348	0.00254577	0.00158803	0.00152187	0.000810126	0.000616489	0.000485879	0.000393329	0.000390392	0.000276389	0.000235488	0.000203366	0.000177586	0.000156551	0.000139151	0.000124583	0.000112261	0.000101739	9.26815e-05	
5.25	0.239931	0.00480732	0.00253227	0.00157725	0.0015131	0.000803128	0.000610721	0.000481068	0.000389271	0.000386418	0.000273398	0.000232898	0.000201104	0.000175596	0.000154789	0.000137581	0.000123177	0.000110994	0.000100593	9.16403e-05	
5.3125	0.237396	0.00479087	0.00251871	0.0015665	0.00150432	0.000796211	0.000605039	0.00047634	0.000385292	0.000382517	0.000270475	0.000230369	0.000198898	0.000173657	0.000153073	0.000136053	0.000121809	0.000109763	9.94795e-05	9.06282e-05	
5.375	0.234898	0.00477411	0.00250509	0.00155578	0.00149552	0.000789372	0.000599436	0.000471691	0.000381386	0.000378685	0.000267614	0.000227898	0.000196744	0.000171765	0.0001514	0.000134564	0.000120476	0.000108563	9.83947e-05	8.96427e-05	
5.4375	0.232436	0.00475706	0.00249142	0.00154509	0.0014867	0.000782605	0.000593909	0.000467115	0.000377551	0.000374918	0.000264813	0.00022548	0.000194639	0.000169917	0.000149767	0.000133111	0.000119176	0.000107393	9.73367e-05	8.86814e-05	
5.5	0.23001	0.00473973	0.00247769	0.00153443	0.00147787	0.000775907	0.000588455	0.000462609	0.00037378	0.000371211	0.000262066	0.000223112	0.000192578	0.00016811	0.00014817	0.000131691	0.000117906	0.00010625	9.63033e-05	8.77424e-05	
5.5625	0.227619	0.00472213	0.00246391	0.00152379	0.00146903	0.000769275	0.000583068	0.000458169	0.000370072	0.000367562	0.000259371	0.000220791	0.00019056	0.000166342	0.000146608	0.000130303	0.000116663	0.000105133	9.52927e-05	8.68241e-05	
5.625	0.225262	0.00470426	0.00245008	0.00151318	0.00146016	0.000762706	0.000577746	0.000453793	0.000366423	0.000363968	0.000256725	0.000218514	0.000188582	0.000164608	0.000145078	0.000128943	0.000115447	0.000104039	9.43032e-05	8.5925e-05	
5.6875	0.222938	0.00468613	0.00243619	0.0015026	0.00145129	0.000756197	0.000572487	0.000449476	0.000362829	0.000360426	0.000254125	0.000216279	0.000186641	0.000162909	0.000143578	0.00012761	0.000114255	0.000102966	9.33335e-05	8.50436e-05	
5.75	0.220647	0.00466775	0.00242227	0.00149204	0.0014424	0.000749747	0.000567288	0.000445216	0.000359288	0.000356933	0.000251568	0.000214082	0.000184735	0.00016124	0.000142106	0.000126302	0.000113085	0.000101915	9.23822e-05	8.4179e-05	
5.8125	0.218387	0.00464912	0.00240829	0.0014815	0.0014335	0.000743352	0.000562146	0.000441011	0.000355798	0.000353488	0.000249053	0.000211923	0.000182863	0.000159602	0.000140661	0.000125018	0.000111937	0.000100882	9.14481e-05	8.33299e-05	
5.875	0.216159	0.00463027	0.00239428	0.00147099	0.00142458	0.000737012	0.000557059	0.000436858	0.000352357	0.000350088	0.000246577	0.000209799	0.000181021	0.000157991	0.000139241	0.000123756	0.000110809	9.98671e-05	9.05302e-05	8.24955e-05	
5.9375	0.213961	0.00461118	0.00238022	0.00146051	0.00141565	0.000730724	0.000552025	0.000432756	0.000348961	0.000346732	0.000244138	0.000207708	0.00017921	0.000156407	0.000137844	0.000122516	0.0001097	9.88693e-05	8.96277e-05	8.16749e-05	
6	0.211793	0.00459188	0.00236613	0.00145005	0.00140671	0.000724488	0.000547042	0.000428702	0.00034561	0.000343418	0.000241735	0.000205649	0.000177427	0.000154848	0.00013647	0.000121295	0.000108609	9.78876e-05	8.87395e-05	8.08673e-05	
6.0625	0.209655	0.00457237	0.00235201	0.00143961	0.00139777	0.0007183	0.000542109	0.000424695	0.000342302	0.000340143	0.000239366	0.000203621	0.00017567	0.000153312	0.000135117	0.000120094	0.000107534	9.6921e-05	8.7865e-05	8.0072e-05	
6.125	0.207545	0.00455266	0.00233785	0.0014292	0.00138881	0.000712161	0.000537224	0.000420733	0.000339034	0.000336907	0.000237029	0.00020162	0.000173939	0.0001518	0.000133784	0.00011891	0.000106476	9.59687e-05	8.70034e-05	7.92884e-05	
6.1875	0.205463	0.00453275	0.00232367	0.00141882	0.00137984	0.000706068	0.000532385	0.000416814	0.000335805	0.000333708	0.000234723	0.000199648	0.000172232	0.000150309	0.00013247	0.000117743	0.000105433	9.50301e-05	8.61541e-05	7.85159e-05	
6.25	0.203409	0.00451266	0.00230946	0.00140846	0.00137087	0.00070002	0.000527591	0.000412936	0.000332614	0.000330544	0.000232447	0.000197701	0.000170548	0.000148838	0.000131174	0.000116592	0.000104404	9.41043e-05	8.53164e-05	7.77539e-05	
6.3125	0.201381	0.00449238	0.00229522	0.00139813	0.00136189	0.000694016	0.00052284	0.000409098	0.000329459	0.000327414	0.000230199	0.00019578	0.000168887	0.000147387	0.000129895	0.000115457	0.000103389	9.31909e-05	8.44897e-05	7.70018e-05	
6.375	0.199381	0.00447193	0.00228096	0.00138782	0.0013529	0.000688055	0.000518131	0.000405299	0.000326338	0.000324317	0.000227978	0.000193882	0.000167246	0.000145954	0.000128633	0.000114336	0.000102387	9.2289e-05	8.36735e-05	7.62592e-05	
6.4375	0.197406	0.00445131	0.00226667	0.00137754	0.00134391	0.000682135	0.000513462	0.000401537	0.000323251	0.000321252	0.000225782	0.000192006	0.000165625	0.000144538	0.000127386	0.000113229	0.000101397	9.13982e-05	8.28672e-05	7.55256e-05	
6.5	0.195457	0.00443052	0.00225237	0.00136729	0.00133491	0.000676256	0.000508832	0.000397811	0.000320195	0.000318216	0.000223611	0.000190153	0.000164023	0.00014314	0.000126154	0.000112135	0.000100418	9.05178e-05	8.20703e-05	7.48005e-05	
6.5625	0.193532	0.00440958	0.00223805	0.00135706	0.00132591	0.000670415	0.000504239	0.000394118	0.00031717	0.000315209	0.000221464	0.000188319	0.000162439	0.000141757	0.000124936	0.000111054	9.94512e-05	8.96473e-05	8.12822e-05	7.40834e-05	
6.625	0.191633	0.00438848	0.00222371	0.00134685	0.0013169	0.000664611	0.000499683	0.000390459	0.000314174	0.000312229	0.000219338	0.000186505	0.000160871	0.000140389	0.000123731	0.000109984	9.84942e-05	8.8786e-05	8.05026e-05	7.33739e-05	
6.6875	0.189757	0.00436724	0.00220935	0.00133667	0.00130789	0.000658843	0.00049516	0.00038683	0.000311205	0.000309276	0.000217234	0.000184709	0.00015932	0.000139035	0.000122538	0.000108925	9.7547e-05	8.79334e-05	7.97307e-05	7.26715e-05	
6.75	0.187905	0.00434585	0.00219498	0.00132651	0.00129887	0.00065311	0.000490671	0.000383231	0.000308262	0.000306347	0.000215149	0.000182931	0.000157784	0.000137693	0.000121357	0.000107876	9.66088e-05	8.70889e-05	7.89661e-05	7.19756e-05	
6.8125	0.186077	0.00432431	0.00218059	0.00131638	0.00128985	0.000647409	0.000486212	0.00037966	0.000305344	0.00030344	0.000213082	0.000181168	0.000156261	0.000136364	0.000120186	0.000106836	9.5679e-05	8.62518e-05	7.82082e-05	7.12858e-05	
6.875	0.184271	0.00430264	0.00216619	0.00130626	0.00128082	0.000641739	0.000481783	0.000376115	0.000302449	0.000300556	0.000211033	0.00017942	0.000154751	0.000135047	0.000119025	0.000105805	9.47567e-05	8.54215e-05	7.74564e-05	7.06014e-05	
6.9375	0.182487	0.00428083	0.00215177	0.00129617	0.00127179	0.000636097	0.000477381	0.000372595	0.000299575	0.000297691	0.000208999	0.000177685	0.000153253	0.000133739	0.000117873	0.000104782	9.38412e-05	8.45973e-05	7.67099e-05	6.9922e-05	
7	0.180725	0.00425887	0.00213733	0.00128609	0.00126274	0.000630482	0.000473004	0.000369097	0.00029672	0.000294844	0.00020698	0.000175963	0.000151765	0.00013244	0.000116728	0.000103765	9.29317e-05	8.37782e-05	7.59682e-05	6.92467e-05	
7.0625	0.178985	0.00423678	0.00212287	0.00127603	0.00125369	0.000624891	0.00046865	0.000365619	0.000293883	0.000292013	0.000204972	0.000174251	0.000150286	0.000131149	0.000115591	0.000102754	9.20271e-05	8.29636e-05	7.52303e-05	6.85749e-05	
7.125	0.177266	0.00421455	0.0021084	0.00126599	0.00124463	0.000619321	0.000464316	0.000362159	0.000291062	0.000289196	0.000202976	0.000172548	0.000148815	0.000129864	0.000114458	0.000101748	9.11264e-05	8.21522e-05	7.44953e-05	6.79056e-05	
7.1875	0.175568	0.00419216	0.0020939	0.00125595	0.00123555	0.000613769	0.000459999	0.000358714	0.000288253	0.000286391	0.000200988	0.000170852	0.00014735	0.000128584	0.000113329	0.000100745	9.02283e-05	8.13431e-05	7.37621e-05	6.72379e-05	
7.25	0.173891	0.00416963	0.00207937	0.00124592	0.00122645	0.000608232	0.000455696	0.000355281	0.000285453	0.000283594	0.000199006	0.000169161	0.000145888	0.000127306	0.000112203	9.9743e-05	8.93314e-05	8.05348e-05	7.30295e-05	6.65705e-05	
7.3125	0.172233	0.00414693	0.0020648	0.00123589	0.00121733	0.000602704	0.000451402	0.000351857	0.000282661	0.000280802	0.000197027	0.000167472	0.000144427	0.00012603	0.000111077	9.87412e-05	8.84339e-05	7.97257e-05	7.2296e-05	6.59021e-05	
7.375	0.170595	0.00412405	0.00205019	0.00122586	0.00120818	0.000597181	0.000447114	0.000348436	0.000279871	0.000278012	0.000195049	0.000165783	0.000142965	0.000124751	0.000109948	9.77369e-05	8.75338e-05	7.89139e-05	7.15597e-05	6.52308e-05	
7.4375	0.168976	0.00410098	0.00203553	0.00121581	0.00119899	0.000591657	0.000442825	0.000345014	0.000277079	0.000275218	0.000193066	0.000164089	0.000141499	0.000123468	0.000108814	9.67274e-05	8.66285e-05	7.80969e-05	7.08182e-05	6.45546e-05	
7.5	0.167376	0.0040777	0.00202079	0.00120574	0.00118975	0.000586124	0.000438529	0.000341585	0.000274279	0.000272416	0.000191075	0.000162386	0.000140023	0.000122175	0.000107672	9.57092e-05	8.57147e-05	7.72716e-05	7.00687e-05	6.38705e-05	
7.5625	0.165795	0.00405416	0.00200596	0.00119562	0.00118045	0.000580571	0.000434217	0.00033814	0.000271464	0.000269597	0.000189068	0.000160668	0.000138533	0.000120869	0.000106516	9.46779e-05	8.47881e-05	7.6434e-05	6.93074e-05	6.3175e-05	
7.625	0.164232	0.00403035	0.001991	0.00118544	0.00117107	0.000574986	0.000429877	0.00033467	0.000268624	0.000266754	0.000187038	0.000158927	0.000137022	0.000119542	0.00010534	9.36273e-05	8.38431e-05	7.55788e-05	6.8529e-05	6.24632e-05	
7.6875	0.162687	0.0040062	0.00197587	0.00117517	0.00116156	0.000569348	0.000425493	0.000331161	0.000265748	0.000263873	0.000184974	0.000157154	0.000135478	0.000118184	0.000104135	9.25491e-05	8.28717e-05	7.46982e-05	6.77264e-05	6.1728e-05	
7.75	0.16116	0.00398165	0.00196051	0.00116474	0.00115188	0.000563623	0.000421038	0.00032759	0.000262817	0.000260937	0.00018286	0.000155334	0.00013389	0.000116784	0.000102888	9.14313e-05	8.18623e-05	7.37811e-05	6.68888e-05	6.09593e-05	
7.8125	0.159649	0.00395663	0.00194483	0.00115409	0.00114197	0.000557755	0.000416468	0.000323921	0.000259799	0.000257912	0.000180672	0.000153444	0.000132236	0.00011532	0.000101582	9.02555e-05	8.07971e-05	7.28104e-05	6.59996e-05	6.01411e-05	
7.875	0.158156	0.00393102	0.00192872	0.00114309	0.00113172	0.000551636	0.000411688	0.000320075	0.000256627	0.000254733	0.000178362	0.000151444	0.000130481	0.000113762	0.000100184	8.89927e-05	7.96474e-05	7.17569e-05	6.50288e-05	5.92419e-05	
7.9375	0.156679	0.0039047	0.00191199	0.00113153	0.00112098	0.000545056	0.0004065	0.000315864	0.000253132	0.000251234	0.000175792	0.000149213	0.00012852	0.000112021	9.86261e-05	8.7587e-05	7.83711e-05	7.05915e-05	6.39592e-05	5.82559e-05	
8	0.155218	0.00387751	0.0018944	0.00111912	0.00110951	0.000537589	0.000400442	0.000310802	0.000248803	0.000246959	0.000172416	0.000146198	0.000125795	0.000109535	9.63402e-05	8.54709e-05	7.64009e-05	6.87479e-05	6.22266e-05	5.66211e-05	
8.0625	0.152795	0.00381819	0.00185567	0.00109135	0.00108428	0.000520349	0.000386289	0.000298864	0.000238521	0.000237012	0.000164342	0.000138972	0.00011926	0.000103576	9.08685e-05	8.04175e-05	7.17103e-05	6.43749e-05	5.81336e-05	5.27769e-05	
8.125	0.150422	0.00376252	0.00182048	0.00106692	0.00106177	0.000506178	0.000375019	0.000289647	0.000230818	0.000229449	0.000158632	0.000134	0.000114882	9.96859e-05	8.73862e-05	7.728e-05	6.88676e-05	6.17866e-05	5.57668e-05	5.06044e-05	
8.1875	0.148096	0.00370959	0.00178767	0.00104452	0.001041	0.000493495	0.000365014	0.000281516	0.000224054	0.000222792	0.000153646	0.000129663	0.000111065	9.62944e-05	8.4348e-05	7.45393e-05	6.63804e-05	5.95176e-05	5.36871e-05	4.86903e-05	
8.25	0.145815	0.00365881	0.00175659	0.00102351	0.00102144	0.000481789	0.00035585	0.000274126	0.000217957	0.000216763	0.000149232	0.000125863	0.000107755	9.33859e-05	8.17723e-05	7.22433e-05	6.43222e-05	5.76633e-05	5.20091e-05	4.71658e-05	
8.3125	0.143579	0.00360975	0.00172685	0.00100356	0.00100281	0.000470842	0.000347344	0.000267319	0.000212383	0.00021123	0.000145251	0.000122457	0.000104805	9.08055e-05	7.94962e-05	7.02208e-05	6.25134e-05	5.60363e-05	5.05382e-05	4.58297e-05	
8.375	0.141386	0.00356212	0.00169821	0.000984487	0.000984929	0.000460528	0.000339385	0.000260992	0.000207235	0.000206103	0.000141615	0.000119361	0.000102137	8.84824e-05	7.74563e-05	6.84166e-05	6.09074e-05	5.45986e-05	4.92447e-05	4.46608e-05	
8.4375	0.139235	0.00351572	0.00167051	0.000966174	0.000967699	0.000450757	0.000331893	0.00025507	0.000202441	0.000201317	0.00013826	0.000116516	9.96943e-05	8.63632e-05	7.56015e-05	6.67807e-05	5.94549e-05	5.33012e-05	4.80794e-05	4.36091e-05	
8.5	0.137124	0.00347038	0.00164365	0.000948537	0.000951045	0.000441465	0.000324806	0.000249495	0.000197948	0.000196823	0.000135139	0.00011388	9.74371e-05	8.44104e-05	7.38968e-05	6.52808e-05	5.81259e-05	5.21165e-05	4.70175e-05	4.26524e-05	
8.5625	0.135053	0.003426	0.00161755	0.000931513	0.000934912	0.000432596	0.000318074	0.000244223	0.000193715	0.000192582	0.000132217	0.000111418	9.5335e-05	8.25958e-05	7.23157e-05	6.38919e-05	5.68971e-05	5.10223e-05	4.60376e-05	4.17702e-05	
8.625	0.13302	0.0033825	0.00159214	0.000915048	0.000919257	0.000424108	0.000311659	0.000239217	0.000189709	0.000188563	0.000129467	0.000109105	9.33644e-05	8.08975e-05	7.0838e-05	6.25954e-05	5.57512e-05	5.00027e-05	4.51249e-05	4.09488e-05	
8.6875	0.131025	0.0033398	0.00156738	0.000899101	0.000904046	0.000415964	0.000305528	0.000234449	0.000185904	0.000184742	0.000126866	0.000106922	9.15066e-05	7.92984e-05	6.9448e-05	6.13766e-05	5.46745e-05	4.9045e-05	4.42679e-05	4.01776e-05	
8.75	0.129066	0.00329785	0.00154322	0.000883633	0.000889247	0.000408133	0.000299652	0.000229892	0.000182277	0.000181098	0.000124396	0.000104852	8.97467e-05	7.77847e-05	6.8133e-05	6.02242e-05	5.36565e-05	4.81396e-05	4.34575e-05	3.94482e-05	
8.8125	0.127142	0.00325662	0.00151963	0.000868612	0.000874835	0.000400589	0.00029401	0.000225528	0.00017881	0.000177612	0.000122041	0.000102881	8.80724e-05	7.63455e-05	6.6883e-05	5.91288e-05	5.2689e-05	4.72789e-05	4.26869e-05	3.87542e-05	
8.875	0.125253	0.00321606	0.00149657	0.000854011	0.000860787	0.00039331	0.000288581	0.000221338	0.000175487	0.000174271	0.00011979	0.000100998	8.64736e-05	7.49714e-05	6.56898e-05	5.80831e-05	5.17651e-05	4.64567e-05	4.19505e-05	3.80907e-05	
8.9375	0.123398	0.00317614	0.00147403	0.000839804	0.000847082	0.000386275	0.000283347	0.000217306	0.000172295	0.00017106	0.000117632	9.91932e-05	8.49418e-05	7.36551e-05	6.45465e-05	5.70809e-05	5.08794e-05	4.56682e-05	4.12438e-05	3.74537e-05	
9	0.121576	0.00313684	0.00145197	0.000825969	0.000833704	0.000379468	0.000278295	0.000213421	0.000169223	0.00016797	0.000115558	9.74591e-05	8.347e-05	7.23902e-05	6.34477e-05	5.61174e-05	5.00274e-05	4.49092e-05	4.05633e-05	3.68398e-05	
9.0625	0.119787	0.00309813	0.00143038	0.000812486	0.000820635	0.000372873	0.00027341	0.00020967	0.00016626	0.00016499	0.000113559	9.57886e-05	8.20522e-05	7.11715e-05	6.23887e-05	5.51882e-05	4.92054e-05	4.41766e-05	3.9906e-05	3.62465e-05	
9.125	0.118028	0.00305999	0.00140923	0.000799337	0.000807861	0.000366477	0.00026868	0.000206043	0.000163397	0.000162112	0.00011163	9.41761e-05	8.06834e-05	6.99945e-05	6.13654e-05	5.42901e-05	4.84104e-05	4.34677e-05	3.92695e-05	3.56716e-05	
9.1875	0.116301	0.00302241	0.0013885	0.000786505	0.000795369	0.000360266	0.000264096	0.000202532	0.000160628	0.000159328	0.000109764	9.26166e-05	7.93591e-05	6.88554e-05	6.03747e-05	5.342e-05	4.76399e-05	4.27801e-05	3.86518e-05	3.51134e-05	
9.25	0.114603	0.00298536	0.00136818	0.000773976	0.000783146	0.000354231	0.000259648	0.000199128	0.000157944	0.000156632	0.000107957	9.11056e-05	7.80757e-05	6.77509e-05	5.94136e-05	5.25756e-05	4.68915e-05	4.21119e-05	3.80513e-05	3.45704e-05	
9.3125	0.112935	0.00294884	0.00134825	0.000761736	0.000771181	0.000348361	0.000255327	0.000195825	0.000155341	0.000154017	0.000106203	8.96394e-05	7.68298e-05	6.66783e-05	5.84797e-05	5.17546e-05	4.61636e-05	4.14617e-05	3.74665e-05	3.40413e-05	
9.375	0.111296	0.00291281	0.0013287	0.000749772	0.000759465	0.000342648	0.000251127	0.000192615	0.000152812	0.000151478	0.0001045	8.82147e-05	7.56187e-05	6.56351e-05	5.7571e-05	5.09553e-05	4.54546e-05	4.08279e-05	3.68963e-05	3.35252e-05	
9.4375	0.109684	0.00287728	0.00130951	0.000738073	0.000747986	0.000337082	0.000247039	0.000189493	0.000150353	0.000149011	0.000102844	8.68286e-05	7.44399e-05	6.46192e-05	5.66856e-05	5.01761e-05	4.4763e-05	4.02095e-05	3.63396e-05	3.30211e-05	
9.5	0.1081	0.00284223	0.00129068	0.000726628	0.000736737	0.000331656	0.000243058	0.000186454	0.00014796	0.00014661	0.000101232	8.54786e-05	7.32912e-05	6.36288e-05	5.5822e-05	4.94158e-05	4.40878e-05	3.96055e-05	3.57957e-05	3.25284e-05	
9.5625	0.106543	0.00280765	0.00127218	0.000715427	0.00072571	0.000326364	0.000239179	0.000183494	0.000145629	0.000144273	9.96599e-05	8.41623e-05	7.21708e-05	6.26623e-05	5.49789e-05	4.8673e-05	4.3428e-05	3.90149e-05	3.52636e-05	3.20462e-05	
9.625	0.105013	0.00277352	0.00125402	0.000704461	0.000714896	0.000321199	0.000235395	0.000180608	0.000143356	0.000141996	9.81268e-05	8.28777e-05	7.10768e-05	6.17182e-05	5.41549e-05	4.79468e-05	4.27826e-05	3.84371e-05	3.47429e-05	3.15742e-05	
9.6875	0.103508	0.00273984	0.00123618	0.00069372	0.000704288	0.000316155	0.000231703	0.000177792	0.000141138	0.000139774	9.66301e-05	8.16231e-05	7.00079e-05	6.07953e-05	5.3349e-05	4.72364e-05	4.21509e-05	3.78713e-05	3.42328e-05	3.11117e-05	
9.75	0.102028	0.0027066	0.00121864	0.000683198	0.000693879	0.000311227	0.000228097	0.000175042	0.000138973	0.000137607	9.51678e-05	8.03968e-05	6.89626e-05	5.98924e-05	5.25603e-05	4.65407e-05	4.15323e-05	3.7317e-05	3.37329e-05	3.06583e-05	
9.8125	0.100573	0.00267378	0.00120141	0.000672886	0.000683664	0.000306409	0.000224574	0.000172356	0.000136857	0.00013549	9.37381e-05	7.91973e-05	6.79398e-05	5.90085e-05	5.1788e-05	4.58593e-05	4.0926e-05	3.67737e-05	3.32428e-05	3.02137e-05	
9.875	0.0991416	0.00264138	0.00118446	0.000662777	0.000673636	0.000301698	0.000221129	0.00016973	0.000134788	0.000133421	9.23394e-05	7.80234e-05	6.69383e-05	5.81428e-05	5.10312e-05	4.51913e-05	4.03316e-05	3.62408e-05	3.27621e-05	2.97774e-05	
9.9375	0.0977342	0.00260939	0.00116781	0.000652864	0.000663789	0.000297087	0.00021776	0.000167161	0.000132764	0.000131398	9.09702e-05	7.68738e-05	6.59572e-05	5.72943e-05	5.02892e-05	4.45363e-05	3.97485e-05	3.5718e-05	3.22902e-05	2.93492e-05	
10	0.09635	0.0025778	0.00115143	0.00064314	0.000654118	0.000292574	0.000214464	0.000164648	0.000130783	0.000129419	8.96293e-05	7.57474e-05	6.49956e-05	5.64625e-05	4.95615e-05	4.38937e-05	3.91763e-05	3.52048e-05	3.18271e-05	2.89288e-05	
10.0625	0.0949885	0.00254661	0.00113531	0.0006336	0.000644617	0.000288155	0.000211236	0.000162187	0.000128843	0.000127481	8.83152e-05	7.46432e-05	6.40526e-05	5.56464e-05	4.88475e-05	4.3263e-05	3.86146e-05	3.47009e-05	3.13722e-05	2.85159e-05	
10.125	0.0936491	0.0025158	0.00111946	0.000624238	0.000635282	0.000283826	0.000208075	0.000159776	0.000126942	0.000125584	8.7027e-05	7.35603e-05	6.31274e-05	5.48456e-05	4.81467e-05	4.26438e-05	3.8063e-05	3.4206e-05	3.09254e-05	2.81102e-05	
10.1875	0.0923316	0.00248537	0.00110387	0.000615048	0.000626107	0.000279583	0.000204978	0.000157414	0.000125078	0.000123725	8.57635e-05	7.24979e-05	6.22195e-05	5.40595e-05	4.74585e-05	4.20356e-05	3.75211e-05	3.37198e-05	3.04864e-05	2.77115e-05	
10.25	0.0910354	0.00245531	0.00108852	0.000606025	0.000617089	0.000275423	0.000201942	0.000155099	0.000123251	0.000121903	8.45238e-05	7.14551e-05	6.13281e-05	5.32875e-05	4.67825e-05	4.14381e-05	3.69887e-05	3.3242e-05	3.00549e-05	2.73197e-05	
10.3125	0.0897601	0.00242562	0.00107342	0.000597164	0.000608223	0.000271344	0.000198964	0.000152827	0.000121459	0.000120116	8.33069e-05	7.04312e-05	6.04526e-05	5.25291e-05	4.61183e-05	4.0851e-05	3.64655e-05	3.27724e-05	2.96307e-05	2.69345e-05	
10.375	0.0885053	0.00239628	0.00105855	0.000588459	0.000599504	0.000267342	0.000196044	0.000150599	0.0001197	0.000118363	8.21119e-05	6.94254e-05	5.95925e-05	5.17838e-05	4.54655e-05	4.02738e-05	3.5951e-05	3.23106e-05	2.92136e-05	2.65557e-05	
10.4375	0.0872707	0.0023673	0.00104391	0.000579907	0.000590929	0.000263414	0.000193177	0.000148412	0.000117972	0.000116642	8.09382e-05	6.84373e-05	5.87471e-05	5.10512e-05	4.48237e-05	3.97063e-05	3.54451e-05	3.18565e-05	2.88034e-05	2.61831e-05	
10.5	0.0860557	0.00233866	0.00102949	0.000571502	0.000582494	0.000259558	0.000190363	0.000146264	0.000116276	0.000114953	7.97848e-05	6.7466e-05	5.79161e-05	5.03309e-05	4.41925e-05	3.91481e-05	3.49475e-05	3.14098e-05	2.83999e-05	2.58165e-05	
10.5625	0.08486	0.00231036	0.0010153	0.00056324	0.000574193	0.000255772	0.0001876	0.000144154	0.000114609	0.000113293	7.8651e-05	6.6511e-05	5.70988e-05	4.96224e-05	4.35717e-05	3.8599e-05	3.4458e-05	3.09702e-05	2.80028e-05	2.54558e-05	
10.625	0.0836832	0.0022824	0.00100132	0.000555118	0.000566025	0.000252052	0.000184886	0.000142082	0.000112971	0.000111663	7.75361e-05	6.55718e-05	5.62949e-05	4.89254e-05	4.29608e-05	3.80587e-05	3.39762e-05	3.05377e-05	2.76121e-05	2.51009e-05	
10.6875	0.0825251	0.00225476	0.000987544	0.00054713	0.000557985	0.000248397	0.000182218	0.000140044	0.000111361	0.00011006	7.64394e-05	6.46477e-05	5.55038e-05	4.82394e-05	4.23596e-05	3.75268e-05	3.3502e-05	3.01119e-05	2.72274e-05	2.47514e-05	
10.75	0.0813851	0.00222744	0.000973974	0.000539273	0.00055007	0.000244804	0.000179595	0.000138041	0.000109777	0.000108484	7.53603e-05	6.37382e-05	5.47251e-05	4.75641e-05	4.17676e-05	3.70032e-05	3.30351e-05	2.96927e-05	2.68486e-05	2.44074e-05	
10.8125	0.080263	0.00220044	0.000960601	0.000531542	0.000542275	0.000241271	0.000177016	0.00013607	0.000108218	0.000106933	7.4298e-05	6.28428e-05	5.39583e-05	4.68991e-05	4.11846e-05	3.64874e-05	3.25752e-05	2.92797e-05	2.64756e-05	2.40685e-05	
10.875	0.0791585	0.00217375	0.00094742	0.000523934	0.000534597	0.000237796	0.000174478	0.00013413	0.000106684	0.000105407	7.32519e-05	6.19608e-05	5.32029e-05	4.62439e-05	4.06103e-05	3.59793e-05	3.21221e-05	2.88729e-05	2.6108e-05	2.37346e-05	
10.9375	0.0780711	0.00214736	0.000934426	0.000516445	0.000527034	0.000234376	0.000171981	0.000132221	0.000105172	0.000103904	7.22212e-05	6.10917e-05	5.24585e-05	4.55982e-05	4.00442e-05	3.54785e-05	3.16755e-05	2.84719e-05	2.57458e-05	2.34055e-05	
11	0.0770006	0.00212126	0.000921615	0.000509071	0.00051958	0.000231009	0.000169522	0.00013034	0.000103684	0.000102424	7.12053e-05	6.02349e-05	5.17246e-05	4.49615e-05	3.9486e-05	3.49846e-05	3.12351e-05	2.80765e-05	2.53886e-05	2.30811e-05	
11.0625	0.0759466	0.00209546	0.00090898	0.000501808	0.000512233	0.000227693	0.000167099	0.000128487	0.000102216	0.000100965	7.02034e-05	5.93898e-05	5.10006e-05	4.43334e-05	3.89352e-05	3.44974e-05	3.08007e-05	2.76864e-05	2.50362e-05	2.2761e-05	
11.125	0.0749089	0.00206994	0.000896517	0.000494651	0.000504988	0.000224426	0.000164711	0.00012666	0.000100769	9.95251e-05	6.92147e-05	5.85557e-05	5.02859e-05	4.37133e-05	3.83916e-05	3.40164e-05	3.03717e-05	2.73013e-05	2.46883e-05	2.24451e-05	
11.1875	0.073887	0.00204469	0.000884219	0.000487597	0.000497842	0.000221204	0.000162356	0.000124857	9.934e-05	9.81043e-05	6.82383e-05	5.77319e-05	4.95799e-05	4.31007e-05	3.78544e-05	3.35411e-05	2.9948e-05	2.69208e-05	2.43446e-05	2.21329e-05	
11.25	0.0728808	0.00201972	0.000872082	0.000480641	0.000490791	0.000218027	0.000160032	0.000123076	9.79288e-05	9.67008e-05	6.72733e-05	5.69175e-05	4.88819e-05	4.2495e-05	3.73232e-05	3.30711e-05	2.95289e-05	2.65446e-05	2.40048e-05	2.18243e-05	
11.3125	0.0718899	0.001995	0.000860098	0.000473778	0.00048383	0.000214889	0.000157736	0.000121317	9.65336e-05	9.53131e-05	6.63185e-05	5.61115e-05	4.8191e-05	4.18954e-05	3.67974e-05	3.26058e-05	2.9114e-05	2.6172e-05	2.36683e-05	2.15188e-05	
11.375	0.070914	0.00197054	0.000848262	0.000467004	0.000476955	0.00021179	0.000155467	0.000119577	9.51527e-05	9.39394e-05	6.53728e-05	5.53129e-05	4.75063e-05	4.13009e-05	3.6276e-05	3.21445e-05	2.87025e-05	2.58026e-05	2.33346e-05	2.12158e-05	
11.4375	0.0699529	0.00194631	0.000836565	0.000460313	0.00047016	0.000208724	0.000153221	0.000117854	9.37842e-05	9.25777e-05	6.44345e-05	5.45202e-05	4.68264e-05	4.07106e-05	3.57581e-05	3.16861e-05	2.82937e-05	2.54355e-05	2.30031e-05	2.09146e-05	
11.5	0.0690062	0.00192231	0.000825	0.000453699	0.00046344	0.000205689	0.000150994	0.000116144	9.24254e-05	9.12255e-05	6.35017e-05	5.37319e-05	4.615e-05	4.01231e-05	3.52425e-05	3.12296e-05	2.78865e-05	2.50698e-05	2.26726e-05	2.06145e-05	
11.5625	0.0680736	0.00189851	0.000813555	0.000447154	0.000456787	0.000202678	0.000148784	0.000114444	9.10735e-05	8.98797e-05	6.2572e-05	5.29456e-05	4.54749e-05	3.95364e-05	3.47274e-05	3.07734e-05	2.74794e-05	2.47041e-05	2.23422e-05	2.03144e-05	
11.625	0.067155	0.0018749	0.000802217	0.000440669	0.000450192	0.000199686	0.000146583	0.00011275	8.97244e-05	8.85363e-05	6.16423e-05	5.21586e-05	4.47987e-05	3.89482e-05	3.42107e-05	3.03155e-05	2.70705e-05	2.43365e-05	2.20098e-05	2.00123e-05	
11.6875	0.0662499	0.00185144	0.000790967	0.000434231	0.000443643	0.000196705	0.000144387	0.000111056	8.83727e-05	8.719e-05	6.07079e-05	5.13667e-05	4.41174e-05	3.83551e-05	3.36891e-05	2.98529e-05	2.66572e-05	2.39649e-05	2.16737e-05	1.97068e-05	
11.75	0.0653581	0.0018281	0.000779776	0.000427822	0.00043712	0.000193724	0.000142185	0.000109353	8.70106e-05	8.58333e-05	5.97624e-05	5.05638e-05	4.34256e-05	3.77517e-05	3.31575e-05	2.93804e-05	2.62341e-05	2.35835e-05	2.13278e-05	1.93914e-05	
11.8125	0.0644793	0.00180481	0.000768598	0.000421409	0.000430591	0.000190726	0.000139962	0.000107628	8.56268e-05	8.44551e-05	5.87956e-05	4.97408e-05	4.27148e-05	3.7131e-05	3.26102e-05	2.8894e-05	2.57988e-05	2.31916e-05	2.09731e-05	1.90689e-05	
11.875	0.0636132	0.00178148	0.000757354	0.000414931	0.000423997	0.000187673	0.000137693	0.000105861	8.42029e-05	8.30371e-05	5.77896e-05	4.88786e-05	4.19645e-05	3.647e-05	3.20219e-05	2.83659e-05	2.53211e-05	2.27566e-05	2.05748e-05	1.87022e-05	
11.9375	0.0627595	0.00175799	0.00074591	0.000408257	0.000417227	0.000184467	0.000135298	0.000103991	8.26957e-05	8.15317e-05	5.67305e-05	4.79753e-05	4.11832e-05	3.57864e-05	3.14183e-05	2.78285e-05	2.48393e-05	2.2322e-05	2.01806e-05	1.83429e-05	
12	0.0619179	0.00173416	0.000734021	0.000401103	0.000410065	0.000180767	0.000132427	0.000101665	8.07508e-05	7.96154e-05	5.52633e-05	4.66806e-05	4.00256e-05	3.47405e-05	3.0465e-05	2.69532e-05	2.40305e-05	2.15705e-05	1.9479e-05	1.76851e-05	
12.0625	0.060628	0.00169105	0.000711328	0.000386761	0.000396182	0.000172801	0.000126088	9.64269e-05	7.63058e-05	7.53324e-05	5.18485e-05	4.36474e-05	3.73012e-05	3.22717e-05	2.82113e-05	2.48831e-05	2.21188e-05	1.97969e-05	1.78267e-05	1.61402e-05	
12.125	0.0593693	0.00165067	0.000690888	0.000374368	0.000383957	0.000166463	0.000121236	9.25639e-05	7.31427e-05	7.22361e-05	4.95791e-05	4.16965e-05	3.5604e-05	3.07811e-05	2.6892e-05	2.37075e-05	2.10653e-05	1.8848e-05	1.69684e-05	1.53608e-05	
12.1875	0.0581409	0.00161228	0.000671849	0.000363009	0.000372675	0.000160777	0.000116911	8.91368e-05	7.03459e-05	6.94931e-05	4.75789e-05	3.99778e-05	3.41085e-05	2.94665e-05	2.57266e-05	2.26668e-05	2.01302e-05	1.8003e-05	1.62011e-05	1.46609e-05	
12.25	0.0569414	0.00157548	0.000653842	0.00035239	0.000362071	0.000155581	0.000113008	8.60854e-05	6.78912e-05	6.70679e-05	4.5876e-05	3.8538e-05	3.28761e-05	2.84012e-05	2.47981e-05	2.18518e-05	1.94104e-05	1.73639e-05	1.56308e-05	1.41499e-05	
12.3125	0.0557701	0.00154002	0.000636684	0.000342377	0.000352022	0.00015078	0.000109437	8.33166e-05	6.56799e-05	6.48761e-05	4.43575e-05	3.7258e-05	3.17824e-05	2.74561e-05	2.39736e-05	2.11266e-05	1.87677e-05	1.67907e-05	1.51166e-05	1.36861e-05	
12.375	0.0546259	0.00150575	0.000620267	0.000332889	0.000342455	0.000146309	0.000106136	8.07753e-05	6.36634e-05	6.28716e-05	4.29895e-05	3.61121e-05	3.08094e-05	2.66209e-05	2.325e-05	2.04946e-05	1.82119e-05	1.62989e-05	1.46789e-05	1.32947e-05	
12.4375	0.053508	0.00147254	0.000604519	0.000323866	0.000333319	0.000142119	0.000103061	7.84217e-05	6.18049e-05	6.10207e-05	4.17384e-05	3.50671e-05	2.99239e-05	2.58616e-05	2.25922e-05	1.99197e-05	1.77055e-05	1.58494e-05	1.42775e-05	1.2934e-05	
12.5	0.0524157	0.00144032	0.000589381	0.000315263	0.000324574	0.000138173	0.000100181	7.62261e-05	6.00779e-05	5.92985e-05	4.05829e-05	3.41044e-05	2.91099e-05	2.51649e-05	2.19899e-05	1.93942e-05	1.72434e-05	1.54403e-05	1.3913e-05	1.26073e-05	
12.5625	0.0513482	0.00140904	0.000574808	0.000307039	0.000316188	0.000134442	9.74678e-05	7.41657e-05	5.84621e-05	5.76859e-05	3.95063e-05	3.32085e-05	2.8353e-05	2.45174e-05	2.14299e-05	1.89054e-05	1.6813e-05	1.50585e-05	1.35719e-05	1.23008e-05	
12.625	0.0503048	0.00137863	0.000560759	0.000299162	0.000308133	0.0001309	9.49022e-05	7.22227e-05	5.69416e-05	5.61679e-05	3.8496e-05	3.23685e-05	2.76436e-05	2.39106e-05	2.09051e-05	1.84471e-05	1.64094e-05	1.47004e-05	1.3252e-05	1.20133e-05	
12.6875	0.0492849	0.00134905	0.000547201	0.000291605	0.000300386	0.000127529	9.24672e-05	7.03825e-05	5.55038e-05	5.47324e-05	3.75423e-05	3.15756e-05	2.69739e-05	2.33375e-05	2.0409e-05	1.80135e-05	1.60271e-05	1.43607e-05	1.29481e-05	1.17397e-05	
12.75	0.0482879	0.00132027	0.000534104	0.000284344	0.000292925	0.000124312	9.01486e-05	6.86332e-05	5.41384e-05	5.33695e-05	3.66373e-05	3.08232e-05	2.63381e-05	2.2793e-05	1.99374e-05	1.76009e-05	1.5663e-05	1.40369e-05	1.26581e-05	1.14784e-05	
12.8125	0.0473131	0.00129224	0.000521441	0.000277357	0.000285732	0.000121236	8.79349e-05	6.69649e-05	5.28372e-05	5.20712e-05	3.5775e-05	3.01059e-05	2.57316e-05	2.22731e-05	1.94867e-05	1.72062e-05	1.53143e-05	1.37264e-05	1.23798e-05	1.12273e-05	
12.875	0.04636	0.00126495	0.000509188	0.000270627	0.00027879	0.000118287	8.58162e-05	6.53694e-05	5.15931e-05	5.08306e-05	3.49502e-05	2.94194e-05	2.51506e-05	2.17748e-05	1.90542e-05	1.68271e-05	1.4979e-05	1.34276e-05	1.21117e-05	1.09852e-05	
12.9375	0.045428	0.00123835	0.000497323	0.000264137	0.000272086	0.000115455	8.3784e-05	6.38398e-05	5.04004e-05	4.9642e-05	3.41588e-05	2.87602e-05	2.45923e-05	2.12954e-05	1.86378e-05	1.64617e-05	1.46557e-05	1.31392e-05	1.18526e-05	1.07511e-05	
13	0.0445165	0.00121242	0.000485826	0.000257873	0.000265606	0.000112732	8.18309e-05	6.23701e-05	4.92541e-05	4.85006e-05	3.33975e-05	2.81256e-05	2.40543e-05	2.08331e-05	1.82359e-05	1.61087e-05	1.43429e-05	1.286e-05	1.16017e-05	1.05242e-05	
13.0625	0.0436251	0.00118714	0.00047468	0.00025182	0.000259337	0.000110109	7.99507e-05	6.09551e-05	4.81503e-05	4.74023e-05	3.26635e-05	2.75131e-05	2.35347e-05	2.03861e-05	1.78469e-05	1.57669e-05	1.40399e-05	1.25893e-05	1.13582e-05	1.03039e-05	
13.125	0.0427532	0.00116248	0.000463868	0.000245967	0.000253269	0.00010758	7.81378e-05	5.95906e-05	4.70853e-05	4.63434e-05	3.19544e-05	2.6921e-05	2.30319e-05	1.99533e-05	1.747e-05	1.54353e-05	1.37457e-05	1.23263e-05	1.11216e-05	1.00898e-05	
13.1875	0.0419004	0.00113843	0.000453374	0.000240304	0.000247392	0.000105137	7.63873e-05	5.82728e-05	4.60561e-05	4.5321e-05	3.12682e-05	2.63475e-05	2.25445e-05	1.95334e-05	1.7104e-05	1.51133e-05	1.34599e-05	1.20707e-05	1.08915e-05	9.88138e-06	
13.25	0.0410661	0.00111495	0.000443185	0.00023482	0.000241697	0.000102776	7.46951e-05	5.69981e-05	4.506e-05	4.43323e-05	3.06031e-05	2.57912e-05	2.20714e-05	1.91255e-05	1.67484e-05	1.48001e-05	1.31817e-05	1.18218e-05	1.06673e-05	9.67837e-06	
13.3125	0.04025	0.00109204	0.000433288	0.000229506	0.000236175	0.000100491	7.30572e-05	5.57639e-05	4.40949e-05	4.3375e-05	2.99578e-05	2.5251e-05	2.16117e-05	1.87289e-05	1.64023e-05	1.44952e-05	1.29108e-05	1.15794e-05	1.04489e-05	9.48048e-06	
13.375	0.0394515	0.00106966	0.000423669	0.000224354	0.000230818	9.82776e-05	7.14703e-05	5.45674e-05	4.31586e-05	4.2447e-05	2.9331e-05	2.4726e-05	2.11645e-05	1.83429e-05	1.60654e-05	1.41982e-05	1.26469e-05	1.1343e-05	1.0236e-05	9.28747e-06	
13.4375	0.0386702	0.00104782	0.000414318	0.000219356	0.000225618	9.61322e-05	6.99314e-05	5.34064e-05	4.22494e-05	4.15465e-05	2.87215e-05	2.42151e-05	2.07292e-05	1.7967e-05	1.57371e-05	1.39087e-05	1.23895e-05	1.11125e-05	1.00282e-05	9.09914e-06	
13.5	0.0379058	0.00102648	0.000405225	0.000214504	0.000220569	9.40509e-05	6.84378e-05	5.22788e-05	4.13658e-05	4.0672e-05	2.81284e-05	2.37176e-05	2.03051e-05	1.76006e-05	1.54169e-05	1.36263e-05	1.21383e-05	1.08875e-05	9.82538e-06	8.91528e-06	
13.5625	0.0371578	0.00100564	0.000396378	0.000209793	0.000215664	9.20302e-05	6.6987e-05	5.11828e-05	4.05064e-05	3.98219e-05	2.75509e-05	2.3233e-05	1.98916e-05	1.72432e-05	1.51046e-05	1.33508e-05	1.18932e-05	1.06679e-05	9.62737e-06	8.73574e-06	
13.625	0.0364257	0.000985271	0.000387768	0.000205215	0.000210898	9.00672e-05	6.55767e-05	5.01168e-05	3.967e-05	3.89949e-05	2.69881e-05	2.27604e-05	1.94884e-05	1.68946e-05	1.47998e-05	1.30818e-05	1.16539e-05	1.04534e-05	9.43397e-06	8.56037e-06	
13.6875	0.0357094	0.000965371	0.000379387	0.000200765	0.000206265	8.8159e-05	6.42051e-05	4.90792e-05	3.88553e-05	3.819e-05	2.64395e-05	2.22995e-05	1.90949e-05	1.65542e-05	1.45022e-05	1.28191e-05	1.14201e-05	1.02439e-05	9.24502e-06	8.38902e-06	
13.75	0.0350082	0.000945922	0.000371226	0.000196438	0.000201758	8.6303e-05	6.28702e-05	4.80688e-05	3.80614e-05	3.74061e-05	2.59043e-05	2.18498e-05	1.87108e-05	1.62219e-05	1.42115e-05	1.25624e-05	1.11917e-05	1.00392e-05	9.06038e-06	8.22155e-06	
13.8125	0.034322	0.000926911	0.000363277	0.000192228	0.000197374	8.44968e-05	6.15703e-05	4.70843e-05	3.72874e-05	3.66421e-05	2.53821e-05	2.14107e-05	1.83358e-05	1.58973e-05	1.39276e-05	1.23117e-05	1.09685e-05	9.83914e-06	8.87991e-06	8.05787e-06	
13.875	0.0336503	0.000908326	0.000355533	0.000188132	0.000193108	8.27383e-05	6.0304e-05	4.61246e-05	3.65325e-05	3.58973e-05	2.48723e-05	2.0982e-05	1.79694e-05	1.55802e-05	1.36501e-05	1.20666e-05	1.07503e-05	9.64356e-06	8.70348e-06	7.89783e-06	
13.9375	0.0329927	0.000890155	0.000347986	0.000184143	0.000188954	8.10254e-05	5.90698e-05	4.51886e-05	3.57959e-05	3.51708e-05	2.43745e-05	2.05632e-05	1.76114e-05	1.52703e-05	1.33788e-05	1.18271e-05	1.05371e-05	9.45234e-06	8.53098e-06	7.74136e-06	
14	0.0323491	0.000872386	0.000340629	0.000180259	0.00018491	7.93563e-05	5.78663e-05	4.42754e-05	3.50768e-05	3.44619e-05	2.38882e-05	2.01539e-05	1.72616e-05	1.49673e-05	1.31137e-05	1.15929e-05	1.03285e-05	9.26536e-06	8.36228e-06	7.58833e-06	
14.0625	0.0317189	0.000855008	0.000333456	0.000176474	0.00018097	7.77291e-05	5.66924e-05	4.33842e-05	3.43747e-05	3.377e-05	2.3413e-05	1.9754e-05	1.69195e-05	1.46711e-05	1.28544e-05	1.13638e-05	1.01246e-05	9.08248e-06	8.19729e-06	7.43865e-06	
14.125	0.031102	0.000838011	0.000326461	0.000172787	0.000177132	7.61423e-05	5.55468e-05	4.2514e-05	3.36888e-05	3.30943e-05	2.29486e-05	1.9363e-05	1.65852e-05	1.43815e-05	1.26009e-05	1.11398e-05	9.92508e-06	8.9036e-06	8.0359e-06	7.29223e-06	
14.1875	0.030498	0.000821385	0.000319638	0.000169192	0.00017339	7.45942e-05	5.44287e-05	4.16642e-05	3.30188e-05	3.24343e-05	2.24947e-05	1.89807e-05	1.62581e-05	1.40982e-05	1.23528e-05	1.09207e-05	9.72994e-06	8.72861e-06	7.87801e-06	7.14899e-06	
14.25	0.0299066	0.000805118	0.000312981	0.000165686	0.000169743	7.30835e-05	5.33369e-05	4.0834e-05	3.23639e-05	3.17895e-05	2.20508e-05	1.86068e-05	1.59383e-05	1.38211e-05	1.21102e-05	1.07063e-05	9.53902e-06	8.5574e-06	7.72353e-06	7.00884e-06	
14.3125	0.0293275	0.000789203	0.000306485	0.000162267	0.000166187	7.16087e-05	5.22705e-05	4.00228e-05	3.17237e-05	3.11593e-05	2.16167e-05	1.82411e-05	1.56254e-05	1.35501e-05	1.18729e-05	1.04966e-05	9.35222e-06	8.38987e-06	7.57237e-06	6.87169e-06	
14.375	0.0287604	0.00077363	0.000300145	0.000158931	0.000162718	7.01687e-05	5.12286e-05	3.92299e-05	3.10979e-05	3.05432e-05	2.11921e-05	1.78834e-05	1.53193e-05	1.32848e-05	1.16406e-05	1.02913e-05	9.16941e-06	8.22593e-06	7.42443e-06	6.73748e-06	
14.4375	0.0282051	0.000758389	0.000293955	0.000155676	0.000159334	6.87622e-05	5.02105e-05	3.84547e-05	3.04858e-05	2.99409e-05	2.07767e-05	1.75333e-05	1.50198e-05	1.30253e-05	1.14133e-05	1.00904e-05	8.9905e-06	8.06548e-06	7.27965e-06	6.60612e-06	
14.5	0.0276613	0.000743472	0.000287911	0.000152498	0.000156032	6.7388e-05	4.92153e-05	3.76966e-05	2.9887e-05	2.93518e-05	2.03703e-05	1.71908e-05	1.47266e-05	1.27712e-05	1.11908e-05	9.89383e-06	8.81539e-06	7.90842e-06	7.13793e-06	6.47754e-06	
14.5625	0.0271287	0.000728871	0.000282008	0.000149395	0.000152808	6.60451e-05	4.82422e-05	3.69552e-05	2.93013e-05	2.87755e-05	1.99725e-05	1.68555e-05	1.44397e-05	1.25226e-05	1.0973e-05	9.70138e-06	8.64397e-06	7.75468e-06	6.9992e-06	6.35166e-06	
14.625	0.0266071	0.000714577	0.000276242	0.000146365	0.000149661	6.47323e-05	4.72906e-05	3.62299e-05	2.87281e-05	2.82117e-05	1.95832e-05	1.65274e-05	1.41588e-05	1.22791e-05	1.07598e-05	9.51297e-06	8.47615e-06	7.60417e-06	6.86338e-06	6.22843e-06	
14.6875	0.0260962	0.000700583	0.000270609	0.000143404	0.000146588	6.34487e-05	4.63597e-05	3.55202e-05	2.81671e-05	2.76599e-05	1.92021e-05	1.62061e-05	1.38838e-05	1.20408e-05	1.05511e-05	9.32849e-06	8.31183e-06	7.4568e-06	6.73039e-06	6.10777e-06	
14.75	0.0255957	0.000686881	0.000265104	0.000140512	0.000143586	6.21934e-05	4.5449e-05	3.48255e-05	2.7618e-05	2.71197e-05	1.88289e-05	1.58915e-05	1.36146e-05	1.18074e-05	1.03467e-05	9.14785e-06	8.15093e-06	7.31249e-06	6.60017e-06	5.98962e-06	
14.8125	0.0251055	0.000673463	0.000259724	0.000137685	0.000140653	6.09654e-05	4.45576e-05	3.41456e-05	2.70803e-05	2.65909e-05	1.84635e-05	1.55835e-05	1.33509e-05	1.15789e-05	1.01465e-05	8.97095e-06	7.99336e-06	7.17116e-06	6.47265e-06	5.87392e-06	
14.875	0.0246254	0.000660323	0.000254464	0.000134921	0.000137787	5.97637e-05	4.36851e-05	3.34798e-05	2.65537e-05	2.60731e-05	1.81056e-05	1.52817e-05	1.30926e-05	1.1355e-05	9.95046e-06	8.79767e-06	7.83902e-06	7.03274e-06	6.34774e-06	5.76059e-06	
14.9375	0.0241549	0.000647452	0.000249322	0.000132218	0.000134985	5.85875e-05	4.28308e-05	3.28277e-05	2.6038e-05	2.55658e-05	1.77549e-05	1.49861e-05	1.28395e-05	1.11357e-05	9.75838e-06	8.62792e-06	7.68783e-06	6.89714e-06	6.22538e-06	5.64958e-06	
15	0.0236941	0.000634843	0.000244292	0.000129575	0.000132246	5.7436e-05	4.1994e-05	3.21889e-05	2.55326e-05	2.50688e-05	1.74114e-05	1.46965e-05	1.25916e-05	1.09208e-05	9.57017e-06	8.4616e-06	7.53969e-06	6.76429e-06	6.1055e-06	5.54081e-06	
15.0625	0.0232426	0.00062249	0.000239373	0.000126988	0.000129566	5.63082e-05	4.11743e-05	3.15629e-05	2.50373e-05	2.45816e-05	1.70746e-05	1.44125e-05	1.23485e-05	1.07102e-05	9.38571e-06	8.2986e-06	7.39451e-06	6.63409e-06	5.98803e-06	5.43424e-06	
15.125	0.0228003	0.000610387	0.000234559	0.000124457	0.000126945	5.52033e-05	4.03708e-05	3.09492e-05	2.45518e-05	2.4104e-05	1.67444e-05	1.41342e-05	1.21103e-05	1.05037e-05	9.20489e-06	8.13881e-06	7.2522e-06	6.50648e-06	5.87289e-06	5.32978e-06	
15.1875	0.0223668	0.000598525	0.000229847	0.000121979	0.00012438	5.41204e-05	3.95831e-05	3.03474e-05	2.40756e-05	2.36355e-05	1.64206e-05	1.38612e-05	1.18766e-05	1.03012e-05	9.02755e-06	7.98211e-06	7.11266e-06	6.38135e-06	5.76e-06	5.22737e-06	
15.25	0.0219422	0.000586899	0.000225235	0.000119552	0.000121868	5.30587e-05	3.88105e-05	2.97571e-05	2.36083e-05	2.31757e-05	1.61028e-05	1.35932e-05	1.16473e-05	1.01025e-05	8.85356e-06	7.82839e-06	6.97577e-06	6.2586e-06	5.64926e-06	5.12692e-06	
15.3125	0.021526	0.000575501	0.000220718	0.000117174	0.000119408	5.20171e-05	3.80523e-05	2.91775e-05	2.31495e-05	2.27242e-05	1.57907e-05	1.33302e-05	1.14222e-05	9.90741e-06	8.68277e-06	7.6775e-06	6.84142e-06	6.13815e-06	5.5406e-06	5.02837e-06	
15.375	0.0211182	0.000564325	0.000216293	0.000114842	0.000116998	5.09946e-05	3.73076e-05	2.86082e-05	2.26988e-05	2.22805e-05	1.54841e-05	1.30717e-05	1.12009e-05	9.71575e-06	8.51496e-06	7.52925e-06	6.70943e-06	6.01981e-06	5.43386e-06	4.93155e-06	
15.4375	0.0207186	0.000553364	0.000211957	0.000112556	0.000114634	4.99902e-05	3.65758e-05	2.80485e-05	2.22556e-05	2.18441e-05	1.51826e-05	1.28175e-05	1.09834e-05	9.52725e-06	8.34995e-06	7.3835e-06	6.57968e-06	5.90352e-06	5.32899e-06	4.83648e-06	
15.5	0.0203269	0.000542611	0.000207704	0.000110312	0.000112316	4.90025e-05	3.58557e-05	2.74976e-05	2.18192e-05	2.14143e-05	1.48855e-05	1.25671e-05	1.07691e-05	9.34157e-06	8.18739e-06	7.2399e-06	6.45182e-06	5.78889e-06	5.22559e-06	4.74268e-06	
15.5625	0.0199431	0.000532056	0.000203531	0.000108107	0.000110039	4.80302e-05	3.51463e-05	2.69545e-05	2.13889e-05	2.09902e-05	1.45925e-05	1.232e-05	1.05576e-05	9.15838e-06	8.02705e-06	7.09832e-06	6.32585e-06	5.67604e-06	5.12389e-06	4.65054e-06	
15.625	0.0195668	0.000521692	0.000199434	0.000105938	0.000107801	4.70712e-05	3.4446e-05	2.64181e-05	2.09636e-05	2.05709e-05	1.43026e-05	1.20754e-05	1.03482e-05	8.97688e-06	7.86808e-06	6.95782e-06	6.20069e-06	5.56377e-06	5.02255e-06	4.55856e-06	
15.6875	0.019198	0.000511507	0.000195406	0.000103802	0.000105598	4.61234e-05	3.37529e-05	2.58867e-05	2.05419e-05	2.01549e-05	1.40148e-05	1.18327e-05	1.01404e-05	8.7969e-06	7.71061e-06	6.81886e-06	6.07716e-06	5.45323e-06	4.92307e-06	4.46857e-06	
15.75	0.0188364	0.000501486	0.000191439	0.000101694	0.000103425	4.51833e-05	3.30643e-05	2.53578e-05	2.01217e-05	1.97401e-05	1.37271e-05	1.15895e-05	9.93172e-06	8.61556e-06	7.55139e-06	6.67779e-06	5.95117e-06	5.33993e-06	4.82054e-06	4.37527e-06	
15.8125	0.0184819	0.000491606	0.000187522	9.96065e-05	0.000101274	4.42462e-05	3.23759e-05	2.4828e-05	1.97002e-05	1.93236e-05	1.34386e-05	1.13461e-05	9.72343e-06	8.43528e-06	7.39384e-06	6.53897e-06	5.82797e-06	5.22991e-06	4.72173e-06	4.28609e-06	
15.875	0.0181343	0.000481832	0.000183632	9.7525e-05	9.91319e-05	4.33047e-05	3.16807e-05	2.42895e-05	1.92684e-05	1.88977e-05	1.31373e-05	1.10891e-05	9.50098e-06	8.24035e-06	7.22129e-06	6.3849e-06	5.68935e-06	5.10436e-06	4.60737e-06	4.18137e-06	
15.9375	0.0177934	0.000472104	0.000179717	9.54113e-05	9.69601e-05	4.23432e-05	3.09725e-05	2.37436e-05	1.88336e-05	1.84663e-05	1.28392e-05	1.08375e-05	9.28552e-06	8.05374e-06	7.05811e-06	6.24102e-06	5.56159e-06	4.9902e-06	4.5048e-06	4.08876e-06	
16	0.0174589	0.000462312	0.00017565	9.3128e-05	9.46508e-05	4.12158e-05	3.01084e-05	2.3051e-05	1.82605e-05	1.79041e-05	1.24159e-05	1.04671e-05	8.957e-06	7.75919e-06	6.7916e-06	5.998e-06	5.33851e-06	4.78421e-06	4.31361e-06	3.9105e-06	
16.0625	0.0169745	0.000446071	0.000168348	8.8756e-05	9.03989e-05	3.88678e-05	2.82542e-05	2.15294e-05	1.69776e-05	1.66733e-05	1.14437e-05	9.60812e-06	8.18942e-06	7.06706e-06	6.16279e-06	5.42304e-06	4.80989e-06	4.29583e-06	3.86049e-06	3.48851e-06	
16.125	0.0165048	0.00043101	0.000161893	8.5075e-05	8.67411e-05	3.70665e-05	2.68922e-05	2.04576e-05	1.61102e-05	1.58266e-05	1.08365e-05	9.0919e-06	7.74537e-06	6.68151e-06	5.82541e-06	5.12587e-06	4.54666e-06	4.06153e-06	3.65106e-06	3.30061e-06	
16.1875	0.0160493	0.000416784	0.000155915	8.17145e-05	8.33822e-05	3.54514e-05	2.5678e-05	1.95064e-05	1.53427e-05	1.50758e-05	1.03007e-05	8.63635e-06	7.35309e-06	6.34017e-06	5.52575e-06	4.86078e-06	4.31055e-06	3.84997e-06	3.46048e-06	3.12808e-06	
16.25	0.0156073	0.000403232	0.000150305	7.86057e-05	8.02529e-05	3.40055e-05	2.46107e-05	1.8686e-05	1.46935e-05	1.44349e-05	9.86515e-06	8.27345e-06	7.04683e-06	6.079e-06	5.30105e-06	4.66596e-06	4.14051e-06	3.70066e-06	3.32866e-06	3.01115e-06	
16.3125	0.0151783	0.000390271	0.000145009	7.5708e-05	7.73188e-05	3.26867e-05	2.36451e-05	1.79481e-05	1.41117e-05	1.38599e-05	9.47491e-06	7.94745e-06	6.77048e-06	5.84188e-06	5.09545e-06	4.48604e-06	3.98176e-06	3.55955e-06	3.2024e-06	2.89748e-06	
16.375	0.0147618	0.000377845	0.000139992	7.2992e-05	7.45553e-05	3.14724e-05	2.2763e-05	1.7279e-05	1.35882e-05	1.33409e-05	9.12922e-06	7.66106e-06	6.52979e-06	5.63718e-06	4.91959e-06	4.33361e-06	3.8486e-06	3.4424e-06	3.09868e-06	2.80513e-06	
16.4375	0.0143575	0.000365917	0.000135227	7.04351e-05	7.19436e-05	3.03454e-05	2.19487e-05	1.6664e-05	1.31083e-05	1.28649e-05	8.81259e-06	7.39822e-06	6.30811e-06	5.44771e-06	4.75576e-06	4.19049e-06	3.72244e-06	3.33028e-06	2.9983e-06	2.71466e-06	
16.5	0.013965	0.000354452	0.000130691	6.80196e-05	6.94683e-05	2.92928e-05	2.11914e-05	1.60939e-05	1.26646e-05	1.24247e-05	8.52103e-06	7.15665e-06	6.10479e-06	5.27434e-06	4.60626e-06	4.06033e-06	3.60814e-06	3.22916e-06	2.90823e-06	2.63395e-06	
16.5625	0.0135837	0.000343423	0.000126365	6.57311e-05	6.7117e-05	2.83046e-05	2.04825e-05	1.55613e-05	1.22505e-05	1.2014e-05	8.24872e-06	6.93065e-06	5.91409e-06	5.11117e-06	4.46498e-06	3.9367e-06	3.49896e-06	3.13194e-06	2.82102e-06	2.5552e-06	
16.625	0.0132135	0.000332807	0.000122234	6.35576e-05	6.48791e-05	2.73728e-05	1.98155e-05	1.50607e-05	1.18614e-05	1.16283e-05	7.99278e-06	6.71811e-06	5.73465e-06	4.9576e-06	4.33201e-06	3.82042e-06	3.39638e-06	3.04075e-06	2.73941e-06	2.48173e-06	
16.6875	0.0128539	0.000322581	0.000118283	6.14889e-05	6.27455e-05	2.6491e-05	1.91849e-05	1.45878e-05	1.14937e-05	1.12643e-05	7.75045e-06	6.51656e-06	5.56416e-06	4.81135e-06	4.20506e-06	3.70908e-06	3.29783e-06	2.95283e-06	2.66041e-06	2.4103e-06	
16.75	0.0125046	0.000312724	0.000114499	5.95163e-05	6.07082e-05	2.56537e-05	1.85867e-05	1.4139e-05	1.11447e-05	1.09189e-05	7.51993e-06	6.32458e-06	5.40158e-06	4.67177e-06	4.08381e-06	3.60269e-06	3.20368e-06	2.86887e-06	2.58505e-06	2.34225e-06	
16.8125	0.0121653	0.00030322	0.000110873	5.76322e-05	5.87605e-05	2.48566e-05	1.80173e-05	1.37117e-05	1.0812e-05	1.05902e-05	7.29972e-06	6.14093e-06	5.24583e-06	4.53783e-06	3.96728e-06	3.50028e-06	3.11288e-06	2.78775e-06	2.51208e-06	2.27622e-06	
16.875	0.0118356	0.000294051	0.000107394	5.583e-05	5.6896e-05	2.40958e-05	1.74738e-05	1.33035e-05	1.04939e-05	1.02761e-05	7.08869e-06	5.96472e-06	5.09622e-06	4.40906e-06	3.85515e-06	3.40169e-06	3.02546e-06	2.70965e-06	2.44186e-06	2.2127e-06	
16.9375	0.0115154	0.000285202	0.000104054	5.41039e-05	5.51093e-05	2.33683e-05	1.69538e-05	1.29126e-05	1.0189e-05	9.97543e-06	6.88594e-06	5.79522e-06	4.95214e-06	4.28492e-06	3.74697e-06	3.30647e-06	2.94094e-06	2.63407e-06	2.37382e-06	2.1511e-06	
17	0.0112042	0.000276659	0.000100844	5.24487e-05	5.33956e-05	2.26712e-05	1.64552e-05	1.25376e-05	9.89602e-06	9.68682e-06	6.69075e-06	5.63187e-06	4.81317e-06	4.16509e-06	3.64247e-06	3.21446e-06	2.85925e-06	2.56101e-06	2.30806e-06	2.09158e-06	
17.0625	0.0109019	0.000268407	9.77566e-05	5.08597e-05	5.17502e-05	2.20023e-05	1.59764e-05	1.2177e-05	9.61407e-06	9.40928e-06	6.50251e-06	5.4742e-06	4.67892e-06	4.04925e-06	3.54139e-06	3.12541e-06	2.78014e-06	2.49023e-06	2.24432e-06	2.03385e-06	
17.125	0.0106081	0.000260435	9.4786e-05	4.93328e-05	5.01693e-05	2.13594e-05	1.55159e-05	1.18298e-05	9.34231e-06	9.14199e-06	6.32075e-06	5.32182e-06	4.54909e-06	3.93717e-06	3.44355e-06	3.03919e-06	2.70353e-06	2.42167e-06	2.18258e-06	1.97794e-06	
17.1875	0.0103226	0.000252731	9.19255e-05	4.78642e-05	4.8649e-05	2.07408e-05	1.50723e-05	1.1495e-05	9.08002e-06	8.88421e-06	6.14504e-06	5.17442e-06	4.42343e-06	3.82863e-06	3.34876e-06	2.95564e-06	2.62927e-06	2.3552e-06	2.12271e-06	1.9237e-06	
17.25	0.0100451	0.000245283	8.91696e-05	4.64505e-05	4.7186e-05	2.01448e-05	1.46446e-05	1.11719e-05	8.82661e-06	8.63532e-06	5.97503e-06	5.03171e-06	4.30172e-06	3.72346e-06	3.2569e-06	2.87464e-06	2.55727e-06	2.29075e-06	2.06465e-06	1.8711e-06	
17.3125	0.00977541	0.000238081	8.6513e-05	4.50887e-05	4.57772e-05	1.95702e-05	1.42317e-05	1.08597e-05	8.58157e-06	8.39479e-06	5.81043e-06	4.89347e-06	4.18376e-06	3.62151e-06	3.16782e-06	2.79608e-06	2.48743e-06	2.22821e-06	2.00831e-06	1.82006e-06	
17.375	0.00951331	0.000231115	8.39509e-05	4.37758e-05	4.44198e-05	1.90156e-05	1.38329e-05	1.05578e-05	8.34443e-06	8.16214e-06	5.65096e-06	4.75948e-06	4.0694e-06	3.52264e-06	3.08141e-06	2.71986e-06	2.41967e-06	2.16754e-06	1.95364e-06	1.77053e-06	
17.4375	0.00925854	0.000224376	8.14786e-05	4.25094e-05	4.31111e-05	1.84799e-05	1.34473e-05	1.02657e-05	8.1148e-06	7.93696e-06	5.49638e-06	4.62955e-06	3.95847e-06	3.42671e-06	2.99757e-06	2.6459e-06	2.3539e-06	2.10864e-06	1.90057e-06	1.72245e-06	
17.5	0.00901089	0.000217855	7.9092e-05	4.12869e-05	4.18486e-05	1.79621e-05	1.30743e-05	9.98291e-06	7.89231e-06	7.71888e-06	5.34648e-06	4.50352e-06	3.85084e-06	3.33362e-06	2.91619e-06	2.57411e-06	2.29005e-06	2.05147e-06	1.84905e-06	1.67577e-06	
17.5625	0.00877015	0.000211543	7.67871e-05	4.01063e-05	4.06302e-05	1.74614e-05	1.27132e-05	9.70893e-06	7.67665e-06	7.50756e-06	5.20107e-06	4.38122e-06	3.74638e-06	3.24326e-06	2.83719e-06	2.5044e-06	2.22807e-06	1.99596e-06	1.79903e-06	1.63044e-06	
17.625	0.00853611	0.000205433	7.45603e-05	3.89655e-05	3.94537e-05	1.69768e-05	1.23634e-05	9.44339e-06	7.46752e-06	7.3027e-06	5.05997e-06	4.26252e-06	3.64497e-06	3.15554e-06	2.76049e-06	2.43672e-06	2.16787e-06	1.94204e-06	1.75045e-06	1.58642e-06	
17.6875	0.00830859	0.000199516	7.2408e-05	3.78626e-05	3.8317e-05	1.65076e-05	1.20245e-05	9.18593e-06	7.26464e-06	7.10402e-06	4.92301e-06	4.14728e-06	3.54651e-06	3.07035e-06	2.686e-06	2.37099e-06	2.10941e-06	1.88968e-06	1.70326e-06	1.54366e-06	
17.75	0.00808737	0.000193786	7.0327e-05	3.67958e-05	3.72185e-05	1.60531e-05	1.1696e-05	8.9362e-06	7.06778e-06	6.91128e-06	4.79004e-06	4.03538e-06	3.45089e-06	2.98761e-06	2.61364e-06	2.30715e-06	2.05262e-06	1.83882e-06	1.65742e-06	1.50213e-06	
17.8125	0.00787228	0.000188235	6.83142e-05	3.57636e-05	3.61564e-05	1.56127e-05	1.13774e-05	8.69391e-06	6.8767e-06	6.72423e-06	4.66092e-06	3.92671e-06	3.35801e-06	2.90724e-06	2.54336e-06	2.24512e-06	1.99745e-06	1.78941e-06	1.61289e-06	1.46177e-06	
17.875	0.00766315	0.000182858	6.63668e-05	3.47643e-05	3.5129e-05	1.51858e-05	1.10684e-05	8.45875e-06	6.69119e-06	6.54267e-06	4.53552e-06	3.82114e-06	3.26779e-06	2.82916e-06	2.47508e-06	2.18486e-06	1.94385e-06	1.7414e-06	1.56962e-06	1.42256e-06	
17.9375	0.00745979	0.000177646	6.4482e-05	3.37967e-05	3.41349e-05	1.47718e-05	1.07685e-05	8.23047e-06	6.51105e-06	6.36639e-06	4.4137e-06	3.71859e-06	3.18014e-06	2.7533e-06	2.40873e-06	2.12631e-06	1.89176e-06	1.69475e-06	1.52758e-06	1.38446e-06	
18	0.00726203	0.000172596	6.26572e-05	3.28593e-05	3.31726e-05	1.43701e-05	1.04775e-05	8.00881e-06	6.33608e-06	6.19519e-06	4.29536e-06	3.61895e-06	3.09497e-06	2.67959e-06	2.34426e-06	2.06941e-06	1.84115e-06	1.64941e-06	1.48672e-06	1.34743e-06	
18.0625	0.00706971	0.000167699	6.08899e-05	3.19509e-05	3.22408e-05	1.39804e-05	1.01949e-05	7.79354e-06	6.16612e-06	6.0289e-06	4.18036e-06	3.52212e-06	3.01219e-06	2.60795e-06	2.2816e-06	2.01411e-06	1.79196e-06	1.60535e-06	1.44701e-06	1.31145e-06	
18.125	0.00688268	0.000162952	5.9178e-05	3.10704e-05	3.13381e-05	1.36022e-05	9.92053e-06	7.58443e-06	6.00098e-06	5.86735e-06	4.06861e-06	3.42802e-06	2.93175e-06	2.53832e-06	2.2207e-06	1.96036e-06	1.74414e-06	1.56252e-06	1.4084e-06	1.27647e-06	
18.1875	0.00670079	0.000158349	5.7519e-05	3.02165e-05	3.04635e-05	1.32349e-05	9.65402e-06	7.38126e-06	5.84051e-06	5.71038e-06	3.96e-06	3.33656e-06	2.85356e-06	2.47064e-06	2.16151e-06	1.90811e-06	1.69767e-06	1.52088e-06	1.37088e-06	1.24246e-06	
18.25	0.00652387	0.000153884	5.59111e-05	2.93882e-05	2.96157e-05	1.28783e-05	9.39511e-06	7.18384e-06	5.68456e-06	5.55783e-06	3.85443e-06	3.24765e-06	2.77755e-06	2.40485e-06	2.10396e-06	1.85732e-06	1.65248e-06	1.48041e-06	1.3344e-06	1.2094e-06	
18.3125	0.00635179	0.000149552	5.4352e-05	2.85845e-05	2.87937e-05	1.25319e-05	9.14354e-06	6.99197e-06	5.53296e-06	5.40956e-06	3.7518e-06	3.16122e-06	2.70365e-06	2.34089e-06	2.04801e-06	1.80794e-06	1.60855e-06	1.44106e-06	1.29894e-06	1.17726e-06	
18.375	0.00618441	0.00014535	5.284e-05	2.78045e-05	2.79964e-05	1.21954e-05	8.89904e-06	6.80547e-06	5.3856e-06	5.26542e-06	3.65202e-06	3.07719e-06	2.63181e-06	2.2787e-06	1.99361e-06	1.75992e-06	1.56584e-06	1.4028e-06	1.26445e-06	1.14601e-06	
18.4375	0.00602159	0.000141272	5.13732e-05	2.70472e-05	2.72229e-05	1.18683e-05	8.66138e-06	6.62415e-06	5.24231e-06	5.12528e-06	3.55499e-06	2.99547e-06	2.56194e-06	2.21822e-06	1.94071e-06	1.71323e-06	1.5243e-06	1.36559e-06	1.23092e-06	1.11562e-06	
18.5	0.0058632	0.000137313	4.99498e-05	2.63118e-05	2.64721e-05	1.15504e-05	8.43032e-06	6.44784e-06	5.10298e-06	4.98901e-06	3.46064e-06	2.91601e-06	2.494e-06	2.15941e-06	1.88927e-06	1.66783e-06	1.48391e-06	1.32941e-06	1.19831e-06	1.08607e-06	
18.5625	0.00570912	0.00013347	4.85681e-05	2.55974e-05	2.57432e-05	1.12414e-05	8.20563e-06	6.27639e-06	4.96748e-06	4.85647e-06	3.36888e-06	2.83873e-06	2.42793e-06	2.10222e-06	1.83924e-06	1.62367e-06	1.44463e-06	1.29422e-06	1.16659e-06	1.05732e-06	
18.625	0.00555922	0.000129738	4.72265e-05	2.49031e-05	2.50353e-05	1.09408e-05	7.98709e-06	6.10961e-06	4.83567e-06	4.72754e-06	3.27962e-06	2.76355e-06	2.36366e-06	2.04658e-06	1.79058e-06	1.58072e-06	1.40642e-06	1.25999e-06	1.13574e-06	1.02937e-06	
18.6875	0.00541337	0.000126114	4.59234e-05	2.42283e-05	2.43475e-05	1.06485e-05	7.77448e-06	5.94735e-06	4.70743e-06	4.6021e-06	3.19279e-06	2.69042e-06	2.30113e-06	1.99246e-06	1.74324e-06	1.53893e-06	1.36925e-06	1.2267e-06	1.10574e-06	1.00217e-06	
18.75	0.00527148	0.000122593	4.46573e-05	2.35721e-05	2.3679e-05	1.0364e-05	7.5676e-06	5.78946e-06	4.58265e-06	4.48004e-06	3.1083e-06	2.61927e-06	2.2403e-06	1.93981e-06	1.69718e-06	1.49828e-06	1.33309e-06	1.1943e-06	1.07654e-06	9.75711e-07	
18.8125	0.00513341	0.000119171	4.34267e-05	2.29337e-05	2.3029e-05	1.00871e-05	7.36622e-06	5.63578e-06	4.46121e-06	4.36122e-06	3.02608e-06	2.55003e-06	2.18111e-06	1.88858e-06	1.65237e-06	1.45873e-06	1.2979e-06	1.16279e-06	1.04814e-06	9.49974e-07	
18.875	0.00499906	0.000115846	4.22301e-05	2.23125e-05	2.23967e-05	9.81752e-06	7.17014e-06	5.48615e-06	4.34297e-06	4.24553e-06	2.94604e-06	2.48264e-06	2.1235e-06	1.83871e-06	1.60876e-06	1.42024e-06	1.26366e-06	1.13212e-06	1.02049e-06	9.24917e-07	
18.9375	0.00486833	0.000112612	4.10661e-05	2.17077e-05	2.17812e-05	9.55491e-06	6.97914e-06	5.34041e-06	4.22783e-06	4.13284e-06	2.86812e-06	2.41702e-06	2.06741e-06	1.79018e-06	1.56631e-06	1.38278e-06	1.23034e-06	1.10227e-06	9.93598e-07	9.00551e-07	
19	0.00474111	0.000109468	3.99331e-05	2.11185e-05	2.11819e-05	9.29897e-06	6.793e-06	5.1984e-06	4.11565e-06	4.02303e-06	2.79222e-06	2.35313e-06	2.0128e-06	1.74292e-06	1.52498e-06	1.3463e-06	1.19789e-06	1.07321e-06	9.67397e-07	8.76801e-07	
19.0625	0.0046173	0.000106408	3.88299e-05	2.05442e-05	2.05979e-05	9.04938e-06	6.6115e-06	5.05996e-06	4.0063e-06	3.91597e-06	2.71826e-06	2.29088e-06	1.95961e-06	1.69689e-06	1.48473e-06	1.3108e-06	1.16632e-06	1.04493e-06	9.41925e-07	8.5373e-07	
19.125	0.00449681	0.00010343	3.77549e-05	1.9984e-05	2.00284e-05	8.8058e-06	6.4344e-06	4.92489e-06	3.89965e-06	3.81151e-06	2.64616e-06	2.2302e-06	1.90776e-06	1.65203e-06	1.44551e-06	1.27618e-06	1.13553e-06	1.01735e-06	9.17056e-07	8.31181e-07	
19.1875	0.00437953	0.000100529	3.67065e-05	1.9437e-05	1.94725e-05	8.56788e-06	6.26143e-06	4.79301e-06	3.79555e-06	3.7095e-06	2.57581e-06	2.17102e-06	1.85721e-06	1.60831e-06	1.4073e-06	1.24249e-06	1.10557e-06	9.90543e-07	8.92924e-07	8.09339e-07	
19.25	0.00426537	9.77027e-05	3.56834e-05	1.89026e-05	1.89294e-05	8.33522e-06	6.09231e-06	4.6641e-06	3.69382e-06	3.60977e-06	2.50711e-06	2.11323e-06	1.80786e-06	1.56563e-06	1.36998e-06	1.20956e-06	1.07628e-06	9.64289e-07	8.69244e-07	7.87855e-07	
19.3125	0.00415425	9.49467e-05	3.46837e-05	1.83796e-05	1.8398e-05	8.10737e-06	5.92671e-06	4.53791e-06	3.59427e-06	3.51211e-06	2.43993e-06	2.05676e-06	1.75966e-06	1.52399e-06	1.33362e-06	1.17752e-06	1.04784e-06	9.38868e-07	8.46388e-07	7.67199e-07	
19.375	0.00404608	9.2257e-05	3.37057e-05	1.7867e-05	1.78774e-05	7.88382e-06	5.76425e-06	4.41414e-06	3.49667e-06	3.41629e-06	2.3741e-06	2.00143e-06	1.71243e-06	1.48314e-06	1.29792e-06	1.14601e-06	1.01978e-06	9.1371e-07	8.23671e-07	7.46562e-07	
19.4375	0.00394076	8.96295e-05	3.27473e-05	1.73637e-05	1.73662e-05	7.66396e-06	5.60446e-06	4.29243e-06	3.40073e-06	3.32201e-06	2.30949e-06	1.94719e-06	1.66621e-06	1.44328e-06	1.26318e-06	1.11547e-06	9.92746e-07	8.8961e-07	8.02069e-07	7.27102e-07	
19.5	0.00383822	8.70596e-05	3.18062e-05	1.68682e-05	1.68631e-05	7.44703e-06	5.44676e-06	4.17232e-06	3.30606e-06	3.22888e-06	2.24569e-06	1.89358e-06	1.62045e-06	1.4037e-06	1.22855e-06	1.08487e-06	9.65459e-07	8.65088e-07	7.79875e-07	7.06886e-07	
19.5625	0.00373836	8.4542e-05	3.08796e-05	1.63786e-05	1.63663e-05	7.23206e-06	5.2904e-06	4.05323e-06	3.21225e-06	3.13645e-06	2.1827e-06	1.84085e-06	1.57567e-06	1.36522e-06	1.19517e-06	1.05568e-06	9.39754e-07	8.42313e-07	7.5959e-07	6.88735e-07	
19.625	0.0036411	8.20706e-05	2.99641e-05	1.58928e-05	1.58736e-05	7.01772e-06	5.13432e-06	3.93421e-06	3.11835e-06	3.04386e-06	2.11924e-06	1.78743e-06	1.52996e-06	1.32556e-06	1.16036e-06	1.0248e-06	9.12104e-07	8.17358e-07	7.36903e-07	6.67975e-07	
19.6875	0.00354634	7.96376e-05	2.90554e-05	1.54074e-05	1.53821e-05	6.80219e-06	4.97716e-06	3.81441e-06	3.02407e-06	2.95054e-06	2.05636e-06	1.73511e-06	1.48584e-06	1.28799e-06	1.12807e-06	9.96848e-07	8.87764e-07	7.96045e-07	7.18154e-07	6.51415e-07	
19.75	0.003454	7.72317e-05	2.81473e-05	1.49182e-05	1.48877e-05	6.58254e-06	4.81616e-06	3.69078e-06	2.92578e-06	2.85354e-06	1.98873e-06	1.67764e-06	1.43621e-06	1.24453e-06	1.08958e-06	9.62423e-07	8.56705e-07	7.67811e-07	6.92315e-07	6.27627e-07	
19.8125	0.00336395	7.48339e-05	2.72307e-05	1.44185e-05	1.43846e-05	6.35489e-06	4.6496e-06	3.56402e-06	2.82656e-06	2.75444e-06	1.92377e-06	1.62424e-06	1.39181e-06	1.20726e-06	1.05807e-06	9.35617e-07	8.33788e-07	7.4814e-07	6.75378e-07	6.13011e-07	
19.875	0.00327608	7.24065e-05	2.62879e-05	1.38974e-05	1.38622e-05	6.10631e-06	4.46144e-06	3.41498e-06	2.70458e-06	2.63481e-06	1.83554e-06	1.54772e-06	1.3245e-06	1.1474e-06	1.00431e-06	8.86955e-07	7.89427e-07	7.07449e-07	6.3785e-07	5.7823e-07	
19.9375	0.00319022	6.98635e-05	2.52656e-05	1.33304e-05	1.32903e-05	5.84854e-06	4.27404e-06	3.27331e-06	2.59446e-06	2.5235e-06	1.76445e-06	1.48976e-06	1.27675e-06	1.10774e-06	9.7119e-07	8.59177e-07	7.66078e-07	6.87807e-07	6.21338e-07	5.64384e-07	
20	0.00310616	6.69922e-05	2.39353e-05	1.24904e-05	1.24893e-05	5.36906e-06	3.88762e-06	2.95095e-06	2.31879e-06	2.25629e-06	1.55034e-06	1.29847e-06	1.10397e-06	9.50305e-07	8.2668e-07	7.25694e-07	6.42106e-07	5.72116e-07	5.12918e-07	4.62394e-07	
