Numero de iteracoes: 24
Erro: 9.44726e-07
Tempo de Resolucao do Problema: 345.905 segundos
/////////////////////////////////////////////
Posicao	Fluxo Escalar
	Grupo de Energia 1	Grupo de Energia 2	Grupo de Energia 3	Grupo de Energia 4	Grupo de Energia 5	Grupo de Energia 6	Grupo de Energia 7	Grupo de Energia 8	Grupo de Energia 9	Grupo de Energia 10	Grupo de Energia 11	Grupo de Energia 12	Grupo de Energia 13	Grupo de Energia 14	Grupo de Energia 15	Grupo de Energia 16	Grupo de Energia 17	Grupo de Energia 18	Grupo de Energia 19
0	0.507947	0.0159391	0.0118752	0.011953	0.0122378	0.0128606	0.00918487	0.00999963	0.0112803	0.013364	0.0169441	0.0231866	0.00916991	0.00818977	0.00575832	0.00163793	0.000414465	2.83954e-05	4.17812e-06	
0.05	0.463548	0.017794	0.0132985	0.0134259	0.0137927	0.0145527	0.0104345	0.0114034	0.0129237	0.0154026	0.0196894	0.0272813	0.0109204	0.00996331	0.00729567	0.00221667	0.000624391	4.92028e-05	8.35109e-06	
0.1	0.428424	0.0189407	0.014183	0.0143463	0.0147707	0.0156242	0.0112297	0.0122993	0.0139735	0.0167016	0.0214262	0.0298434	0.0121981	0.0112453	0.0083849	0.002622	0.000765591	6.279e-05	1.09063e-05	
0.15	0.399557	0.0196436	0.0147336	0.0149281	0.0153995	0.0163256	0.011758	0.0129014	0.0146866	0.017592	0.0226257	0.0316306	0.0132219	0.012286	0.00928149	0.00296145	0.000881947	7.37928e-05	1.29178e-05	
0.2	0.375046	0.02006	0.0150701	0.0152941	0.0158071	0.0167942	0.0121195	0.0133212	0.0151923	0.0182335	0.0235022	0.0329588	0.014078	0.0131685	0.0100498	0.00325554	0.000981477	8.30884e-05	1.45891e-05	
0.25	0.353679	0.0202852	0.0152639	0.0155161	0.0160669	0.0171071	0.0123693	0.0136185	0.0155586	0.0187072	0.0241604	0.0339735	0.0148063	0.0139283	0.0107166	0.00351336	0.00106793	9.10875e-05	1.60131e-05	
0.3	0.334669	0.0203777	0.0153581	0.0156373	0.0162226	0.0173093	0.0125389	0.0138275	0.0158235	0.0190578	0.0246566	0.0347518	0.0154292	0.0145855	0.0112975	0.00374042	0.00114352	9.80334e-05	1.7242e-05	
0.35	0.317493	0.0203745	0.01538	0.0156845	0.0163011	0.0174283	0.0126478	0.0139688	0.0160099	0.0193122	0.0250246	0.0353407	0.0159616	0.0151536	0.0118038	0.00394055	0.00120976	0.00010409	1.83096e-05	
0.4	0.301799	0.0202999	0.0153474	0.0156753	0.0163199	0.0174823	0.0127084	0.0140559	0.0161329	0.019488	0.0252874	0.0357729	0.0164146	0.0156431	0.0122439	0.00411664	0.00126776	0.000109375	1.92392e-05	
0.45	0.287335	0.0201705	0.0152722	0.0156216	0.0162911	0.0174836	0.0127297	0.0140984	0.0162032	0.0195983	0.0254617	0.0360725	0.0167971	0.0160625	0.0126248	0.00427101	0.00131842	0.00011398	2.00481e-05	
0.5	0.273923	0.019998	0.0151632	0.015532	0.0162233	0.0174413	0.0127181	0.0141033	0.016229	0.0196527	0.0255605	0.036259	0.0171166	0.0164186	0.012952	0.00440562	0.00136246	0.00011798	2.07498e-05	
0.55	0.261426	0.0197909	0.0150267	0.0154129	0.0161233	0.0173626	0.0126788	0.0140763	0.0162169	0.0196594	0.0255944	0.036348	0.0173792	0.0167176	0.0132307	0.00452216	0.0014005	0.000121434	2.13555e-05	
0.6	0.249739	0.019556	0.0148677	0.0152695	0.0159963	0.0172531	0.0126159	0.0140221	0.016172	0.0196248	0.0255722	0.0363525	0.0175907	0.0169647	0.013465	0.00462214	0.00143309	0.000124395	2.18744e-05	
0.65	0.238777	0.0192986	0.0146903	0.0151059	0.0158467	0.0171175	0.0125327	0.0139445	0.0160989	0.0195546	0.0255013	0.0362837	0.0177557	0.0171646	0.0136588	0.00470689	0.00146069	0.000126907	2.23144e-05	
0.7	0.228471	0.0190228	0.0144977	0.0149254	0.015678	0.0169596	0.0124323	0.0138466	0.0160014	0.0194533	0.0253881	0.0361509	0.0178787	0.0173214	0.0138155	0.00477765	0.00148373	0.00012901	2.26826e-05	
0.75	0.218761	0.0187322	0.0142927	0.014731	0.0154932	0.0167828	0.012317	0.0137314	0.0158828	0.019325	0.025238	0.0359623	0.0179634	0.0174389	0.0139382	0.00483552	0.00150259	0.000130739	2.29851e-05	
0.8	0.209596	0.0184298	0.0140775	0.014525	0.0152951	0.0165901	0.0121891	0.0136012	0.0157458	0.0191733	0.0250556	0.0357248	0.0180133	0.0175204	0.0140298	0.00488152	0.00151762	0.000132126	2.32276e-05	
0.85	0.200934	0.0181181	0.0138541	0.0143095	0.0150857	0.0163837	0.0120504	0.0134581	0.0155931	0.0190013	0.0248452	0.0354445	0.0180317	0.0175691	0.0140929	0.00491661	0.00152914	0.0001332	2.3415e-05	
0.9	0.192734	0.0177992	0.0136242	0.0140863	0.0148671	0.016166	0.0119024	0.013304	0.0154267	0.0188115	0.0246103	0.0351269	0.0180213	0.0175878	0.0141299	0.00494164	0.00153744	0.000133986	2.35519e-05	
0.95	0.184963	0.017475	0.0133893	0.0138569	0.0146409	0.0159388	0.0117466	0.0131404	0.0152485	0.0186064	0.0243542	0.0347767	0.0179848	0.0175791	0.014143	0.00495744	0.00154277	0.000134509	2.36427e-05	
1	0.177589	0.017147	0.0131506	0.0136227	0.0144085	0.0157036	0.0115843	0.0129688	0.0150602	0.0183881	0.0240795	0.034398	0.0179245	0.0175453	0.0141341	0.00496475	0.0015454	0.00013479	2.3691e-05	
1.05	0.170585	0.0168167	0.0129093	0.0133849	0.0141713	0.0154621	0.0114165	0.0127904	0.0148633	0.0181584	0.0237888	0.0339947	0.0178427	0.0174887	0.0141053	0.00496427	0.00154555	0.00013485	2.37006e-05	
1.1	0.163926	0.0164851	0.0126661	0.0131444	0.0139304	0.0152153	0.0112442	0.0126063	0.014659	0.0179189	0.0234844	0.0335701	0.0177414	0.0174114	0.0140581	0.00495663	0.00154342	0.000134708	2.36747e-05	
1.15	0.157588	0.0161533	0.012422	0.0129022	0.0136866	0.0149644	0.0110682	0.0124174	0.0144486	0.0176711	0.0231682	0.033127	0.0176223	0.0173151	0.0139943	0.00494246	0.00153921	0.000134381	2.36163e-05	
1.2	0.151552	0.0158221	0.0121777	0.0126589	0.013441	0.0147104	0.0108892	0.0122248	0.0142331	0.0174163	0.0228419	0.0326683	0.0174873	0.0172016	0.0139153	0.00492231	0.00153311	0.000133884	2.35283e-05	
1.25	0.145798	0.0154923	0.0119337	0.0124153	0.0131941	0.0144541	0.010708	0.012029	0.0140133	0.0171557	0.0225072	0.0321962	0.0173379	0.0170725	0.0138225	0.00489669	0.00152527	0.000133234	2.34132e-05	
1.3	0.14031	0.0151646	0.0116906	0.012172	0.0129468	0.0141964	0.0105251	0.0118308	0.0137901	0.0168902	0.0221654	0.031713	0.0171755	0.0169294	0.0137171	0.0048661	0.00151586	0.000132443	2.32735e-05	
1.35	0.13507	0.0148395	0.0114489	0.0119294	0.0126995	0.0139378	0.010341	0.0116308	0.0135643	0.0166209	0.021818	0.0312205	0.0170015	0.0167735	0.0136005	0.00483098	0.00150502	0.000131525	2.31114e-05	
1.4	0.130065	0.0145174	0.0112089	0.0116881	0.0124527	0.013679	0.0101563	0.0114295	0.0133365	0.0163486	0.0214659	0.0307206	0.0168171	0.0166062	0.0134736	0.00479176	0.00149289	0.000130491	2.29291e-05	
1.45	0.125281	0.0141988	0.010971	0.0114483	0.0122069	0.0134205	0.00997123	0.0112275	0.0131073	0.0160741	0.0211103	0.0302148	0.0166234	0.0164286	0.0133376	0.00474884	0.00147958	0.000129353	2.27285e-05	
1.5	0.120705	0.013884	0.0107355	0.0112104	0.0119626	0.0131627	0.00978627	0.0110251	0.0128773	0.0157979	0.0207521	0.0297046	0.0164216	0.0162419	0.0131933	0.00470256	0.00146521	0.00012812	2.25113e-05	
1.55	0.116327	0.0135733	0.0105026	0.0109748	0.0117199	0.012906	0.00960173	0.0108228	0.0126468	0.0155208	0.0203921	0.0291911	0.0162125	0.016047	0.0130417	0.00465328	0.0014499	0.000126803	2.22793e-05	
1.6	0.112135	0.013267	0.0102726	0.0107416	0.0114793	0.0126509	0.00941788	0.0106209	0.0124164	0.0152433	0.0200311	0.0286756	0.0159971	0.015845	0.0128835	0.00460131	0.00143374	0.000125409	2.20339e-05	
1.65	0.108119	0.0129651	0.0100455	0.010511	0.011241	0.0123977	0.00923499	0.0104197	0.0121864	0.0149659	0.0196699	0.0281592	0.0157762	0.0156366	0.0127196	0.00454694	0.00141683	0.000123948	2.17767e-05	
1.7	0.104271	0.012668	0.00982173	0.0102834	0.0110051	0.0121465	0.00905329	0.0102194	0.0119572	0.014689	0.0193089	0.0276427	0.0155506	0.0154227	0.0125506	0.00449044	0.00139924	0.000122427	2.1509e-05	
1.75	0.100581	0.0123758	0.00960122	0.0100587	0.010772	0.0118978	0.00887297	0.0100205	0.011729	0.0144131	0.0189488	0.0271271	0.015321	0.015204	0.0123772	0.00443207	0.00138107	0.000120853	2.1232e-05	
1.8	0.097042	0.0120885	0.00938412	0.00983721	0.0105417	0.0116516	0.00869423	0.00982291	0.0115022	0.0141384	0.0185901	0.0266131	0.0150881	0.0149813	0.0122001	0.00437207	0.00136238	0.000119232	2.09469e-05	
1.85	0.0936461	0.0118062	0.00917054	0.00961897	0.0103145	0.0114082	0.00851722	0.00962701	0.011277	0.0138654	0.0182332	0.0261014	0.0148524	0.0147551	0.0120197	0.00431064	0.00134324	0.000117572	2.06547e-05	
1.9	0.0903862	0.011529	0.00896052	0.00940408	0.0100904	0.0111677	0.00834207	0.00943293	0.0110536	0.0135943	0.0178786	0.0255926	0.0146145	0.0145262	0.0118366	0.004248	0.00132372	0.000115876	2.03565e-05	
1.95	0.0872559	0.011257	0.00875413	0.00919263	0.00986953	0.0109303	0.00816891	0.00924082	0.0108323	0.0133254	0.0175265	0.0250873	0.014375	0.0142949	0.0116512	0.00418432	0.00130388	0.000114151	2.00531e-05	
2	0.0842488	0.0109902	0.0085514	0.00898466	0.009652	0.0106961	0.00799785	0.00905082	0.0106131	0.0130588	0.0171774	0.024586	0.0141342	0.0140619	0.0114641	0.00411979	0.00128376	0.000112402	1.97455e-05	
2.05	0.0813593	0.0107285	0.00835237	0.00878023	0.00943787	0.0104652	0.00782898	0.00886305	0.0103962	0.0127949	0.0168315	0.0240891	0.0138927	0.0138276	0.0112757	0.00405457	0.00126343	0.000110632	1.94343e-05	
2.1	0.0785817	0.010472	0.00815705	0.00857938	0.0092272	0.0102377	0.00766238	0.0086776	0.0101819	0.0125338	0.0164891	0.0235971	0.0136509	0.0135925	0.0110862	0.0039888	0.00124292	0.000108847	1.91204e-05	
2.15	0.0759111	0.0102206	0.00796544	0.00838212	0.00902003	0.0100136	0.00749812	0.00849458	0.00997011	0.0122757	0.0161504	0.0231102	0.0134091	0.0133569	0.0108961	0.00392262	0.00122229	0.000107049	1.88043e-05	
2.2	0.0733424	0.00997445	0.00777755	0.00818847	0.0088164	0.00979313	0.00733625	0.00831404	0.00976104	0.0120206	0.0158156	0.0226289	0.0131676	0.0131212	0.0107057	0.00385615	0.00120157	0.000105243	1.84868e-05	
2.25	0.0708712	0.00973338	0.00759336	0.00799844	0.00861634	0.00957618	0.00717682	0.00813608	0.00955477	0.0117688	0.0154849	0.0221534	0.0129268	0.0128857	0.0105152	0.00378953	0.00118079	0.000103432	1.81684e-05	
2.3	0.068493	0.00949737	0.00741286	0.00781202	0.00841985	0.00936284	0.00701988	0.00796073	0.00935137	0.0115204	0.0151584	0.0216839	0.0126869	0.0126508	0.0103251	0.00372284	0.00116	0.000101618	1.78495e-05	
2.35	0.0662039	0.0092664	0.00723604	0.00762922	0.00822695	0.00915313	0.00686545	0.00778804	0.00915091	0.0112753	0.0148364	0.0212207	0.0124483	0.0124168	0.0101354	0.00365619	0.00113922	9.98046e-05	1.75308e-05	
2.4	0.0639998	0.0090404	0.00706285	0.00745	0.00803764	0.00894708	0.00671356	0.00761806	0.00895344	0.0110338	0.0145188	0.0207639	0.0122111	0.0121838	0.00994645	0.00358968	0.00111847	9.79944e-05	1.72126e-05	
2.45	0.0618772	0.00881933	0.00689328	0.00727436	0.0078519	0.00874469	0.00656423	0.00745081	0.008759	0.0107959	0.0142059	0.0203136	0.0119756	0.0119522	0.00975845	0.00352338	0.0010978	9.61895e-05	1.68954e-05	
2.5	0.0598326	0.00860312	0.00672729	0.00710227	0.00766973	0.00854597	0.00641747	0.00728631	0.00856764	0.0105615	0.0138977	0.0198702	0.011742	0.0117222	0.00957159	0.00345738	0.00107722	9.4392e-05	1.65795e-05	
2.55	0.0578627	0.0083917	0.00656484	0.00693369	0.00749111	0.00835091	0.00627329	0.00712459	0.00837938	0.0103309	0.0135942	0.0194335	0.0115103	0.0114939	0.00938603	0.00339173	0.00105675	9.26039e-05	1.62652e-05	
2.6	0.0559643	0.00818502	0.00640588	0.00676861	0.00731602	0.00815951	0.00613169	0.00696565	0.00819424	0.010104	0.0132955	0.0190038	0.0112809	0.0112675	0.00920194	0.00332651	0.00103641	9.08271e-05	1.5953e-05	
2.65	0.0541345	0.007983	0.00625038	0.00660698	0.00714444	0.00797174	0.00599266	0.0068095	0.00801225	0.00988084	0.0130017	0.018581	0.0110539	0.0110433	0.00901947	0.00326178	0.00101622	8.9063e-05	1.5643e-05	
2.7	0.0523704	0.00778557	0.00609828	0.00644876	0.00697632	0.0077876	0.00585621	0.00665615	0.0078334	0.00966144	0.0127128	0.0181654	0.0108293	0.0108212	0.00883873	0.00319758	0.000996202	8.73132e-05	1.53355e-05	
2.75	0.0506693	0.00759265	0.00594955	0.00629391	0.00681165	0.00760705	0.00572232	0.00650557	0.00765771	0.00944581	0.0124288	0.0177568	0.0106073	0.0106016	0.00865985	0.00313396	0.000976365	8.5579e-05	1.50307e-05	
2.8	0.0490288	0.00740417	0.00580412	0.0061424	0.00665038	0.00743007	0.00559097	0.00635778	0.00748517	0.00923397	0.0121498	0.0173553	0.0103881	0.0103845	0.00848293	0.00307097	0.000956724	8.38617e-05	1.4729e-05	
2.85	0.0474463	0.00722006	0.00566196	0.00599417	0.00649247	0.00725663	0.00546216	0.00621275	0.00731577	0.00902591	0.0118756	0.016961	0.0101716	0.0101699	0.00830806	0.00300865	0.00093729	8.21622e-05	1.44304e-05	
2.9	0.0459195	0.00704023	0.005523	0.00584918	0.00633789	0.0070867	0.00533587	0.00607048	0.00714951	0.00882162	0.0116064	0.0165737	0.00995797	0.00995809	0.00813534	0.00294703	0.000918076	8.04816e-05	1.41351e-05	
2.95	0.0444462	0.00686461	0.0053872	0.00570737	0.0061866	0.00692024	0.00521207	0.00593094	0.00698636	0.00862109	0.0113422	0.0161936	0.00974729	0.00974902	0.00796482	0.00288614	0.000899089	7.88207e-05	1.38432e-05	
3	0.0430244	0.00669312	0.00525449	0.00556872	0.00603854	0.0067572	0.00509074	0.00579412	0.00682632	0.00842432	0.0110828	0.0158206	0.00953961	0.0095428	0.00779658	0.002826	0.00088034	7.71803e-05	1.3555e-05	
3.05	0.0416519	0.00652568	0.00512484	0.00543315	0.00589368	0.00659756	0.00497186	0.00565999	0.00666935	0.00823126	0.0108284	0.0154547	0.00933499	0.00933949	0.00763067	0.00276665	0.000861834	7.55611e-05	1.32705e-05	
3.1	0.0403269	0.00636221	0.00499817	0.00530062	0.00575196	0.00644127	0.0048554	0.00552852	0.00651544	0.00804191	0.0105788	0.0150958	0.00913346	0.00913915	0.00746714	0.00270811	0.00084358	7.39636e-05	1.29899e-05	
3.15	0.0390476	0.00620264	0.00487444	0.00517109	0.00561335	0.00628828	0.00474134	0.0053997	0.00636457	0.00785624	0.010334	0.0147439	0.00893506	0.00894181	0.00730603	0.00265038	0.000825583	7.23884e-05	1.27131e-05	
3.2	0.0378121	0.00604689	0.0047536	0.00504449	0.00547778	0.00613855	0.00462964	0.00527349	0.00621669	0.00767421	0.010094	0.0143989	0.00873982	0.00874751	0.00714738	0.00259349	0.000807848	7.0836e-05	1.24404e-05	
3.25	0.0366189	0.00589487	0.00463558	0.00492078	0.00534522	0.00599203	0.00452027	0.00514986	0.00607179	0.0074958	0.00985872	0.0140608	0.00854775	0.00855629	0.00699121	0.00253746	0.000790378	6.93066e-05	1.21717e-05	
3.3	0.0354662	0.00574651	0.00452033	0.0047999	0.00521561	0.00584867	0.00441321	0.00502879	0.00592983	0.00732095	0.00962818	0.0137295	0.00835889	0.00836817	0.00683755	0.00248229	0.000773177	6.78007e-05	1.19072e-05	
3.35	0.0343527	0.00560174	0.0044078	0.0046818	0.00508891	0.00570843	0.00430842	0.00491023	0.00579077	0.00714965	0.00940228	0.0134049	0.00817322	0.00818316	0.00668641	0.00242798	0.000756249	6.63185e-05	1.16468e-05	
3.4	0.0332767	0.00546048	0.00429793	0.00456644	0.00496505	0.00557126	0.00420586	0.00479416	0.00565458	0.00698184	0.009181	0.0130871	0.00799077	0.00800128	0.0065378	0.00237456	0.000739595	6.48601e-05	1.13906e-05	
3.45	0.032237	0.00532265	0.00419068	0.00445375	0.004844	0.00543711	0.00410551	0.00468054	0.00552122	0.00681749	0.00896426	0.0127758	0.00781153	0.00782253	0.00639174	0.00232202	0.000723216	6.34257e-05	1.11386e-05	
3.5	0.0312321	0.00518818	0.00408598	0.00434369	0.0047257	0.00530592	0.00400734	0.00456934	0.00539066	0.00665656	0.00875202	0.012471	0.0076355	0.00764692	0.00624823	0.00227037	0.000707115	6.20155e-05	1.08909e-05	
3.55	0.0302608	0.00505699	0.00398378	0.0042362	0.00461009	0.00517765	0.0039113	0.00446052	0.00526286	0.00649898	0.00854422	0.0121726	0.00746266	0.00747444	0.00610726	0.0022196	0.000691291	6.06295e-05	1.06474e-05	
3.6	0.0293218	0.00492902	0.00388404	0.00413124	0.00449714	0.00505225	0.00381736	0.00435405	0.00513778	0.00634474	0.0083408	0.0118806	0.007293	0.00730508	0.00596883	0.00216973	0.000675745	5.92678e-05	1.04082e-05	
3.65	0.028414	0.00480419	0.00378669	0.00402874	0.00438679	0.00492966	0.00372549	0.00424988	0.00501537	0.00619376	0.00814169	0.0115949	0.00712652	0.00713884	0.00583294	0.00212074	0.000660477	5.79302e-05	1.01733e-05	
3.7	0.0275363	0.00468243	0.00369169	0.00392867	0.00427899	0.00480983	0.00363566	0.00414798	0.00489559	0.00604601	0.00794685	0.0113153	0.00696319	0.0069757	0.00569958	0.00207264	0.000645485	5.66168e-05	9.94255e-06	
3.75	0.0266874	0.00456368	0.00359899	0.00383098	0.00417369	0.00469273	0.00354782	0.00404832	0.00477842	0.00590144	0.0077562	0.0110417	0.00680298	0.00681564	0.00556872	0.00202543	0.00063077	5.53275e-05	9.71608e-06	
3.8	0.0258665	0.00444786	0.00350853	0.0037356	0.00407084	0.00457828	0.00346195	0.00395086	0.00466379	0.00576	0.00756968	0.0107742	0.00664588	0.00665865	0.00544037	0.0019791	0.00061633	5.40623e-05	9.49384e-06	
3.85	0.0250725	0.0043349	0.00342027	0.0036425	0.00397039	0.00446646	0.003378	0.00385555	0.00455168	0.00562164	0.00738722	0.0105126	0.00649186	0.00650469	0.00531449	0.00193364	0.000602163	5.28209e-05	9.27579e-06	
3.9	0.0243044	0.00422475	0.00333416	0.00355163	0.0038723	0.00435719	0.00329595	0.00376237	0.00444204	0.00548631	0.00720877	0.0102567	0.00634089	0.00635375	0.00519108	0.00188906	0.000588268	5.16032e-05	9.06191e-06	
3.95	0.0235613	0.00411733	0.00325015	0.00346293	0.00377651	0.00425044	0.00321576	0.00367127	0.00433482	0.00535396	0.00703425	0.0100065	0.00619293	0.00620579	0.0050701	0.00184533	0.000574642	5.04091e-05	8.85217e-06	
4	0.0228424	0.00401259	0.00316819	0.00337636	0.00368298	0.00414616	0.00313739	0.00358221	0.00422999	0.00522454	0.0068636	0.00976197	0.00604796	0.00606079	0.00495154	0.00180247	0.000561283	4.92383e-05	8.64653e-06	
4.05	0.0221468	0.00391046	0.00308825	0.00329188	0.00359166	0.00404429	0.0030608	0.00349517	0.00412751	0.00509799	0.00669675	0.0095229	0.00590595	0.00591872	0.00483536	0.00176045	0.00054819	4.80907e-05	8.44497e-06	
4.1	0.0214736	0.00381087	0.00301026	0.00320944	0.0035025	0.00394479	0.00298598	0.0034101	0.00402732	0.00497428	0.00653364	0.00928924	0.00576685	0.00577954	0.00472156	0.00171928	0.000535359	4.69661e-05	8.24743e-06	
4.15	0.0208221	0.00371378	0.00293419	0.003129	0.00341547	0.00384762	0.00291287	0.00332696	0.00392939	0.00485334	0.0063742	0.00906088	0.00563064	0.00564322	0.00461009	0.00167893	0.000522787	4.58641e-05	8.05388e-06	
4.2	0.0201915	0.00361912	0.00286	0.0030505	0.0033305	0.00375271	0.00284145	0.00324572	0.00383368	0.00473512	0.00621836	0.00883774	0.00549726	0.00550973	0.00450092	0.00163941	0.000510472	4.47846e-05	7.86428e-06	
4.25	0.0195811	0.00352682	0.00278764	0.00297391	0.00324757	0.00366004	0.00277168	0.00316634	0.00374015	0.00461959	0.00606606	0.00861971	0.00536669	0.00537902	0.00439404	0.0016007	0.00049841	4.37272e-05	7.67857e-06	
4.3	0.0189902	0.00343685	0.00271706	0.00289918	0.00316662	0.00356954	0.00270354	0.00308879	0.00364875	0.00450668	0.00591723	0.0084067	0.00523889	0.00525106	0.0042894	0.00156279	0.000486599	4.26918e-05	7.49672e-06	
4.35	0.0184182	0.00334913	0.00264823	0.00282628	0.00308762	0.00348118	0.00263698	0.00301302	0.00355944	0.00439635	0.00577181	0.00819861	0.00511381	0.00512581	0.00418699	0.00152568	0.000475035	4.1678e-05	7.31866e-06	
4.4	0.0178643	0.00326362	0.00258111	0.00275516	0.00301051	0.00339491	0.00257197	0.00293901	0.00347219	0.00428854	0.00562973	0.00799534	0.00499142	0.00500324	0.00408676	0.00148935	0.000463715	4.06855e-05	7.14436e-06	
4.45	0.017328	0.00318026	0.00251565	0.00268577	0.00293526	0.00331069	0.00250849	0.00286672	0.00338695	0.00418322	0.00549093	0.00779681	0.00487167	0.0048833	0.00398868	0.00145379	0.000452636	3.97141e-05	6.97375e-06	
4.5	0.0168087	0.003099	0.00245182	0.00261809	0.00286183	0.00322846	0.0024465	0.00279611	0.00330368	0.00408032	0.00535534	0.00760292	0.00475452	0.00476595	0.00389272	0.00141898	0.000441793	3.87634e-05	6.80678e-06	
4.55	0.0163058	0.00301979	0.00238957	0.00255207	0.00279018	0.0031482	0.00238597	0.00272715	0.00322234	0.00397981	0.00522289	0.00741358	0.00463993	0.00465115	0.00379885	0.00138493	0.000431184	3.78332e-05	6.64341e-06	
4.6	0.0158187	0.00294259	0.00232888	0.00248767	0.00272026	0.00306985	0.00232687	0.00265981	0.0031429	0.00388163	0.00509354	0.00722869	0.00452786	0.00453887	0.00370704	0.00135161	0.000420805	3.6923e-05	6.48357e-06	
4.65	0.0153469	0.00286733	0.0022697	0.00242486	0.00265203	0.00299338	0.00226916	0.00259404	0.00306531	0.00378573	0.00496721	0.00704816	0.00441826	0.00442905	0.00361725	0.00131902	0.000410652	3.60327e-05	6.3272e-06	
4.7	0.0148899	0.00279397	0.002212	0.00236359	0.00258547	0.00291874	0.00221283	0.00252983	0.00298954	0.00369208	0.00484385	0.00687191	0.0043111	0.00432166	0.00352944	0.00128715	0.000400721	3.51619e-05	6.17427e-06	
4.75	0.0144471	0.00272247	0.00215574	0.00230384	0.00252053	0.00284589	0.00215784	0.00246713	0.00291555	0.00360063	0.00472338	0.00669984	0.00420632	0.00421666	0.00344359	0.00125597	0.00039101	3.43102e-05	6.0247e-06	
4.8	0.0140182	0.00265279	0.00210088	0.00224556	0.00245717	0.0027748	0.00210415	0.00240592	0.0028433	0.00351132	0.00460576	0.00653187	0.0041039	0.004114	0.00335965	0.00122549	0.000381514	3.34774e-05	5.87844e-06	
4.85	0.0136027	0.00258487	0.0020474	0.00218873	0.00239536	0.00270542	0.00205175	0.00234615	0.00277275	0.00342412	0.00449092	0.00636791	0.00400378	0.00401365	0.0032776	0.00119568	0.000372229	3.26631e-05	5.73544e-06	
4.9	0.0132001	0.00251867	0.00199526	0.00213331	0.00233507	0.00263772	0.00200061	0.00228781	0.00270388	0.00333898	0.0043788	0.00620788	0.00390592	0.00391556	0.00319741	0.00116654	0.000363152	3.1867e-05	5.59563e-06	
4.95	0.0128099	0.00245415	0.00194443	0.00207925	0.00227625	0.00257165	0.00195069	0.00223086	0.00263663	0.00325585	0.00426935	0.00605169	0.00381028	0.00381969	0.00311903	0.00113805	0.000354279	3.10888e-05	5.45896e-06	
5	0.0124318	0.00239127	0.00189488	0.00202655	0.00221887	0.00250719	0.00190197	0.00217526	0.00257099	0.0031747	0.00416251	0.00589925	0.00371683	0.003726	0.00304243	0.00111021	0.000345606	3.03281e-05	5.32538e-06	
5.05	0.0120654	0.00232998	0.00184657	0.00197515	0.0021629	0.00244429	0.00185442	0.002121	0.00250691	0.00309548	0.00405823	0.00575049	0.00362551	0.00363444	0.00296759	0.001083	0.000337131	2.95847e-05	5.19483e-06	
5.1	0.0117103	0.00227026	0.00179947	0.00192503	0.00210832	0.00238293	0.00180802	0.00206804	0.00244436	0.00301816	0.00395644	0.00560533	0.00353629	0.00354499	0.00289446	0.00105641	0.000328848	2.88582e-05	5.06724e-06	
5.15	0.0113662	0.00221205	0.00175356	0.00187616	0.00205507	0.00232305	0.00176274	0.00201635	0.0023833	0.00294267	0.00385709	0.00546368	0.00344912	0.00345759	0.00282301	0.00103042	0.000320755	2.81483e-05	4.94258e-06	
5.2	0.0110326	0.00215533	0.00170881	0.0018285	0.00200314	0.00226464	0.00171855	0.0019659	0.00232371	0.002869	0.00376014	0.00532547	0.00336397	0.00337221	0.00275322	0.00100503	0.000312847	2.74547e-05	4.82077e-06	
5.25	0.0107092	0.00210005	0.00166518	0.00178204	0.00195249	0.00220765	0.00167544	0.00191667	0.00226555	0.0027971	0.00366552	0.00519062	0.0032808	0.00328881	0.00268505	0.000980226	0.000305122	2.6777e-05	4.70176e-06	
5.3	0.0103957	0.00204617	0.00162266	0.00173673	0.00190309	0.00215206	0.00163337	0.00186863	0.00220879	0.00272692	0.00357318	0.00505906	0.00319956	0.00320734	0.00261846	0.000955995	0.000297575	2.6115e-05	4.58551e-06	
5.35	0.0100918	0.00199367	0.0015812	0.00169256	0.00185491	0.00209783	0.00159232	0.00182175	0.0021534	0.00265844	0.00348309	0.00493071	0.00312022	0.00312777	0.00255342	0.000932324	0.000290203	2.54683e-05	4.47195e-06	
5.4	0.00979709	0.00194251	0.0015408	0.0016495	0.00180793	0.00204492	0.00155228	0.00177601	0.00209935	0.00259161	0.00339517	0.00480549	0.00304273	0.00305006	0.00248991	0.000909205	0.000283003	2.48367e-05	4.36103e-06	
5.45	0.0095114	0.00189265	0.00150141	0.00160751	0.00176211	0.00199332	0.00151321	0.00173137	0.0020466	0.0025264	0.00330939	0.00468335	0.00296707	0.00297418	0.00242789	0.000886624	0.000275971	2.42198e-05	4.2527e-06	
5.5	0.00923438	0.00184407	0.00146302	0.00156657	0.00171743	0.00194298	0.00147509	0.00168782	0.00199513	0.00246276	0.0032257	0.0045642	0.00289318	0.00290007	0.00236732	0.000864572	0.000269104	2.36173e-05	4.1469e-06	
5.55	0.00896576	0.00179672	0.0014256	0.00152666	0.00167385	0.00189388	0.00143791	0.00164533	0.00194491	0.00240067	0.00314405	0.00444798	0.00282104	0.00282772	0.00230819	0.000843037	0.000262398	2.3029e-05	4.04359e-06	
5.6	0.00870527	0.00175059	0.00138913	0.00148775	0.00163136	0.00184599	0.00140163	0.00160387	0.00189591	0.00234009	0.00306439	0.00433463	0.0027506	0.00275707	0.00225046	0.000822009	0.00025585	2.24545e-05	3.94271e-06	
5.65	0.00845266	0.00170563	0.00135358	0.00144981	0.00158993	0.00179929	0.00136624	0.00156343	0.0018481	0.00228098	0.00298668	0.00422406	0.00268183	0.0026881	0.0021941	0.000801477	0.000249456	2.18936e-05	3.8442e-06	
5.7	0.00820766	0.00166181	0.00131893	0.00141283	0.00154953	0.00175373	0.00133173	0.00152397	0.00180146	0.00222332	0.00291087	0.00411623	0.0026147	0.00262077	0.00213907	0.00078143	0.000243214	2.13459e-05	3.74803e-06	
5.75	0.00797004	0.00161912	0.00128516	0.00137678	0.00151013	0.0017093	0.00129805	0.00148548	0.00175596	0.00216706	0.00283692	0.00401106	0.00254917	0.00255503	0.00208536	0.000761858	0.000237119	2.08112e-05	3.65414e-06	
5.8	0.00773957	0.00157752	0.00125224	0.00134164	0.00147172	0.00166597	0.00126521	0.00144793	0.00171156	0.00211218	0.00276478	0.00390849	0.0024852	0.00249087	0.00203293	0.000742752	0.00023117	2.02892e-05	3.56247e-06	
5.85	0.00751602	0.00153698	0.00122016	0.00130737	0.00143427	0.0016237	0.00123317	0.0014113	0.00166825	0.00205864	0.00269442	0.00380847	0.00242276	0.00242824	0.00198176	0.0007241	0.000225362	1.97796e-05	3.47299e-06	
5.9	0.00729916	0.00149748	0.00118889	0.00127397	0.00139775	0.00158249	0.00120193	0.00137557	0.00162601	0.00200641	0.00262579	0.00371092	0.00236181	0.00236711	0.00193181	0.000705893	0.000219693	1.92822e-05	3.38565e-06	
5.95	0.0070888	0.00145898	0.00115842	0.00124142	0.00136214	0.0015423	0.00117145	0.00134071	0.00158479	0.00195546	0.00255885	0.0036158	0.00230233	0.00230744	0.00188306	0.000688121	0.00021416	1.87967e-05	3.30039e-06	
6	0.00688472	0.00142147	0.00112871	0.00120968	0.00132742	0.0015031	0.00114172	0.00130672	0.00154459	0.00190576	0.00249356	0.00352304	0.00224428	0.00224921	0.00183549	0.000670775	0.000208759	1.83228e-05	3.21718e-06	
6.05	0.00668673	0.00138492	0.00109976	0.00117874	0.00129357	0.00146487	0.00111273	0.00127355	0.00150538	0.00185728	0.00242988	0.00343259	0.00218762	0.00219238	0.00178906	0.000653845	0.000203488	1.78603e-05	3.13596e-06	
6.1	0.00649464	0.00134931	0.00107155	0.00114858	0.00126056	0.0014276	0.00108446	0.00124121	0.00146713	0.00181	0.00236778	0.00334439	0.00213234	0.00213692	0.00174375	0.000637322	0.000198343	1.74089e-05	3.05669e-06	
6.15	0.00630827	0.0013146	0.00104405	0.00111918	0.00122839	0.00139125	0.00105688	0.00120966	0.00142982	0.00176388	0.00230721	0.00325839	0.00207838	0.0020828	0.00169954	0.000621197	0.000193323	1.69683e-05	2.97933e-06	
6.2	0.00612743	0.00128078	0.00101725	0.00109052	0.00119701	0.0013558	0.00102999	0.00117889	0.00139343	0.0017189	0.00224814	0.00317454	0.00202573	0.00202999	0.0016564	0.00060546	0.000188423	1.65384e-05	2.90384e-06	
6.25	0.00595195	0.00124783	0.000991135	0.00106258	0.00116643	0.00132124	0.00100376	0.00114888	0.00135794	0.00167503	0.00219053	0.00309277	0.00197436	0.00197845	0.00161431	0.000590103	0.000183642	1.61188e-05	2.83017e-06	
6.3	0.00578168	0.00121572	0.000965679	0.00103535	0.00113661	0.00128754	0.000978178	0.00111961	0.00132332	0.00163223	0.00213435	0.00301305	0.00192423	0.00192817	0.00157323	0.000575117	0.000178977	1.57094e-05	2.75828e-06	
6.35	0.00561644	0.00118443	0.00094087	0.00100881	0.00110753	0.00125467	0.000953233	0.00109107	0.00128955	0.0015905	0.00207957	0.00293532	0.00187532	0.0018791	0.00153316	0.000560493	0.000174424	1.53099e-05	2.68813e-06	
6.4	0.00545608	0.00115394	0.000916691	0.000982937	0.00107919	0.00122262	0.000928906	0.00106323	0.00125662	0.0015498	0.00202614	0.00285953	0.0018276	0.00183123	0.00149405	0.000546224	0.000169982	1.49201e-05	2.61968e-06	
6.45	0.00530045	0.00112423	0.000893126	0.000957716	0.00105155	0.00119137	0.000905183	0.00103608	0.00122451	0.0015101	0.00197404	0.00278564	0.00178103	0.00178452	0.0014559	0.000532301	0.000165647	1.45397e-05	2.55289e-06	
6.5	0.0051494	0.00109528	0.00087016	0.000933132	0.00102461	0.0011609	0.000882048	0.0010096	0.00119318	0.00147139	0.00192324	0.0027136	0.0017356	0.00173894	0.00141868	0.000518715	0.000161418	1.41685e-05	2.48771e-06	
6.55	0.0050028	0.00106707	0.000847777	0.000909168	0.000998347	0.00113119	0.000859487	0.000983773	0.00116263	0.00143363	0.0018737	0.00264336	0.00169128	0.00169448	0.00138237	0.000505459	0.000157291	1.38064e-05	2.42413e-06	
6.6	0.00486051	0.00103958	0.000825962	0.00088581	0.00097274	0.00110222	0.000837486	0.000958589	0.00113284	0.00139681	0.00182539	0.00257488	0.00164803	0.0016511	0.00134694	0.000492525	0.000153265	1.3453e-05	2.36208e-06	
6.65	0.00472239	0.00101279	0.000804702	0.000863041	0.000947776	0.00107397	0.000816031	0.000934027	0.00110378	0.0013609	0.00177828	0.00250811	0.00160584	0.00160877	0.00131238	0.000479905	0.000149337	1.31083e-05	2.30154e-06	
6.7	0.00458832	0.000986684	0.000783981	0.000840846	0.000923437	0.00104643	0.000795109	0.000910074	0.00107545	0.00132588	0.00173234	0.00244301	0.00156467	0.00156748	0.00127865	0.000467593	0.000145504	1.27719e-05	2.24248e-06	
6.75	0.00445817	0.000961247	0.000763786	0.000819212	0.00089971	0.00101957	0.000774707	0.000886715	0.00104781	0.00129173	0.00168754	0.00237954	0.00152452	0.00152719	0.00124576	0.000455579	0.000141764	1.24437e-05	2.18485e-06	
6.8	0.00433183	0.000936459	0.000744103	0.000798124	0.000876577	0.000993382	0.000754811	0.000863934	0.00102086	0.00125842	0.00164386	0.00231766	0.00148534	0.00148789	0.00121366	0.000443858	0.000138115	1.21235e-05	2.12863e-06	
6.85	0.00420917	0.000912303	0.00072492	0.000777567	0.000854024	0.000967847	0.00073541	0.000841717	0.00099457	0.00122594	0.00160126	0.00225733	0.00144711	0.00144954	0.00118235	0.000432421	0.000134556	1.18111e-05	2.07377e-06	
6.9	0.0040901	0.000888764	0.000706224	0.000757529	0.000832037	0.000942948	0.000716489	0.00082005	0.000968934	0.00119426	0.00155972	0.0021985	0.00140982	0.00141213	0.0011518	0.000421263	0.000131082	1.15062e-05	2.02024e-06	
6.95	0.00397449	0.000865826	0.000688001	0.000737996	0.0008106	0.00091867	0.000698039	0.00079892	0.000943932	0.00116337	0.00151922	0.00214115	0.00137344	0.00137563	0.001122	0.000410376	0.000127693	1.12088e-05	1.96802e-06	
7	0.00386224	0.000843471	0.000670241	0.000718956	0.000789701	0.000894996	0.000680046	0.000778313	0.000919549	0.00113324	0.00147972	0.00208523	0.00133794	0.00134002	0.00109292	0.000399753	0.000124387	1.09186e-05	1.91706e-06	
7.05	0.00375325	0.000821687	0.00065293	0.000700395	0.000769325	0.000871912	0.0006625	0.000758216	0.000895768	0.00110385	0.0014412	0.00203071	0.00130331	0.00130528	0.00106455	0.000389388	0.000121161	1.06354e-05	1.86734e-06	
7.1	0.00364742	0.000800457	0.000636058	0.000682302	0.000749459	0.000849402	0.000645389	0.000738616	0.000872575	0.00107519	0.00140364	0.00197754	0.00126952	0.00127138	0.00103688	0.000379275	0.000118013	1.03591e-05	1.81883e-06	
7.15	0.00354467	0.000779768	0.000619612	0.000664663	0.000730091	0.000827452	0.000628702	0.000719501	0.000849954	0.00104724	0.001367	0.0019257	0.00123655	0.0012383	0.00100987	0.000369406	0.000114941	1.00895e-05	1.77149e-06	
7.2	0.00344488	0.000759604	0.000603583	0.000647469	0.000711206	0.000806048	0.000612428	0.000700857	0.000827891	0.00101998	0.00133128	0.00187515	0.00120438	0.00120603	0.000983522	0.000359777	0.000111944	9.82645e-06	1.7253e-06	
7.25	0.00334798	0.000739953	0.000587958	0.000630706	0.000692793	0.000785175	0.000596556	0.000682674	0.000806372	0.000993397	0.00129644	0.00182586	0.001173	0.00117454	0.000957812	0.000350379	0.000109019	9.56972e-06	1.68022e-06	
7.3	0.00325388	0.000720802	0.000572729	0.000614365	0.00067484	0.000764821	0.000581077	0.000664939	0.000785383	0.000967465	0.00126246	0.00177779	0.00114237	0.00114381	0.000932724	0.000341209	0.000106165	9.31918e-06	1.63623e-06	
7.35	0.0031625	0.000702136	0.000557883	0.000598434	0.000657335	0.000744971	0.000565981	0.000647641	0.00076491	0.00094217	0.00122931	0.00173092	0.00111249	0.00111383	0.000908242	0.000332259	0.000103379	9.07468e-06	1.5933e-06	
7.4	0.00307374	0.000683944	0.000543412	0.000582901	0.000640266	0.000725613	0.000551257	0.000630769	0.00074494	0.000917497	0.00119699	0.0016852	0.00108333	0.00108456	0.00088435	0.000323524	0.00010066	8.83604e-06	1.5514e-06	
7.45	0.00298755	0.000666212	0.000529305	0.000567758	0.000623622	0.000706734	0.000536895	0.000614311	0.00072546	0.000893429	0.00116546	0.00164061	0.00105487	0.00105601	0.000861033	0.000314998	9.80068e-05	8.60311e-06	1.5105e-06	
7.5	0.00290382	0.000648929	0.000515554	0.000552994	0.000607391	0.000688321	0.000522887	0.000598257	0.000706458	0.000869951	0.0011347	0.00159712	0.00102709	0.00102813	0.000838275	0.000306676	9.54166e-05	8.37575e-06	1.47058e-06	
7.55	0.00282251	0.000632084	0.000502147	0.000538599	0.000591564	0.000670362	0.000509223	0.000582596	0.000687919	0.000847046	0.00110469	0.0015547	0.00099998	0.00100092	0.00081606	0.000298552	9.28881e-05	8.1538e-06	1.43161e-06	
7.6	0.00274352	0.000615663	0.000489078	0.000524562	0.000576128	0.000652846	0.000495894	0.000567318	0.000669833	0.0008247	0.00107542	0.00151332	0.000973519	0.000974365	0.000794375	0.000290621	9.04196e-05	7.93711e-06	1.39356e-06	
7.65	0.0026668	0.000599657	0.000476335	0.000510875	0.000561075	0.000635761	0.000482892	0.000552413	0.000652188	0.000802898	0.00104687	0.00147295	0.000947688	0.000948438	0.000773205	0.000282877	8.80094e-05	7.72553e-06	1.35642e-06	
7.7	0.00259228	0.000584053	0.000463912	0.000497529	0.000546394	0.000619095	0.000470207	0.000537871	0.000634971	0.000781625	0.001019	0.00143357	0.00092247	0.000923124	0.000752534	0.000275315	8.56559e-05	7.51893e-06	1.32014e-06	
7.75	0.00251988	0.000568842	0.000451799	0.000484514	0.000532074	0.000602837	0.000457831	0.000523682	0.000618171	0.000760867	0.000991814	0.00139514	0.000897849	0.000898406	0.00073235	0.00026793	8.33575e-05	7.31716e-06	1.28471e-06	
7.8	0.00244955	0.000554013	0.000439988	0.000471821	0.000518107	0.000586976	0.000445756	0.000509836	0.000601776	0.000740609	0.000965282	0.00135764	0.000873807	0.000874268	0.000712637	0.000260717	8.11125e-05	7.12008e-06	1.25011e-06	
7.85	0.00238123	0.000539555	0.000428471	0.000459442	0.000504483	0.000571502	0.000433974	0.000496325	0.000585777	0.000720839	0.000939388	0.00132105	0.00085033	0.000850693	0.000693384	0.000253671	7.89195e-05	6.92755e-06	1.21631e-06	
7.9	0.00231485	0.000525459	0.00041724	0.000447369	0.000491192	0.000556403	0.000422476	0.000483139	0.000570161	0.000701542	0.000914114	0.00128533	0.000827399	0.000827664	0.000674575	0.000246786	7.67769e-05	6.73945e-06	1.18328e-06	
7.95	0.00225036	0.000511714	0.000406287	0.000435592	0.000478226	0.000541671	0.000411255	0.000470269	0.000554919	0.000682705	0.000889442	0.00125046	0.000805	0.000805166	0.000656197	0.000240059	7.46831e-05	6.55563e-06	1.15101e-06	
8	0.00218771	0.000498312	0.000395605	0.000424104	0.000465576	0.000527294	0.000400304	0.000457707	0.000540039	0.000664315	0.000865356	0.00121643	0.000783117	0.000783183	0.000638239	0.000233484	7.26367e-05	6.37596e-06	1.11946e-06	
8.05	0.00212683	0.000485243	0.000385186	0.000412898	0.000453232	0.000513263	0.000389614	0.000445443	0.000525512	0.00064636	0.000841838	0.00118319	0.000761734	0.000761699	0.000620685	0.000227056	7.06361e-05	6.20031e-06	1.08862e-06	
8.1	0.00206768	0.000472497	0.000375023	0.000401964	0.000441186	0.000499568	0.000379179	0.00043347	0.000511327	0.000628826	0.000818872	0.00115073	0.000740837	0.000740698	0.000603525	0.000220771	6.868e-05	6.02856e-06	1.05847e-06	
8.15	0.00201021	0.000460067	0.000365109	0.000391296	0.000429431	0.000486199	0.000368991	0.000421779	0.000497474	0.000611702	0.00079644	0.00111903	0.00072041	0.000720165	0.000586744	0.000214624	6.67667e-05	5.86057e-06	1.02897e-06	
8.2	0.00195436	0.000447942	0.000355437	0.000380886	0.000417957	0.000473148	0.000359043	0.000410361	0.000483944	0.000594975	0.000774528	0.00108806	0.000700438	0.000700086	0.00057033	0.00020861	6.48949e-05	5.69621e-06	1.00011e-06	
8.25	0.00190009	0.000436115	0.000346	0.000370727	0.000406757	0.000460405	0.000349327	0.000399209	0.000470728	0.000578633	0.000753118	0.0010578	0.000680908	0.000680444	0.000554272	0.000202725	6.30631e-05	5.53536e-06	9.71874e-07	
8.3	0.00184735	0.000424577	0.000336791	0.000360811	0.000395822	0.000447961	0.000339838	0.000388315	0.000457815	0.000562665	0.000732196	0.00102822	0.000661803	0.000661226	0.000538555	0.000196964	6.12699e-05	5.37789e-06	9.44227e-07	
8.35	0.0017961	0.00041332	0.000327804	0.000351132	0.000385146	0.000435808	0.000330569	0.000377671	0.000445196	0.000547058	0.000711745	0.000999304	0.000643111	0.000642417	0.000523169	0.000191323	5.95138e-05	5.22368e-06	9.17151e-07	
8.4	0.00174629	0.000402335	0.000319033	0.000341682	0.000374719	0.000423936	0.000321512	0.00036727	0.000432862	0.000531802	0.00069175	0.00097103	0.000624816	0.000624001	0.0005081	0.000185796	5.77933e-05	5.07259e-06	8.90624e-07	
8.45	0.00169788	0.000391615	0.000310471	0.000332454	0.000364536	0.000412336	0.00031266	0.000357102	0.000420805	0.000516885	0.000672197	0.000943375	0.000606905	0.000605964	0.000493336	0.00018038	5.61071e-05	4.92449e-06	8.64623e-07	
8.5	0.00165083	0.000381153	0.000302111	0.000323443	0.000354587	0.000401001	0.000304009	0.000347162	0.000409014	0.000502295	0.000653069	0.000916316	0.000589364	0.000588292	0.000478865	0.000175069	5.44537e-05	4.77927e-06	8.39126e-07	
8.55	0.0016051	0.000370939	0.000293948	0.000314641	0.000344867	0.000389922	0.00029555	0.000337442	0.000397481	0.000488021	0.000634352	0.000889832	0.000572177	0.000570971	0.000464675	0.000169859	5.28315e-05	4.63678e-06	8.1411e-07	
8.6	0.00156065	0.000360968	0.000285975	0.000306042	0.000335367	0.00037909	0.000287278	0.000327934	0.000386198	0.000474052	0.000616031	0.000863901	0.000555332	0.000553984	0.000450752	0.000164745	5.12392e-05	4.4969e-06	7.89552e-07	
8.65	0.00151744	0.000351231	0.000278187	0.000297639	0.00032608	0.000368498	0.000279186	0.00031863	0.000375154	0.000460378	0.000598091	0.000838502	0.000538814	0.000537319	0.000437085	0.000159723	4.96751e-05	4.35949e-06	7.65428e-07	
8.7	0.00147544	0.000341721	0.000270578	0.000289425	0.000317	0.000358137	0.000271269	0.000309524	0.000364343	0.000446986	0.000580518	0.000813612	0.000522608	0.000520959	0.000423661	0.000154787	4.81378e-05	4.22442e-06	7.41715e-07	
8.75	0.00143461	0.00033243	0.000263141	0.000281395	0.000308119	0.000347999	0.000263518	0.000300608	0.000353753	0.000433867	0.000563295	0.000789209	0.000506702	0.00050489	0.000410466	0.000149933	4.66257e-05	4.09155e-06	7.18387e-07	
8.8	0.00139492	0.000323352	0.000255871	0.000273542	0.000299429	0.000338075	0.000255929	0.000291875	0.000343378	0.000421008	0.000546409	0.000765273	0.000491079	0.000489098	0.000397488	0.000145155	4.51371e-05	3.96072e-06	6.9542e-07	
8.85	0.00135632	0.000314479	0.000248763	0.000265859	0.000290925	0.000328357	0.000248495	0.000283318	0.000333207	0.000408398	0.000529845	0.00074178	0.000475726	0.000473566	0.000384713	0.000140448	4.36704e-05	3.8318e-06	6.72787e-07	
8.9	0.0013188	0.000305805	0.000241809	0.000258341	0.000282598	0.000318838	0.00024121	0.000274928	0.000323233	0.000396027	0.000513586	0.000718707	0.000460628	0.000458279	0.000372127	0.000135807	4.22238e-05	3.70463e-06	6.5046e-07	
8.95	0.00128231	0.000297321	0.000235005	0.000250981	0.000274442	0.000309509	0.000234066	0.000266699	0.000313445	0.000383883	0.000497618	0.000696033	0.00044577	0.000443221	0.000359717	0.000131227	4.07955e-05	3.57903e-06	6.28412e-07	
9	0.00124684	0.000289021	0.000228344	0.000243772	0.000266449	0.000300361	0.000227058	0.000258622	0.000303835	0.000371953	0.000481924	0.000673733	0.000431135	0.000428376	0.000347467	0.0001267	3.93835e-05	3.45485e-06	6.06611e-07	
9.05	0.00121233	0.000280897	0.000221821	0.000236707	0.000258612	0.000291386	0.000220179	0.000250691	0.000294394	0.000360227	0.000466488	0.000651784	0.000416708	0.000413725	0.000335362	0.000122222	3.79859e-05	3.33188e-06	5.85025e-07	
9.1	0.00117878	0.000272943	0.00021543	0.000229781	0.000250923	0.000282576	0.000213422	0.000242896	0.00028511	0.000348691	0.000451294	0.000630159	0.000402472	0.000399253	0.000323386	0.000117786	3.66004e-05	3.20994e-06	5.63619e-07	
9.15	0.00114614	0.000265151	0.000209164	0.000222987	0.000243375	0.00027392	0.00020678	0.00023523	0.000275975	0.000337332	0.000436324	0.000608834	0.000388409	0.000384939	0.000311522	0.000113384	3.52247e-05	3.08881e-06	5.42356e-07	
9.2	0.0011144	0.000257513	0.000203017	0.000216317	0.00023596	0.00026541	0.000200245	0.000227685	0.000266978	0.000326138	0.000421559	0.00058778	0.000374502	0.000370764	0.000299753	0.000109009	3.38562e-05	2.96826e-06	5.21195e-07	
9.25	0.00108352	0.000250021	0.000196983	0.000209764	0.000228669	0.000257036	0.00019381	0.000220249	0.000258107	0.000315094	0.000406981	0.000566968	0.000360731	0.000356708	0.000288058	0.000104653	3.24922e-05	2.84801e-06	5.00089e-07	
9.3	0.00105348	0.000242668	0.000191054	0.000203321	0.000221494	0.000248787	0.000187467	0.000212916	0.000249351	0.000304186	0.000392568	0.000546367	0.000347074	0.000342748	0.000276417	0.000100308	3.11295e-05	2.72779e-06	4.78986e-07	
9.35	0.00102425	0.000235444	0.000185225	0.000196979	0.000214426	0.000240653	0.000181207	0.000205673	0.000240698	0.000293396	0.000378298	0.000525943	0.00033351	0.000328859	0.000264807	9.59626e-05	2.97645e-05	2.60724e-06	4.57829e-07	
9.4	0.000995798	0.000228341	0.000179486	0.00019073	0.000207454	0.000232622	0.00017502	0.00019851	0.000232134	0.000282707	0.000364148	0.000505659	0.000320012	0.000315014	0.000253202	9.16071e-05	2.83934e-05	2.48599e-06	4.3655e-07	
9.45	0.00096811	0.000221348	0.00017383	0.000184565	0.000200568	0.000224681	0.000168897	0.000191415	0.000223643	0.0002721	0.000350089	0.000485474	0.000306554	0.000301184	0.000241576	8.72287e-05	2.70115e-05	2.36359e-06	4.15067e-07	
9.5	0.000941157	0.000214455	0.000168248	0.000178472	0.000193755	0.000216815	0.000162826	0.000184374	0.000215209	0.000261553	0.000336091	0.00046534	0.000293104	0.000287335	0.000229895	8.28133e-05	2.56134e-05	2.23948e-06	3.93286e-07	
9.55	0.000914912	0.000207649	0.000162727	0.000172441	0.000187002	0.000209007	0.000156793	0.000177371	0.000206812	0.000251041	0.00032212	0.000445205	0.000279625	0.000273427	0.000218123	7.83444e-05	2.41927e-05	2.11301e-06	3.71087e-07	
9.6	0.000889349	0.000200914	0.000157257	0.000166455	0.000180292	0.000201239	0.000150784	0.000170389	0.000198431	0.000240535	0.000308136	0.000425004	0.000266075	0.000259414	0.000206214	7.38021e-05	2.27415e-05	1.98336e-06	3.48322e-07	
9.65	0.000864442	0.000194232	0.00015182	0.000160498	0.000173603	0.000193486	0.000144778	0.000163403	0.000190037	0.000229999	0.000294088	0.000404663	0.000252403	0.000245239	0.000194115	6.91623e-05	2.12501e-05	1.84948e-06	3.24795e-07	
9.7	0.000840159	0.000187576	0.000146395	0.000154545	0.00016691	0.000185714	0.000138751	0.000156385	0.000181593	0.000219387	0.000279915	0.000384084	0.000238545	0.000230833	0.000181758	6.43943e-05	1.97059e-05	1.70997e-06	3.00243e-07	
9.75	0.000816468	0.000180912	0.000140951	0.000148562	0.000160171	0.000177878	0.000132666	0.000149293	0.000173051	0.000208637	0.00026553	0.000363139	0.000224416	0.000216103	0.000169052	5.94574e-05	1.8092e-05	1.56296e-06	2.74297e-07	
9.8	0.000793328	0.00017419	0.000135446	0.000142498	0.000153329	0.000169909	0.000126469	0.000142062	0.000164333	0.000197651	0.000250805	0.000341642	0.000209896	0.000200922	0.000155874	5.42949e-05	1.63848e-05	1.40575e-06	2.46402e-07	
9.85	0.00077069	0.000167331	0.000129811	0.000136276	0.000146293	0.000161695	0.000120072	0.000134589	0.000155311	0.000186268	0.000235524	0.000319275	0.00019479	0.00018509	0.000142037	4.88207e-05	1.45482e-05	1.23421e-06	2.15674e-07	
9.9	0.000748485	0.000160217	0.00012394	0.00012977	0.00013891	0.00015305	0.000113322	0.000126689	0.000145757	0.000174191	0.000219276	0.000295426	0.000178712	0.000168222	0.000127209	4.28889e-05	1.25198e-05	1.04128e-06	1.80533e-07	
9.95	0.000726616	0.000152657	0.000117659	0.000122769	0.000130921	0.000143646	0.000105945	0.000118022	0.000135235	0.000160832	0.000201209	0.000268733	0.000160746	0.000149343	0.000110542	3.6168e-05	1.0166e-05	8.11965e-07	1.37523e-07	
10	0.00070494	0.000144343	0.000110678	0.000114917	0.000121876	0.00013289	9.74294e-05	0.000107937	0.000122877	0.000144965	0.000179433	0.000235865	0.000138366	0.000125317	8.85449e-05	2.69467e-05	6.77231e-06	4.69015e-07	6.87784e-08	
