Numero de iteracoes: 24
Erro: 9.4471e-07
Tempo de Resolucao do Problema: 2369.53 segundos
/////////////////////////////////////////////
Posicao	Fluxo Escalar
	Grupo de Energia 1	Grupo de Energia 2	Grupo de Energia 3	Grupo de Energia 4	Grupo de Energia 5	Grupo de Energia 6	Grupo de Energia 7	Grupo de Energia 8	Grupo de Energia 9	Grupo de Energia 10	Grupo de Energia 11	Grupo de Energia 12	Grupo de Energia 13	Grupo de Energia 14	Grupo de Energia 15	Grupo de Energia 16	Grupo de Energia 17	Grupo de Energia 18	Grupo de Energia 19
0	0.507947	0.0159368	0.0118721	0.0119488	0.0122326	0.0128545	0.00918007	0.00999409	0.0112736	0.0133557	0.0169328	0.0231705	0.00917031	0.0081904	0.00575954	0.00163858	0.000414727	2.84174e-05	4.18246e-06	
0.0285714	0.478467	0.017265	0.0128847	0.0129903	0.0133249	0.0140346	0.0100464	0.0109626	0.0124021	0.014749	0.0188009	0.0259422	0.010303	0.00933349	0.0067485	0.0020107	0.00055112	4.20433e-05	6.96118e-06	
0.0571429	0.454797	0.0181628	0.0135702	0.0136967	0.0140677	0.0148395	0.0106384	0.0116248	0.0131731	0.015698	0.0200647	0.0277997	0.0111558	0.0101863	0.00747413	0.00228076	0.000646877	5.13863e-05	8.7678e-06	
0.0857143	0.434894	0.0187943	0.0140564	0.0142022	0.0146045	0.0154276	0.011075	0.012117	0.0137502	0.0164131	0.021023	0.0292205	0.0118753	0.0109126	0.00809755	0.00251465	0.000728519	5.92474e-05	1.02486e-05	
0.114286	0.417544	0.0192528	0.0144144	0.0145794	0.015011	0.0158799	0.0114151	0.0125042	0.0142089	0.0169867	0.0217985	0.0303822	0.0125104	0.0115587	0.00865467	0.00272461	0.000800981	6.6153e-05	1.15256e-05	
0.142857	0.402013	0.0195925	0.0146846	0.0148689	0.0153284	0.0162392	0.011689	0.0128196	0.0145861	0.0174627	0.0224471	0.0313615	0.0130815	0.0121432	0.0091602	0.00291611	0.00086651	7.23434e-05	1.26551e-05	
0.171429	0.387846	0.0198461	0.0148908	0.0150943	0.0155803	0.0165298	0.0119138	0.0130811	0.0149019	0.0178644	0.0229979	0.0321986	0.0135994	0.012676	0.00962272	0.00309234	0.000926385	7.79576e-05	1.36692e-05	
0.2	0.374752	0.0200339	0.015048	0.01527	0.0157812	0.0167663	0.0120995	0.0132995	0.0151681	0.0182057	0.0234689	0.0329184	0.0140712	0.0131641	0.010048	0.00325536	0.000981434	8.30868e-05	1.45888e-05	
0.228571	0.362538	0.0201694	0.0151658	0.0154058	0.0159406	0.0169584	0.0122528	0.013482	0.0153929	0.0184963	0.0238724	0.0335387	0.014502	0.0136123	0.0104402	0.00340662	0.00103224	8.77957e-05	1.54284e-05	
0.257143	0.351069	0.0202619	0.0152509	0.0155081	0.0160649	0.0171129	0.0123786	0.0136338	0.0155821	0.0187431	0.0242174	0.0340728	0.014896	0.0140246	0.0108026	0.00354721	0.00107926	9.21332e-05	1.61984e-05	
0.285714	0.340247	0.0203181	0.0153084	0.0155819	0.0161594	0.0172349	0.0124805	0.0137589	0.0157401	0.0189515	0.0245113	0.0345315	0.0152563	0.0144041	0.0111376	0.00367801	0.00112282	9.61371e-05	1.69071e-05	
0.314286	0.329999	0.0203433	0.0153421	0.015631	0.0162277	0.0173285	0.0125615	0.0138606	0.0158708	0.0191262	0.0247601	0.0349234	0.0155858	0.0147533	0.0114473	0.00379973	0.00116321	9.98383e-05	1.75605e-05	
0.342857	0.320266	0.0203417	0.0153551	0.0156586	0.0162733	0.0173971	0.012624	0.0139414	0.0159771	0.0192708	0.0249686	0.0352557	0.0158868	0.0150745	0.0117336	0.00391297	0.00120067	0.000103262	1.81639e-05	
0.371429	0.311	0.0203168	0.01535	0.0156673	0.0162986	0.0174435	0.01267	0.0140036	0.0160616	0.0193885	0.0251411	0.0355346	0.0161613	0.0153696	0.011998	0.00401826	0.00123541	0.00010643	1.87214e-05	
0.4	0.30216	0.0202712	0.0153289	0.0156592	0.016306	0.0174702	0.0127012	0.0140493	0.0161266	0.0194819	0.0252811	0.0357653	0.0164111	0.0156402	0.0122418	0.00411604	0.00126759	0.00010936	1.92366e-05	
0.428571	0.293712	0.0202077	0.0152937	0.0156363	0.0162974	0.0174792	0.0127193	0.0140799	0.016174	0.0195535	0.0253916	0.0359522	0.016638	0.015888	0.0124663	0.00420675	0.00129737	0.000112069	1.97125e-05	
0.457143	0.285627	0.0201281	0.015246	0.0156002	0.0162746	0.0174724	0.0127254	0.014097	0.0162054	0.0196051	0.0254754	0.0360993	0.0168432	0.0161141	0.0126725	0.00429075	0.0013249	0.000114571	2.01517e-05	
0.485714	0.277878	0.0200345	0.0151871	0.0155522	0.016239	0.0174512	0.0127208	0.0141019	0.0162224	0.0196387	0.0255349	0.03621	0.0170281	0.01632	0.0128615	0.00436839	0.00135031	0.000116878	2.05565e-05	
0.514286	0.270442	0.0199283	0.0151184	0.0154937	0.0161919	0.0174172	0.0127064	0.0140956	0.0162261	0.0196558	0.0255721	0.0362874	0.0171939	0.0165067	0.0130342	0.00443999	0.0013737	0.000119002	2.0929e-05	
0.542857	0.263297	0.0198111	0.0150408	0.0154258	0.0161344	0.0173716	0.0126833	0.0140793	0.0162178	0.0196578	0.0255888	0.0363343	0.0173417	0.0166752	0.0131914	0.00450583	0.00139519	0.000120953	2.12712e-05	
0.571429	0.256427	0.019684	0.0149554	0.0153494	0.0160677	0.0173154	0.012652	0.0140537	0.0161985	0.019646	0.0255868	0.036353	0.0174725	0.0168265	0.013334	0.00456621	0.00141488	0.000122741	2.15846e-05	
0.6	0.249812	0.0195483	0.0148629	0.0152654	0.0159926	0.0172496	0.0126135	0.0140196	0.0161691	0.0196214	0.0255676	0.0363457	0.0175874	0.0169616	0.0134626	0.00462137	0.00143285	0.000124375	2.18708e-05	
0.628571	0.24344	0.0194048	0.0147642	0.0151746	0.0159099	0.0171752	0.0125683	0.0139779	0.0161305	0.0195852	0.0255325	0.0363146	0.017687	0.0170813	0.013578	0.00467157	0.0014492	0.000125862	2.21314e-05	
0.657143	0.237294	0.0192545	0.01466	0.0150777	0.0158205	0.017093	0.012517	0.0139291	0.0160834	0.0195382	0.0254827	0.0362613	0.0177724	0.0171864	0.0136809	0.00471703	0.001464	0.00012721	2.23675e-05	
0.685714	0.231364	0.0190981	0.0145508	0.0149754	0.0157248	0.0170035	0.0124602	0.0138738	0.0160284	0.0194813	0.0254194	0.0361876	0.0178442	0.0172776	0.0137718	0.00475798	0.00147733	0.000128427	2.25805e-05	
0.714286	0.225637	0.0189365	0.0144371	0.0148681	0.0156236	0.0169076	0.0123983	0.0138126	0.0159663	0.0194153	0.0253436	0.036095	0.0179032	0.0173556	0.0138514	0.00479462	0.00148927	0.000129519	2.27716e-05	
0.742857	0.220103	0.0187701	0.0143196	0.0147565	0.0155174	0.0168058	0.0123318	0.013746	0.0158976	0.0193408	0.0252562	0.0359849	0.01795	0.0174211	0.0139201	0.00482715	0.00149988	0.000130491	2.29417e-05	
0.771429	0.214751	0.0185997	0.0141986	0.0146409	0.0154066	0.0166986	0.0122611	0.0136744	0.0158228	0.0192586	0.0251582	0.0358585	0.0179854	0.0174747	0.0139786	0.00485577	0.00150922	0.000131351	2.30921e-05	
0.8	0.209573	0.0184257	0.0140745	0.0145219	0.0152918	0.0165865	0.0121865	0.0135983	0.0157424	0.0191692	0.0250502	0.0357172	0.0180098	0.0175171	0.0140272	0.00488065	0.00151735	0.000132103	2.32235e-05	
0.828571	0.204561	0.0182487	0.0139477	0.0143998	0.0151734	0.0164701	0.0121084	0.0135179	0.0156569	0.0190731	0.0249332	0.0355619	0.018024	0.0175487	0.0140666	0.00490197	0.00152434	0.000132753	2.3337e-05	
0.857143	0.199707	0.0180689	0.0138186	0.0142748	0.0150516	0.0163496	0.012027	0.0134337	0.0155666	0.018971	0.0248077	0.0353937	0.0180284	0.0175702	0.0140971	0.0049199	0.00153024	0.000133305	2.34334e-05	
0.885714	0.195003	0.0178869	0.0136874	0.0141475	0.014927	0.0162255	0.0119428	0.013346	0.015472	0.0188632	0.0246743	0.0352136	0.0180235	0.017582	0.0141193	0.00493458	0.0015351	0.000133765	2.35135e-05	
0.914286	0.190442	0.017703	0.0135544	0.014018	0.0147997	0.0160982	0.0118559	0.0132551	0.0153734	0.0187502	0.0245338	0.0350225	0.0180099	0.0175846	0.0141334	0.00494617	0.00153897	0.000134137	2.35782e-05	
0.942857	0.186019	0.0175175	0.01342	0.0138867	0.0146701	0.015968	0.0117666	0.0131612	0.0152711	0.0186324	0.0243866	0.0348212	0.017988	0.0175786	0.0141399	0.00495482	0.0015419	0.000134425	2.36281e-05	
0.971429	0.181728	0.0173307	0.0132842	0.0137537	0.0145385	0.0158351	0.0116751	0.0130647	0.0151655	0.0185103	0.0242333	0.0346104	0.0179582	0.0175642	0.0141391	0.00496067	0.00154394	0.000134633	2.36641e-05	
1	0.177563	0.0171429	0.0131474	0.0136194	0.014405	0.0156999	0.0115816	0.0129658	0.0150568	0.018384	0.0240743	0.0343909	0.017921	0.017542	0.0141315	0.00496385	0.00154512	0.000134766	2.36868e-05	
1.02857	0.173519	0.0169543	0.0130097	0.0134839	0.01427	0.0155625	0.0114863	0.0128646	0.0149453	0.0182541	0.0239101	0.0341633	0.0178768	0.0175123	0.0141173	0.00496448	0.00154549	0.000134826	2.36968e-05	
1.05714	0.169591	0.0167651	0.0128714	0.0133473	0.0141336	0.0154234	0.0113895	0.0127615	0.0148312	0.0181208	0.0237411	0.0339283	0.0178259	0.0174756	0.014097	0.0049627	0.0015451	0.000134817	2.36947e-05	
1.08571	0.165774	0.0165757	0.0127325	0.01321	0.0139961	0.0152826	0.0112912	0.0126565	0.0147148	0.0179843	0.0235677	0.0336866	0.0177688	0.0174322	0.0140707	0.00495861	0.00154397	0.000134744	2.36813e-05	
1.11429	0.162065	0.016386	0.0125932	0.013072	0.0138575	0.0151403	0.0111916	0.0125499	0.0145963	0.0178451	0.0233903	0.0334385	0.0177057	0.0173824	0.0140389	0.00495233	0.00154214	0.000134608	2.36569e-05	
1.14286	0.158458	0.0161965	0.0124537	0.0129336	0.0137182	0.0149969	0.0110909	0.0124419	0.0144758	0.0177032	0.0232092	0.0331847	0.017637	0.0173267	0.0140018	0.00494397	0.00153965	0.000134414	2.36223e-05	
1.17143	0.154951	0.016007	0.0123141	0.0127948	0.0135782	0.0148523	0.0109893	0.0123325	0.0143537	0.017559	0.0230248	0.0329257	0.017563	0.0172652	0.0139596	0.00493363	0.00153654	0.000134164	2.35778e-05	
1.2	0.151539	0.015818	0.0121745	0.0126557	0.0134377	0.0147069	0.0108867	0.0122221	0.01423	0.0174127	0.0228373	0.0326619	0.017484	0.0171984	0.0139127	0.00492142	0.00153283	0.00013386	2.3524e-05	
1.22857	0.14822	0.0156294	0.0120351	0.0125166	0.0132968	0.0145608	0.0107835	0.0121106	0.014105	0.0172645	0.0226471	0.0323938	0.0174003	0.0171265	0.0138613	0.00490742	0.00152856	0.000133507	2.34614e-05	
1.25714	0.144989	0.0154414	0.0118959	0.0123775	0.0131557	0.0144141	0.0106796	0.0119982	0.0139787	0.0171146	0.0224544	0.0321217	0.0173122	0.0170498	0.0138056	0.00489173	0.00152375	0.000133106	2.33905e-05	
1.28571	0.141843	0.015254	0.011757	0.0122385	0.0130144	0.0142669	0.0105752	0.0118851	0.0138513	0.0169631	0.0222594	0.0318461	0.0172199	0.0169685	0.0137459	0.00487445	0.00151843	0.000132659	2.33116e-05	
1.31429	0.13878	0.0150675	0.0116185	0.0120997	0.0128731	0.0141194	0.0104703	0.0117713	0.0137231	0.0168103	0.0220625	0.0315673	0.0171237	0.016883	0.0136825	0.00485564	0.00151264	0.00013217	2.32253e-05	
1.34286	0.135798	0.0148819	0.0114804	0.0119611	0.0127318	0.0139717	0.0103652	0.011657	0.013594	0.0166564	0.0218638	0.0312857	0.0170239	0.0167935	0.0136154	0.0048354	0.00150639	0.00013164	2.31318e-05	
1.37143	0.132892	0.0146973	0.011343	0.011823	0.0125907	0.0138239	0.0102598	0.0115423	0.0134642	0.0165014	0.0216635	0.0310015	0.0169205	0.0167001	0.0135449	0.0048138	0.00149971	0.000131073	2.30316e-05	
1.4	0.13006	0.0145137	0.0112061	0.0116853	0.0124499	0.013676	0.0101542	0.0114272	0.0133339	0.0163455	0.021462	0.0307152	0.016814	0.0166032	0.0134712	0.00479092	0.00149262	0.000130468	2.29251e-05	
1.42857	0.127301	0.0143313	0.01107	0.0115482	0.0123094	0.0135283	0.0100485	0.0113119	0.0132032	0.0161889	0.0212592	0.0304269	0.0167045	0.016503	0.0133946	0.00476683	0.00148516	0.00012983	2.28126e-05	
1.45714	0.124612	0.0141501	0.0109346	0.0114116	0.0121693	0.0133808	0.0099428	0.0111964	0.013072	0.0160317	0.0210555	0.0301369	0.0165921	0.0163996	0.0133151	0.00474159	0.00147733	0.00012916	2.26945e-05	
1.48571	0.121989	0.0139701	0.0108	0.0112756	0.0120296	0.0132335	0.00983714	0.0110808	0.0129406	0.0158741	0.020851	0.0298456	0.0164771	0.0162933	0.013233	0.00471529	0.00146917	0.000128459	2.2571e-05	
1.51429	0.119433	0.0137914	0.0106662	0.0111404	0.0118905	0.0130866	0.00973159	0.0109652	0.0128091	0.015716	0.0206458	0.0295531	0.0163596	0.0161842	0.0131484	0.00468796	0.00146068	0.00012773	2.24426e-05	
1.54286	0.116939	0.0136142	0.0105333	0.0110059	0.011752	0.01294	0.0096262	0.0108497	0.0126774	0.0155577	0.0204401	0.0292597	0.0162399	0.0160726	0.0130615	0.00465969	0.0014519	0.000126974	2.23094e-05	
1.57143	0.114507	0.0134383	0.0104013	0.0108721	0.0116141	0.012794	0.00952102	0.0107342	0.0125458	0.0153992	0.020234	0.0289656	0.0161181	0.0159585	0.0129724	0.00463053	0.00144283	0.000126193	2.21719e-05	
1.6	0.112134	0.0132638	0.0102703	0.0107393	0.011477	0.0126485	0.00941611	0.0106189	0.0124142	0.0152407	0.0200278	0.0286709	0.0159943	0.0158423	0.0128813	0.00460053	0.0014335	0.000125388	2.20302e-05	
1.62857	0.109818	0.0130909	0.0101402	0.0106073	0.0113405	0.0125036	0.00931151	0.0105039	0.0122827	0.0150822	0.0198214	0.028376	0.0158688	0.0157239	0.0127883	0.00456974	0.00142392	0.000124561	2.18846e-05	
1.65714	0.107559	0.0129194	0.0100112	0.0104762	0.0112049	0.0123593	0.00920727	0.0103892	0.0121515	0.0149238	0.019615	0.0280809	0.0157416	0.0156037	0.0126936	0.00453823	0.00141412	0.000123714	2.17354e-05	
1.68571	0.105353	0.0127496	0.00988322	0.010346	0.0110701	0.0122158	0.00910342	0.0102747	0.0120205	0.0147656	0.0194088	0.0277858	0.0156129	0.0154817	0.0125973	0.00450603	0.0014041	0.000122847	2.15829e-05	
1.71429	0.103201	0.0125812	0.00975632	0.0102168	0.0109361	0.012073	0.00900001	0.0101607	0.0118898	0.0146076	0.0192028	0.027491	0.0154828	0.0153581	0.0124994	0.0044732	0.00139388	0.000121962	2.14272e-05	
1.74286	0.101099	0.0124145	0.0096305	0.0100886	0.0108031	0.011931	0.00889707	0.0100471	0.0117596	0.01445	0.0189971	0.0271964	0.0153515	0.015233	0.0124002	0.00443978	0.00138347	0.000121061	2.12686e-05	
1.77143	0.0990464	0.0122494	0.0095058	0.00996143	0.010671	0.0117898	0.00879463	0.00993391	0.0116297	0.0142928	0.0187919	0.0269024	0.015219	0.0151065	0.0122997	0.00440582	0.00137289	0.000120144	2.11073e-05	
1.8	0.0970422	0.0120859	0.00938222	0.0098353	0.0105398	0.0116495	0.00869273	0.00982125	0.0115003	0.0141361	0.0185872	0.026609	0.0150856	0.0149789	0.0121981	0.00437135	0.00136215	0.000119213	2.09435e-05	
1.82857	0.0950846	0.011924	0.00925978	0.00971024	0.0104096	0.0115101	0.00859139	0.00970913	0.0113715	0.0139799	0.0183831	0.0263164	0.0149512	0.01485	0.0120954	0.00433642	0.00135127	0.000118269	2.07774e-05	
1.85714	0.0931724	0.0117638	0.0091385	0.00958625	0.0102804	0.0113717	0.00849064	0.00959758	0.0112432	0.0138243	0.0181796	0.0260246	0.0148161	0.0147202	0.0119918	0.00430107	0.00134026	0.000117312	2.06091e-05	
1.88571	0.0913043	0.0116053	0.00901839	0.00946337	0.0101523	0.0112342	0.00839051	0.00948664	0.0111155	0.0136694	0.0179769	0.0257338	0.0146803	0.0145895	0.0118872	0.00426532	0.00132912	0.000116345	2.0439e-05	
1.91429	0.0894791	0.0114485	0.00889946	0.00934159	0.0100252	0.0110977	0.00829102	0.00937632	0.0109884	0.0135151	0.017775	0.0254441	0.0145439	0.014458	0.011782	0.00422923	0.00131787	0.000115368	2.02671e-05	
1.94286	0.0876955	0.0112933	0.00878171	0.00922094	0.00989915	0.0109622	0.00819218	0.00926665	0.010862	0.0133616	0.017574	0.0251555	0.014407	0.0143258	0.011676	0.00419281	0.00130652	0.000114381	2.00936e-05	
1.97143	0.0859525	0.0111398	0.00866516	0.00910143	0.0097742	0.0108277	0.00809402	0.00915767	0.0107364	0.0132088	0.0173739	0.0248683	0.0142696	0.0141931	0.0115694	0.00415611	0.00129508	0.000113386	1.99186e-05	
2	0.0842489	0.010988	0.00854981	0.00898306	0.00965034	0.0106943	0.00799657	0.00904939	0.0106114	0.0130569	0.0171748	0.0245824	0.014132	0.0140598	0.0114624	0.00411915	0.00128356	0.000112384	1.97424e-05	
2.02857	0.0825837	0.0108379	0.00843566	0.00886584	0.0095276	0.010562	0.00789982	0.00894184	0.0104873	0.0129058	0.0169768	0.024298	0.0139941	0.013926	0.0113548	0.00408196	0.00127197	0.000111375	1.9565e-05	
2.05714	0.0809558	0.0106895	0.00832272	0.00874979	0.00940598	0.0104308	0.00780381	0.00883504	0.0103639	0.0127556	0.0167799	0.0240151	0.013856	0.013792	0.0112469	0.00404458	0.00126031	0.000110361	1.93866e-05	
2.08571	0.0793642	0.0105427	0.00821099	0.0086349	0.00928549	0.0103007	0.00770853	0.008729	0.0102413	0.0126063	0.0165841	0.0237338	0.0137179	0.0136577	0.0111387	0.00400702	0.00124861	0.000109341	1.92073e-05	
2.11429	0.0778079	0.0103977	0.00810047	0.00852119	0.00916613	0.0101717	0.00761402	0.00862374	0.0101196	0.0124579	0.0163896	0.0234541	0.0135797	0.0135232	0.0110303	0.00396932	0.00123685	0.000108318	1.90273e-05	
2.14286	0.0762861	0.0102543	0.00799117	0.00840865	0.00904793	0.0100438	0.00752027	0.00851928	0.00999871	0.0123106	0.0161962	0.0231762	0.0134415	0.0133885	0.0109216	0.00393149	0.00122506	0.00010729	1.88467e-05	
2.17143	0.0747978	0.0101126	0.00788308	0.00829729	0.00893088	0.00991714	0.00742731	0.00841563	0.00987871	0.0121642	0.0160041	0.0229001	0.0133035	0.0132539	0.0108129	0.00389357	0.00121323	0.00010626	1.86656e-05	
2.2	0.0733422	0.00997263	0.0077762	0.0081871	0.00881498	0.0097916	0.00733513	0.0083128	0.00975961	0.0120189	0.0158133	0.0226258	0.0131656	0.0131192	0.0107041	0.00385557	0.00120139	0.000105227	1.8484e-05	
2.22857	0.0719184	0.00983429	0.00767052	0.0080781	0.00870025	0.00966722	0.00724375	0.00821081	0.00964142	0.0118747	0.0156239	0.0223534	0.0130279	0.0129847	0.0105953	0.00381752	0.00118952	0.000104193	1.83022e-05	
2.25714	0.0705255	0.00969761	0.00756606	0.00797028	0.00858669	0.00954401	0.00715317	0.00810967	0.00952416	0.0117315	0.0154358	0.022083	0.0128905	0.0128502	0.0104865	0.00377944	0.00117765	0.000103157	1.81201e-05	
2.28571	0.0691629	0.00956259	0.0074628	0.00786364	0.00847429	0.00942199	0.00706341	0.00800938	0.00940784	0.0115894	0.0152492	0.0218145	0.0127535	0.012716	0.0103778	0.00374134	0.00116577	0.000102121	1.7938e-05	
2.31429	0.0678297	0.00942921	0.00736074	0.00775817	0.00836307	0.00930114	0.00697447	0.00790996	0.00929247	0.0114484	0.0150639	0.021548	0.0126168	0.012582	0.0102693	0.00370324	0.00115389	0.000101085	1.77558e-05	
2.34286	0.0665252	0.00929747	0.00725987	0.00765389	0.00825301	0.00918149	0.00688635	0.00781142	0.00917806	0.0113086	0.0148801	0.0212836	0.0124805	0.0124483	0.010161	0.00366517	0.00114202	0.000100049	1.75737e-05	
2.37143	0.0652487	0.00916735	0.00716019	0.00755077	0.00814413	0.00906302	0.00679905	0.00771375	0.00906463	0.0111698	0.0146978	0.0210213	0.0123447	0.012315	0.0100529	0.00362714	0.00113016	9.90139e-05	1.73918e-05	
2.4	0.0639994	0.00903885	0.0070617	0.00744883	0.00803641	0.00894575	0.00671259	0.00761697	0.00895218	0.0110323	0.0145169	0.0207611	0.0122093	0.0121821	0.00994503	0.00358916	0.00111831	9.79802e-05	1.72101e-05	
2.42857	0.0627767	0.00891196	0.00696439	0.00734805	0.00792986	0.00882968	0.00662696	0.00752108	0.00884073	0.0108959	0.0143375	0.0205031	0.0120746	0.0120496	0.0098375	0.00355125	0.00110649	9.69483e-05	1.70288e-05	
2.45714	0.06158	0.00878666	0.00686825	0.00724843	0.00782448	0.0087148	0.00654217	0.00742609	0.00873027	0.0107607	0.0141597	0.0202473	0.0119404	0.0119176	0.00973031	0.00351343	0.0010947	9.59185e-05	1.68478e-05	
2.48571	0.0604086	0.00866295	0.00677327	0.00714997	0.00772026	0.00860112	0.00645822	0.007332	0.00862081	0.0106267	0.0139834	0.0199936	0.0118068	0.0117861	0.0096235	0.00347571	0.00108293	9.48912e-05	1.66672e-05	
2.51429	0.0592618	0.00854081	0.00667946	0.00705266	0.00761721	0.00848864	0.00637511	0.00723882	0.00851237	0.0104939	0.0138087	0.0197422	0.0116739	0.0116551	0.0095171	0.00343809	0.0010712	9.38668e-05	1.64872e-05	
2.54286	0.0581392	0.00842023	0.00658679	0.0069565	0.00751531	0.00837735	0.00629285	0.00714654	0.00840494	0.0103623	0.0136355	0.019493	0.0115417	0.0115248	0.00941115	0.00340061	0.00105951	9.28457e-05	1.63077e-05	
2.57143	0.05704	0.00830119	0.00649527	0.00686148	0.00741456	0.00826725	0.00621142	0.00705517	0.00829853	0.0102319	0.0134638	0.019246	0.0114102	0.011395	0.00930566	0.00336325	0.00104787	9.18281e-05	1.61289e-05	
2.6	0.0559638	0.00818369	0.00640489	0.00676759	0.00731496	0.00815835	0.00613084	0.0069647	0.00819315	0.0101027	0.0132938	0.0190014	0.0112794	0.011266	0.00920068	0.00332605	0.00103626	9.08144e-05	1.59507e-05	
2.62857	0.0549099	0.00806771	0.00631563	0.00667483	0.0072165	0.00805063	0.00605109	0.00687515	0.00808878	0.00997472	0.0131253	0.018759	0.0111494	0.0111376	0.00909622	0.003289	0.00102471	8.98049e-05	1.57733e-05	
2.65714	0.053878	0.00795324	0.00622749	0.00658319	0.00711919	0.0079441	0.00597219	0.00678651	0.00798545	0.00984799	0.0129585	0.0185189	0.0110201	0.0110099	0.00899232	0.00325212	0.00101321	8.87999e-05	1.55967e-05	
2.68571	0.0528673	0.00784026	0.00614046	0.00649266	0.007023	0.00783875	0.00589413	0.00669878	0.00788314	0.00972249	0.0127932	0.0182811	0.0108917	0.010883	0.00888898	0.00321542	0.00100177	8.77996e-05	1.54209e-05	
2.71429	0.0518775	0.00772877	0.00605453	0.00640324	0.00692794	0.00773458	0.0058169	0.00661196	0.00778187	0.00959821	0.0126296	0.0180457	0.0107642	0.0107568	0.00878624	0.00317891	0.000990381	8.68043e-05	1.5246e-05	
2.74286	0.050908	0.00761874	0.0059697	0.00631491	0.006834	0.00763157	0.00574051	0.00652605	0.00768162	0.00947518	0.0124675	0.0178125	0.0106375	0.0106314	0.00868412	0.00314259	0.000979055	8.58142e-05	1.50721e-05	
2.77143	0.0499584	0.00751016	0.00588594	0.00622767	0.00674117	0.00752974	0.00566496	0.00644105	0.0075824	0.00935337	0.0123071	0.0175817	0.0105116	0.0105068	0.00858264	0.00310647	0.000967793	8.48295e-05	1.4899e-05	
2.8	0.0490282	0.00740302	0.00580326	0.00614152	0.00664945	0.00742906	0.00559023	0.00635695	0.00748421	0.0092328	0.0121483	0.0173532	0.0103867	0.0103831	0.00848181	0.00307056	0.000956596	8.38504e-05	1.4727e-05	
2.82857	0.048117	0.00729731	0.00572165	0.00605643	0.00655883	0.00732954	0.00551633	0.00627375	0.00738704	0.00911347	0.011991	0.017127	0.0102626	0.0102602	0.00838165	0.00303487	0.000945467	8.28772e-05	1.4556e-05	
2.85714	0.0472243	0.00719301	0.00564109	0.00597241	0.0064693	0.00723117	0.00544325	0.00619146	0.0072909	0.00899537	0.0118354	0.0169032	0.0101395	0.0101382	0.00828217	0.00299941	0.000934408	8.19101e-05	1.43861e-05	
2.88571	0.0463496	0.0070901	0.00556157	0.00588944	0.00638085	0.00713394	0.005371	0.00611006	0.00719578	0.0088785	0.0116814	0.0166817	0.0100174	0.010017	0.0081834	0.00296417	0.000923421	8.09491e-05	1.42172e-05	
2.91429	0.0454927	0.00698857	0.00548309	0.00580752	0.00629348	0.00703785	0.00529956	0.00602956	0.00710168	0.00876286	0.0115291	0.0164625	0.00989617	0.00989679	0.00808534	0.00292917	0.000912508	7.99945e-05	1.40495e-05	
2.94286	0.044653	0.00688841	0.00540563	0.00572664	0.00620717	0.00694289	0.00522893	0.00594995	0.0070086	0.00864845	0.0113783	0.0162456	0.00977593	0.00977746	0.00798801	0.00289441	0.00090167	7.90464e-05	1.38829e-05	
2.97143	0.0438302	0.0067896	0.00532918	0.00564678	0.00612193	0.00684905	0.00515911	0.00587123	0.00691653	0.00853526	0.0112291	0.016031	0.00965666	0.00965905	0.00789142	0.0028599	0.000890909	7.8105e-05	1.37175e-05	
3	0.0430239	0.00669212	0.00525375	0.00556795	0.00603773	0.00675632	0.00509009	0.00579339	0.00682547	0.00842329	0.0110815	0.0158188	0.00953838	0.00954159	0.00779559	0.00282564	0.000880226	7.71703e-05	1.35533e-05	
3.02857	0.0422337	0.00659597	0.0051793	0.00549012	0.00595458	0.0066647	0.00502187	0.00571643	0.00673542	0.00831254	0.0109355	0.0156089	0.0094211	0.00942507	0.00770051	0.00279163	0.000869623	7.62426e-05	1.33903e-05	
3.05714	0.0414593	0.00650113	0.00510584	0.00541329	0.00587246	0.00657418	0.00495445	0.00564034	0.00664636	0.008203	0.0107911	0.0154012	0.00930482	0.00930951	0.0076062	0.00275789	0.000859102	7.53219e-05	1.32285e-05	
3.08571	0.0407003	0.00640758	0.00503335	0.00533746	0.00579137	0.00648475	0.00488782	0.00556512	0.00655831	0.00809467	0.0106483	0.0151959	0.00918955	0.00919493	0.00751268	0.0027244	0.000848662	7.44083e-05	1.3068e-05	
3.11429	0.0399564	0.00631531	0.00496183	0.0052626	0.0057113	0.00639641	0.00482197	0.00549077	0.00647124	0.00798754	0.0105071	0.0149929	0.0090753	0.00908132	0.00741993	0.00269119	0.000838306	7.35019e-05	1.29088e-05	
3.14286	0.0392272	0.0062243	0.00489126	0.00518871	0.00563223	0.00630913	0.0047569	0.00541728	0.00638517	0.00788161	0.0103674	0.0147921	0.00896208	0.00896869	0.00732799	0.00265824	0.000828034	7.26029e-05	1.27508e-05	
3.17143	0.0385124	0.00613454	0.00482164	0.00511579	0.00555416	0.00622293	0.0046926	0.00534464	0.00630007	0.00777687	0.0102294	0.0145936	0.00884989	0.00885706	0.00723684	0.00262557	0.000817848	7.17113e-05	1.25942e-05	
3.2	0.0378117	0.00604602	0.00475294	0.00504382	0.00547708	0.00613778	0.00462907	0.00527285	0.00621595	0.00767331	0.0100928	0.0143973	0.00873873	0.00874643	0.0071465	0.00259317	0.000807747	7.08271e-05	1.24388e-05	
3.22857	0.0371248	0.00595872	0.00468518	0.00497279	0.00540098	0.00605368	0.0045663	0.0052019	0.0061328	0.00757094	0.00995783	0.0142033	0.0086286	0.0086368	0.00705697	0.00256105	0.000797733	6.99505e-05	1.22848e-05	
3.25714	0.0364513	0.00587262	0.00461832	0.00490269	0.00532585	0.00597061	0.00450429	0.00513179	0.00605062	0.00746973	0.00982439	0.0140115	0.00851952	0.00852818	0.00696826	0.00252921	0.000787807	6.90815e-05	1.21322e-05	
3.28571	0.0357911	0.00578772	0.00455236	0.00483352	0.00525168	0.00588858	0.00444303	0.00506252	0.00596939	0.00736969	0.00969247	0.0138219	0.00841149	0.00842058	0.00688036	0.00249765	0.000777969	6.82202e-05	1.19809e-05	
3.31429	0.0351437	0.00570399	0.0044873	0.00476526	0.00517846	0.00580758	0.00438251	0.00499406	0.00588911	0.00727082	0.00956209	0.0136346	0.0083045	0.00831398	0.00679329	0.00246638	0.000768219	6.73665e-05	1.18309e-05	
3.34286	0.034509	0.00562142	0.00442312	0.0046979	0.00510619	0.00572758	0.00432273	0.00492643	0.00580978	0.00717309	0.00943322	0.0134494	0.00819855	0.00820841	0.00670704	0.00243539	0.000758558	6.65207e-05	1.16823e-05	
3.37143	0.0338866	0.00554001	0.00435981	0.00463143	0.00503485	0.00564859	0.00426368	0.00485961	0.00573139	0.0070765	0.00930585	0.0132665	0.00809366	0.00810386	0.00662162	0.00240469	0.000748987	6.56826e-05	1.15351e-05	
3.4	0.0332763	0.00545972	0.00429737	0.00456585	0.00496444	0.00557059	0.00420536	0.0047936	0.00565393	0.00698105	0.00917998	0.0130856	0.00798981	0.00800033	0.00653703	0.00237427	0.000739506	6.48523e-05	1.13892e-05	
3.42857	0.0326779	0.00538056	0.00423577	0.00450115	0.00489493	0.00549357	0.00414776	0.00472839	0.00557739	0.00688673	0.00905559	0.012907	0.00788701	0.00789782	0.00645327	0.00234415	0.000730114	6.40298e-05	1.12447e-05	
3.45714	0.032091	0.00530251	0.00417502	0.00443731	0.00482634	0.00541754	0.00409088	0.00466397	0.00550177	0.00679353	0.00893269	0.0127305	0.00778526	0.00779633	0.00637033	0.00231431	0.000720813	6.32153e-05	1.11016e-05	
3.48571	0.0315154	0.00522555	0.0041151	0.00437432	0.00475864	0.00534247	0.0040347	0.00460034	0.00542707	0.00670144	0.00881124	0.0125561	0.00768455	0.00769587	0.00628824	0.00228476	0.000711603	6.24086e-05	1.09599e-05	
3.51429	0.0309509	0.00514967	0.004056	0.00431218	0.00469182	0.00526835	0.00397922	0.00453749	0.00535326	0.00661046	0.00869125	0.0123838	0.00758489	0.00759643	0.00620697	0.0022555	0.000702483	6.16098e-05	1.08196e-05	
3.54286	0.0303972	0.00507485	0.00399772	0.00425087	0.00462589	0.00519518	0.00392443	0.00447541	0.00528036	0.00652057	0.00857271	0.0122136	0.00748627	0.00749802	0.00612653	0.00222654	0.000693453	6.08189e-05	1.06807e-05	
3.57143	0.0298542	0.00500109	0.00394023	0.00419039	0.00456082	0.00512296	0.00387034	0.0044141	0.00520834	0.00643177	0.00845559	0.0120454	0.0073887	0.00740062	0.00604692	0.00219786	0.000684515	6.00359e-05	1.05431e-05	
3.6	0.0293215	0.00492836	0.00388354	0.00413073	0.00449661	0.00505166	0.00381692	0.00435355	0.0051372	0.00634404	0.0083399	0.0118794	0.00729215	0.00730424	0.00596815	0.00216947	0.000675667	5.92609e-05	1.0407e-05	
3.62857	0.028799	0.00485666	0.00382763	0.00407187	0.00443324	0.00498127	0.00376419	0.00429376	0.00506694	0.00625738	0.00822562	0.0117153	0.00719665	0.00720888	0.0058902	0.00214138	0.000666909	5.84937e-05	1.02722e-05	
3.65714	0.0282865	0.00478598	0.0037725	0.00401381	0.00437072	0.0049118	0.00371212	0.00423471	0.00499754	0.00617179	0.00811274	0.0115533	0.00710217	0.00711454	0.00581307	0.00211357	0.000658242	5.77344e-05	1.01389e-05	
3.68571	0.0277838	0.00471629	0.00371813	0.00395654	0.00430903	0.00484323	0.00366071	0.0041764	0.00492901	0.00608724	0.00800124	0.0113933	0.00700873	0.0070212	0.00573677	0.00208606	0.000649666	5.69831e-05	1.00069e-05	
3.71429	0.0272905	0.00464759	0.00366451	0.00390005	0.00424815	0.00477555	0.00360996	0.00411882	0.00486132	0.00600374	0.00789112	0.0112353	0.0069163	0.00692887	0.0056613	0.00205883	0.00064118	5.62396e-05	9.87628e-06	
3.74286	0.0268067	0.00457987	0.00361164	0.00384433	0.00418809	0.00470876	0.00355985	0.00406197	0.00479448	0.00592127	0.00778236	0.0110793	0.0068249	0.00683755	0.00558664	0.00203189	0.000632784	5.55039e-05	9.74707e-06	
3.77143	0.026332	0.0045131	0.00355951	0.00378937	0.00412884	0.00464283	0.00351039	0.00400584	0.00472847	0.00583983	0.00767496	0.0109252	0.00673451	0.00674723	0.00551279	0.00200524	0.000624477	5.47762e-05	9.61923e-06	
3.8	0.0258662	0.00444728	0.0035081	0.00373516	0.00407037	0.00457777	0.00346157	0.00395042	0.00466329	0.00575939	0.00756889	0.0107731	0.00664513	0.0066579	0.00543976	0.00197888	0.000616261	5.40562e-05	9.49277e-06	
3.82857	0.0254093	0.0043824	0.00345741	0.00368169	0.00401269	0.00451356	0.00341337	0.00389571	0.00459893	0.00567997	0.00746415	0.0106229	0.00655676	0.00656957	0.00536754	0.0019528	0.000608133	5.3344e-05	9.36767e-06	
3.85714	0.0249609	0.00431845	0.00340742	0.00362896	0.00395578	0.00445019	0.0033658	0.00384169	0.00453538	0.00560154	0.00736073	0.0104746	0.00646938	0.00648223	0.00529613	0.00192701	0.000600094	5.26396e-05	9.24395e-06	
3.88571	0.024521	0.0042554	0.00335814	0.00357695	0.00389964	0.00438766	0.00331884	0.00378837	0.00447264	0.0055241	0.00725861	0.0103282	0.006383	0.00639586	0.00522551	0.0019015	0.000592144	5.19429e-05	9.12158e-06	
3.91429	0.0240893	0.00419325	0.00330955	0.00352565	0.00384426	0.00432596	0.00327249	0.00373573	0.00441069	0.00544763	0.00715778	0.0101836	0.00629761	0.00631048	0.0051557	0.00187627	0.000584283	5.1254e-05	9.00056e-06	
3.94286	0.0236658	0.00413199	0.00326163	0.00347507	0.00378963	0.00426507	0.00322675	0.00368376	0.00434953	0.00537213	0.00705822	0.0100409	0.0062132	0.00622607	0.00508668	0.00185132	0.000576508	5.05727e-05	8.8809e-06	
3.97143	0.0232501	0.00407161	0.00321439	0.00342518	0.00373573	0.00420499	0.00318161	0.00363247	0.00428916	0.00529759	0.00695994	0.00990006	0.00612977	0.00614262	0.00501845	0.00182666	0.000568822	4.9899e-05	8.76258e-06	
4	0.0228422	0.00401209	0.00316782	0.00337598	0.00368257	0.00414571	0.00313705	0.00358183	0.00422955	0.005224	0.00686291	0.00976101	0.0060473	0.00606014	0.004951	0.00180227	0.000561222	4.9233e-05	8.64559e-06	
4.02857	0.0224419	0.00395342	0.0031219	0.00332746	0.00363012	0.00408721	0.00309308	0.00353186	0.00417071	0.00515135	0.00676712	0.00962375	0.0059658	0.00597861	0.00488434	0.00177816	0.000553709	4.85745e-05	8.52993e-06	
4.05714	0.022049	0.0038956	0.00307662	0.00327961	0.00357839	0.0040295	0.00304968	0.00348253	0.00411263	0.00507963	0.00667255	0.00948826	0.00588526	0.00589803	0.00481845	0.00175433	0.000546282	4.79235e-05	8.41559e-06	
4.08571	0.0216635	0.0038386	0.00303199	0.00323243	0.00352737	0.00397256	0.00300686	0.00343384	0.00405529	0.00500883	0.00657921	0.00935454	0.00580567	0.00581839	0.00475333	0.00173077	0.00053894	4.728e-05	8.30257e-06	
4.11429	0.021285	0.00378242	0.00298799	0.0031859	0.00347704	0.00391637	0.0029646	0.00338579	0.0039987	0.00493894	0.00648707	0.00922256	0.00572703	0.00573969	0.00468897	0.00170748	0.000531683	4.66439e-05	8.19085e-06	
4.14286	0.0209136	0.00372705	0.0029446	0.00314001	0.0034274	0.00386095	0.0029229	0.00333837	0.00394284	0.00486996	0.00639612	0.00909231	0.00564932	0.00566192	0.00462538	0.00168446	0.000524511	4.60152e-05	8.08043e-06	
4.17143	0.0205491	0.00367247	0.00290183	0.00309477	0.00337843	0.00380626	0.00288175	0.00329157	0.00388771	0.00480186	0.00630635	0.00896376	0.00557254	0.00558508	0.00456254	0.00166172	0.000517423	4.53939e-05	7.9713e-06	
4.2	0.0201913	0.00361868	0.00285967	0.00305016	0.00333014	0.00375232	0.00284115	0.00324538	0.00383329	0.00473465	0.00621775	0.00883689	0.00549668	0.00550915	0.00450045	0.00163923	0.000510418	4.47798e-05	7.86345e-06	
4.22857	0.0198401	0.00356566	0.0028181	0.00300617	0.00328251	0.0036991	0.00280109	0.00319981	0.00377959	0.00466832	0.0061303	0.0087117	0.00542174	0.00543413	0.00443911	0.00161702	0.000503496	4.4173e-05	7.75687e-06	
4.25714	0.0194953	0.00351341	0.00277713	0.00296279	0.00323554	0.00364659	0.00276156	0.00315483	0.00372659	0.00460284	0.006044	0.00858816	0.00534771	0.00536001	0.0043785	0.00159507	0.000496656	4.35734e-05	7.65156e-06	
4.28571	0.0191569	0.00346191	0.00273673	0.00292002	0.00318921	0.0035948	0.00272256	0.00311044	0.00367428	0.00453823	0.00595883	0.00846625	0.00527457	0.00528679	0.00431863	0.00157338	0.000489897	4.29809e-05	7.5475e-06	
4.31429	0.0188247	0.00341115	0.00269691	0.00287785	0.00314352	0.00354371	0.00268408	0.00306665	0.00362266	0.00447446	0.00587477	0.00834596	0.00520234	0.00521446	0.00425948	0.00155195	0.00048322	4.23955e-05	7.44469e-06	
4.34286	0.0184986	0.00336113	0.00265766	0.00283628	0.00309846	0.00349331	0.00264612	0.00302343	0.00357172	0.00441152	0.00579182	0.00822727	0.00513098	0.00514301	0.00420105	0.00153077	0.000476623	4.18172e-05	7.34311e-06	
4.37143	0.0181785	0.00331183	0.00261896	0.00279528	0.00305402	0.0034436	0.00260866	0.00298079	0.00352145	0.00434941	0.00570997	0.00811015	0.00506051	0.00507244	0.00414334	0.00150986	0.000470106	4.12458e-05	7.24276e-06	
4.4	0.0178642	0.00326324	0.00258082	0.00275486	0.00301019	0.00339456	0.00257171	0.00293872	0.00347185	0.00428813	0.00562919	0.0079946	0.0049909	0.00500273	0.00408634	0.00148919	0.000463668	4.06813e-05	7.14362e-06	
4.42857	0.0175556	0.00321535	0.00254322	0.00271501	0.00296698	0.00334619	0.00253526	0.0028972	0.0034229	0.00422765	0.00554949	0.0078806	0.00492216	0.00493388	0.00403004	0.00146878	0.000457308	4.01238e-05	7.0457e-06	
4.45714	0.0172527	0.00316816	0.00250615	0.00267571	0.00292436	0.00329848	0.00249929	0.00285625	0.0033746	0.00416797	0.00547085	0.00776812	0.00485428	0.00486588	0.00397444	0.00144862	0.000451027	3.9573e-05	6.94897e-06	
4.48571	0.0169552	0.00312165	0.00246962	0.00263698	0.00288233	0.00325142	0.00246381	0.00281584	0.00332695	0.00410908	0.00539325	0.00765715	0.00478724	0.00479873	0.00391953	0.00142871	0.000444822	3.9029e-05	6.85342e-06	
4.51429	0.0166632	0.00307581	0.0024336	0.00259878	0.00284088	0.00320501	0.00242881	0.00277597	0.00327993	0.00405097	0.00531668	0.00754768	0.00472104	0.00473242	0.0038653	0.00140904	0.000438694	3.84917e-05	6.75906e-06	
4.54286	0.0163765	0.00303064	0.00239811	0.00256113	0.00280002	0.00315923	0.00239429	0.00273663	0.00323353	0.00399364	0.00524114	0.00743968	0.00465567	0.00466693	0.00381176	0.00138961	0.000432642	3.7961e-05	6.66586e-06	
4.57143	0.016095	0.00298612	0.00236312	0.00252401	0.00275972	0.00311408	0.00236023	0.00269783	0.00318776	0.00393707	0.00516661	0.00733314	0.00459113	0.00460227	0.00375888	0.00137043	0.000426665	3.74369e-05	6.57382e-06	
4.6	0.0158185	0.00294225	0.00232863	0.00248741	0.00271998	0.00306954	0.00232664	0.00265955	0.0031426	0.00388126	0.00509307	0.00722804	0.0045274	0.00453842	0.00370667	0.00135148	0.000420763	3.69193e-05	6.48292e-06	
4.62857	0.0155471	0.00289902	0.00229463	0.00245133	0.00268079	0.00302562	0.0022935	0.00262178	0.00309804	0.0038262	0.00502053	0.00712436	0.00446449	0.00447537	0.00365512	0.00133277	0.000414935	3.64082e-05	6.39316e-06	
4.65714	0.0152806	0.00285641	0.00226112	0.00241576	0.00264216	0.00298231	0.00226081	0.00258453	0.00305408	0.00377187	0.00494896	0.0070221	0.00440237	0.00441313	0.00360423	0.0013143	0.000409179	3.59036e-05	6.30453e-06	
4.68571	0.0150188	0.00281442	0.0022281	0.00238069	0.00260406	0.00293959	0.00222857	0.00254778	0.00301072	0.00371827	0.00487835	0.00692122	0.00434104	0.00435167	0.00355398	0.00129605	0.000403497	3.54052e-05	6.21701e-06	
4.71429	0.0147618	0.00277305	0.00219554	0.00234613	0.0025665	0.00289746	0.00219677	0.00251152	0.00296794	0.00366539	0.0048087	0.00682172	0.0042805	0.004291	0.00350437	0.00127804	0.000397886	3.49132e-05	6.13059e-06	
4.74286	0.0145094	0.00273227	0.00216346	0.00231205	0.00252946	0.00285591	0.0021654	0.00247576	0.00292573	0.00361323	0.00473999	0.00672358	0.00422073	0.00423111	0.0034554	0.00126026	0.000392346	3.44273e-05	6.04527e-06	
4.77143	0.0142615	0.00269209	0.00213183	0.00227845	0.00249294	0.00281494	0.00213447	0.00244048	0.0028841	0.00356177	0.00467221	0.00662678	0.00416173	0.00417198	0.00340705	0.0012427	0.000386876	3.39477e-05	5.96103e-06	
4.8	0.0140181	0.00265249	0.00210066	0.00224534	0.00245693	0.00277453	0.00210395	0.00240569	0.00284303	0.003511	0.00460535	0.0065313	0.0041035	0.00411361	0.00335933	0.00122537	0.000381477	3.34741e-05	5.87787e-06	
4.82857	0.0137791	0.00261347	0.00206994	0.00221269	0.00242143	0.00273468	0.00207386	0.00237137	0.00280252	0.00346092	0.00453939	0.00643713	0.00404601	0.00405599	0.00331222	0.00120825	0.000376146	3.30066e-05	5.79577e-06	
4.85714	0.0135443	0.00257502	0.00203966	0.00218051	0.00238642	0.00269539	0.00204418	0.00233751	0.00276255	0.00341152	0.00447434	0.00634426	0.00398927	0.00399912	0.00326572	0.00119136	0.000370884	3.25451e-05	5.71472e-06	
4.88571	0.0133137	0.00253713	0.00200982	0.00214878	0.00235191	0.00265664	0.0020149	0.00230412	0.00272313	0.00336279	0.00441017	0.00625267	0.00393327	0.00394298	0.00321983	0.00117468	0.000365689	3.20895e-05	5.63471e-06	
4.91429	0.0130872	0.00249979	0.0019804	0.00211751	0.00231789	0.00261843	0.00198603	0.00227119	0.00268425	0.00331473	0.00434688	0.00616233	0.003878	0.00388757	0.00317453	0.00115822	0.000360562	3.16398e-05	5.55573e-06	
4.94286	0.0128648	0.002463	0.00195141	0.00208668	0.00228434	0.00258075	0.00195756	0.0022387	0.0026459	0.00326731	0.00428445	0.00607325	0.00382345	0.00383289	0.00312982	0.00114197	0.0003555	3.11959e-05	5.47778e-06	
4.97143	0.0126463	0.00242674	0.00192284	0.0020563	0.00225126	0.00254359	0.00192948	0.00220666	0.00260807	0.00322055	0.00422288	0.00598539	0.00376961	0.00377892	0.0030857	0.00112594	0.000350505	3.07578e-05	5.40083e-06	
5	0.0124317	0.00239101	0.00189468	0.00202634	0.00221866	0.00250695	0.00190179	0.00217506	0.00257076	0.00317442	0.00416215	0.00589875	0.00371648	0.00372565	0.00304215	0.00111011	0.000345574	3.03253e-05	5.32488e-06	
5.02857	0.012221	0.0023558	0.00186693	0.00199682	0.00218651	0.00247083	0.00187448	0.0021439	0.00253395	0.00312892	0.00410225	0.00581331	0.00366404	0.00367308	0.00299917	0.00109448	0.000340707	2.98984e-05	5.24992e-06	
5.05714	0.0120139	0.00232111	0.00183958	0.00196772	0.00215482	0.00243521	0.00184755	0.00211316	0.00249765	0.00308405	0.00404318	0.00572905	0.0036123	0.0036212	0.00295676	0.00107906	0.000335904	2.94771e-05	5.17594e-06	
5.08571	0.0118106	0.00228692	0.00181262	0.00193903	0.00212357	0.00240008	0.00182099	0.00208285	0.00246185	0.00303979	0.00398492	0.00564596	0.00356124	0.00357001	0.00291491	0.00106384	0.000331164	2.90614e-05	5.10292e-06	
5.11429	0.0116108	0.00225324	0.00178605	0.00191075	0.00209277	0.00236545	0.0017948	0.00205296	0.00242655	0.00299614	0.00392747	0.00556403	0.00351085	0.00351949	0.00287361	0.00104882	0.000326486	2.8651e-05	5.03086e-06	
5.14286	0.0114146	0.00222004	0.00175987	0.00188288	0.0020624	0.0023313	0.00176898	0.00202347	0.00239172	0.00295309	0.0038708	0.00548324	0.00346113	0.00346963	0.00283286	0.001034	0.00032187	2.82461e-05	4.95975e-06	
5.17143	0.0112218	0.00218733	0.00173407	0.00185541	0.00203246	0.00229763	0.00174351	0.0019944	0.00235738	0.00291063	0.00381492	0.00540358	0.00341207	0.00342044	0.00279265	0.00101937	0.000317314	2.78465e-05	4.88958e-06	
5.2	0.0110325	0.0021551	0.00170864	0.00182833	0.00200295	0.00226443	0.0017184	0.00196573	0.00232351	0.00286875	0.00375981	0.00532502	0.00336367	0.0033719	0.00275297	0.00100494	0.000312818	2.74522e-05	4.82033e-06	
5.22857	0.0108464	0.00212334	0.00168357	0.00180163	0.00197385	0.0022317	0.00169363	0.00193745	0.0022901	0.00282745	0.00370547	0.00524757	0.0033159	0.00332401	0.00271382	0.000990695	0.000308382	2.7063e-05	4.75199e-06	
5.25714	0.0106637	0.00209205	0.00165888	0.00177533	0.00194517	0.00219942	0.00166921	0.00190957	0.00225716	0.00278673	0.00365188	0.0051712	0.00326878	0.00327675	0.0026752	0.000976641	0.000304005	2.66791e-05	4.68456e-06	
5.28571	0.0104842	0.00206121	0.00163453	0.00174939	0.0019169	0.0021676	0.00164514	0.00188207	0.00222468	0.00274656	0.00359903	0.00509589	0.00322228	0.00323013	0.00263709	0.000962773	0.000299686	2.63002e-05	4.61803e-06	
5.31429	0.0103078	0.00203082	0.00161055	0.00172384	0.00188903	0.00213623	0.00162139	0.00185495	0.00219264	0.00270695	0.00354692	0.00502165	0.00317641	0.00318413	0.00259949	0.000949089	0.000295425	2.59263e-05	4.55238e-06	
5.34286	0.0101345	0.00200088	0.0015869	0.00169864	0.00186155	0.0021053	0.00159798	0.00182822	0.00216105	0.00266789	0.00349553	0.00494844	0.00313116	0.00313874	0.00256239	0.000935588	0.00029122	2.55575e-05	4.48761e-06	
5.37143	0.00996426	0.00197138	0.00156361	0.00167381	0.00183446	0.0020748	0.0015749	0.00180185	0.00212989	0.00262937	0.00344486	0.00487627	0.00308651	0.00309397	0.00252579	0.000922267	0.000287071	2.51936e-05	4.4237e-06	
5.4	0.00979701	0.00194231	0.00154065	0.00164934	0.00180776	0.00204474	0.00155214	0.00177585	0.00209917	0.00259139	0.00339489	0.0048051	0.00304246	0.00304979	0.00248969	0.000909123	0.000282978	2.48345e-05	4.36064e-06	
5.42857	0.00963267	0.00191367	0.00151802	0.00162522	0.00178144	0.0020151	0.0015297	0.00175021	0.00206887	0.00255393	0.00334562	0.00473494	0.00299901	0.00300621	0.00245407	0.000896156	0.00027894	2.44802e-05	4.29843e-06	
5.45714	0.00947122	0.00188544	0.00149572	0.00160144	0.0017555	0.00198587	0.00150757	0.00172493	0.002039	0.002517	0.00329704	0.00466577	0.00295614	0.00296322	0.00241893	0.000883364	0.000274956	2.41307e-05	4.23706e-06	
5.48571	0.00931258	0.00185763	0.00147375	0.00157801	0.00172992	0.00195706	0.00148576	0.00170001	0.00200954	0.00248058	0.00324914	0.00459757	0.00291385	0.00292081	0.00238427	0.000870742	0.000271026	2.37859e-05	4.17651e-06	
5.51429	0.00915671	0.00183023	0.00145209	0.00155492	0.00170471	0.00192866	0.00146425	0.00167543	0.00198049	0.00244466	0.0032019	0.00453034	0.00287214	0.00287897	0.00235008	0.000858291	0.000267148	2.34457e-05	4.11677e-06	
5.54286	0.00900355	0.00180323	0.00143075	0.00153216	0.00167986	0.00190066	0.00144304	0.00165119	0.00195185	0.00240925	0.00315533	0.00446405	0.00283099	0.0028377	0.00231635	0.000846008	0.000263323	2.31102e-05	4.05784e-06	
5.57143	0.00885307	0.00177662	0.00140972	0.00150972	0.00165536	0.00187305	0.00142213	0.0016273	0.0019236	0.00237433	0.00310942	0.00439871	0.0027904	0.00279699	0.00228308	0.000833891	0.00025955	2.27791e-05	3.99971e-06	
5.6	0.0087052	0.00175041	0.001389	0.00148761	0.00163122	0.00184583	0.00140151	0.00160374	0.00189575	0.0023399	0.00306414	0.00433428	0.00275036	0.00275683	0.00225027	0.000821937	0.000255827	2.24526e-05	3.94236e-06	
5.62857	0.0085599	0.00172458	0.00136857	0.00146582	0.00160742	0.001819	0.00138118	0.0015805	0.00186829	0.00230595	0.00301951	0.00427077	0.00271087	0.00271722	0.0022179	0.000810146	0.000252156	2.21304e-05	3.88579e-06	
5.65714	0.00841712	0.00169913	0.00134845	0.00144434	0.00158396	0.00179255	0.00136114	0.0015576	0.00184122	0.00227247	0.00297549	0.00420816	0.00267191	0.00267815	0.00218597	0.000798514	0.000248534	2.18126e-05	3.82999e-06	
5.68571	0.00827682	0.00167405	0.00132861	0.00142317	0.00156083	0.00176648	0.00134139	0.00153501	0.00181452	0.00223947	0.0029321	0.00414644	0.00263349	0.00263961	0.00215448	0.000787041	0.000244961	2.14992e-05	3.77495e-06	
5.71429	0.00813896	0.00164934	0.00130907	0.00140231	0.00153804	0.00174077	0.00132191	0.00151275	0.0017882	0.00220692	0.00288932	0.00408559	0.00259559	0.0026016	0.00212341	0.000775724	0.000241437	2.119e-05	3.72065e-06	
5.74286	0.00800348	0.00162499	0.00128981	0.00138175	0.00151557	0.00171543	0.0013027	0.00149079	0.00176224	0.00217483	0.00284714	0.00402561	0.00255821	0.00256411	0.00209278	0.00076456	0.000237961	2.0885e-05	3.6671e-06	
5.77143	0.00787034	0.001601	0.00127083	0.00136149	0.00149342	0.00169045	0.00128377	0.00146915	0.00173665	0.0021432	0.00280556	0.00396648	0.00252135	0.00252713	0.00206256	0.000753549	0.000234532	2.05842e-05	3.61427e-06	
5.8	0.0077395	0.00157736	0.00125212	0.00134152	0.00147159	0.00166582	0.0012651	0.00144781	0.00171142	0.00211201	0.00276457	0.00390819	0.00248499	0.00249066	0.00203276	0.000742689	0.00023115	2.02875e-05	3.56217e-06	
5.82857	0.00761093	0.00155407	0.00123369	0.00132183	0.00145008	0.00164155	0.0012467	0.00142677	0.00168655	0.00208125	0.00272415	0.00385073	0.00244912	0.00245469	0.00200337	0.000731977	0.000227815	1.99948e-05	3.51078e-06	
5.85714	0.00748457	0.00153112	0.00121553	0.00130243	0.00142887	0.00161762	0.00122856	0.00140602	0.00166202	0.00205093	0.0026843	0.00379409	0.00241376	0.00241921	0.00197438	0.000721411	0.000224525	1.97062e-05	3.46009e-06	
5.88571	0.00736039	0.00150851	0.00119763	0.00128332	0.00140796	0.00159402	0.00121067	0.00138557	0.00163784	0.00202103	0.00264502	0.00373825	0.00237887	0.00238422	0.0019458	0.00071099	0.00022128	1.94215e-05	3.4101e-06	
5.91429	0.00723834	0.00148623	0.00117999	0.00126447	0.00138736	0.00157077	0.00119304	0.00136541	0.001614	0.00199156	0.00260629	0.00368322	0.00234447	0.00234972	0.0019176	0.000700713	0.00021808	1.91407e-05	3.3608e-06	
5.94286	0.0071184	0.00146428	0.00116261	0.00124591	0.00136705	0.00154785	0.00117566	0.00134553	0.00159049	0.0019625	0.00256811	0.00362897	0.00231055	0.00231569	0.0018898	0.000690576	0.000214924	1.88638e-05	3.31217e-06	
5.97143	0.00700052	0.00144265	0.00114549	0.00122761	0.00134703	0.00152525	0.00115852	0.00132593	0.00156732	0.00193385	0.00253047	0.00357549	0.00227709	0.00228212	0.00186238	0.000680579	0.000211811	1.85906e-05	3.26421e-06	
6	0.00688466	0.00142134	0.00112861	0.00120957	0.0013273	0.00150297	0.00114163	0.00130661	0.00154447	0.00190561	0.00249337	0.00352277	0.00224409	0.00224903	0.00183534	0.00067072	0.000208742	1.83213e-05	3.21691e-06	
6.02857	0.00677079	0.00140034	0.00111198	0.0011918	0.00130786	0.00148102	0.00112498	0.00128756	0.00152194	0.00187776	0.00245679	0.00347081	0.00221155	0.00221639	0.00180867	0.000660996	0.000205714	1.80556e-05	3.17026e-06	
6.05714	0.00665888	0.00137965	0.00109559	0.00117428	0.00128869	0.00145937	0.00110856	0.00126878	0.00149974	0.00185031	0.00242073	0.0034196	0.00217946	0.0021842	0.00178238	0.000651407	0.000202728	1.77936e-05	3.12426e-06	
6.08571	0.00654888	0.00135926	0.00107944	0.00115702	0.0012698	0.00143803	0.00109237	0.00125027	0.00147784	0.00182325	0.00238518	0.00336911	0.00214782	0.00215245	0.00175644	0.00064195	0.000199784	1.75353e-05	3.07889e-06	
6.11429	0.00644076	0.00133917	0.00106353	0.00114	0.00125118	0.001417	0.00107642	0.00123202	0.00145626	0.00179657	0.00235014	0.00331935	0.00211661	0.00212115	0.00173087	0.000632623	0.00019688	1.72805e-05	3.03415e-06	
6.14286	0.0063345	0.00131938	0.00104784	0.00112323	0.00123283	0.00139627	0.00106069	0.00121402	0.00143498	0.00177026	0.00231559	0.0032703	0.00208584	0.00209028	0.00170566	0.000623426	0.000194017	1.70292e-05	2.99003e-06	
6.17143	0.00623004	0.00129988	0.00103239	0.00110671	0.00121474	0.00137584	0.00104519	0.00119629	0.001414	0.00174433	0.00228154	0.00322195	0.00205549	0.00205984	0.00168079	0.000614355	0.000191193	1.67814e-05	2.94652e-06	
6.2	0.00612738	0.00128066	0.00101716	0.00109043	0.00119691	0.00135569	0.0010299	0.0011788	0.00139332	0.00171877	0.00224797	0.0031743	0.00202557	0.00202982	0.00165627	0.000605411	0.000188408	1.6537e-05	2.90361e-06	
6.22857	0.00602646	0.00126173	0.00100216	0.00107438	0.00117934	0.00133584	0.00101484	0.00116156	0.00137293	0.00169356	0.00221488	0.00312733	0.00199606	0.00200022	0.00163209	0.00059659	0.000185662	1.62961e-05	2.86129e-06	
6.25714	0.00592726	0.00124308	0.000987371	0.00105856	0.00116202	0.00131627	0.000999984	0.00114457	0.00135283	0.00166872	0.00218226	0.00308103	0.00196697	0.00197104	0.00160825	0.000587892	0.000182954	1.60584e-05	2.81957e-06	
6.28571	0.00582976	0.00122469	0.0009728	0.00104297	0.00114495	0.00129697	0.000985343	0.00112781	0.00133302	0.00164423	0.0021501	0.0030354	0.00193827	0.00194226	0.00158474	0.000579315	0.000180284	1.58241e-05	2.77842e-06	
6.31429	0.00573391	0.00120658	0.000958441	0.00102761	0.00112813	0.00127796	0.00097091	0.0011113	0.00131348	0.00162008	0.0021184	0.00299042	0.00190998	0.00191387	0.00156156	0.000570857	0.00017765	1.5593e-05	2.73784e-06	
6.34286	0.00563969	0.00118874	0.000944292	0.00101248	0.00111155	0.00125921	0.000956682	0.00109502	0.00129423	0.00159628	0.00208716	0.00294609	0.00188208	0.00188589	0.0015387	0.000562516	0.000175054	1.53652e-05	2.69783e-06	
6.37143	0.00554708	0.00117116	0.00093035	0.000997556	0.00109521	0.00124074	0.000942658	0.00107897	0.00127524	0.00157281	0.00205636	0.0029024	0.00185458	0.0018583	0.00151616	0.000554291	0.000172493	1.51405e-05	2.65838e-06	
6.4	0.00545603	0.00115383	0.000916611	0.000982854	0.0010791	0.00122252	0.000928833	0.00106315	0.00125653	0.00154968	0.00202599	0.00285933	0.00182745	0.00183109	0.00149394	0.000546181	0.000169968	1.49189e-05	2.61947e-06	
6.42857	0.00536653	0.00113676	0.000903073	0.000968365	0.00106322	0.00120457	0.000915205	0.00104755	0.00123808	0.00152688	0.00199607	0.00281688	0.00180071	0.00180426	0.00147202	0.000538184	0.000167479	1.47004e-05	2.58111e-06	
6.45714	0.00527855	0.00111994	0.000889732	0.000954086	0.00104758	0.00118688	0.000901771	0.00103217	0.00121989	0.0015044	0.00196656	0.00277504	0.00177433	0.0017778	0.00145042	0.000530298	0.000165024	1.4485e-05	2.54328e-06	
6.48571	0.00519206	0.00110337	0.000876586	0.000940014	0.00103216	0.00116944	0.000888529	0.00101702	0.00120196	0.00148224	0.00193748	0.0027338	0.00174833	0.00175172	0.00142911	0.000522522	0.000162603	1.42725e-05	2.50598e-06	
6.51429	0.00510703	0.00108704	0.000863631	0.000926146	0.00101696	0.00115225	0.000875476	0.00100208	0.00118429	0.0014604	0.00190882	0.00269316	0.00172269	0.001726	0.00140811	0.000514854	0.000160216	1.40631e-05	2.46919e-06	
6.54286	0.00502344	0.00107095	0.000850866	0.000912479	0.00100198	0.0011353	0.000862608	0.000987348	0.00116686	0.00143886	0.00188056	0.0026531	0.00169741	0.00170063	0.00138739	0.000507293	0.000157862	1.38565e-05	2.43293e-06	
6.57143	0.00494126	0.0010551	0.000838287	0.00089901	0.000987214	0.0011186	0.000849924	0.000972828	0.00114969	0.00141763	0.00185271	0.00261361	0.00167248	0.00167563	0.00136697	0.000499838	0.000155542	1.36528e-05	2.39716e-06	
6.6	0.00486047	0.00103948	0.000825892	0.000885737	0.000972662	0.00110213	0.000837421	0.000958516	0.00113276	0.00139671	0.00182525	0.00257469	0.0016479	0.00165097	0.00134684	0.000492487	0.000153253	1.3452e-05	2.3619e-06	
6.62857	0.00478104	0.00102409	0.000813677	0.000872656	0.000958321	0.00108591	0.000825097	0.000944406	0.00111606	0.00137608	0.00179819	0.00253634	0.00162367	0.00162666	0.00132698	0.000485239	0.000150997	1.3254e-05	2.32713e-06	
6.65714	0.00470295	0.00100893	0.00080164	0.000859765	0.000944186	0.00106991	0.000812948	0.000930498	0.00109961	0.00135575	0.00177152	0.00249853	0.00159977	0.00160269	0.00130741	0.000478091	0.000148772	1.30587e-05	2.29284e-06	
6.68571	0.00462618	0.000993984	0.00078978	0.000847061	0.000930255	0.00105415	0.000800972	0.000916788	0.00108339	0.0013357	0.00174522	0.00246127	0.00157621	0.00157905	0.00128811	0.000471044	0.000146578	1.28662e-05	2.25904e-06	
6.71429	0.0045507	0.000979261	0.000778092	0.000834541	0.000916524	0.0010386	0.000789168	0.000903272	0.0010674	0.00131594	0.0017193	0.00242454	0.00155298	0.00155575	0.00126908	0.000464095	0.000144415	1.26763e-05	2.2257e-06	
6.74286	0.00447649	0.000964754	0.000766574	0.000822202	0.000902991	0.00102329	0.000777531	0.000889949	0.00105164	0.00129646	0.00169375	0.00238834	0.00153008	0.00153277	0.00125031	0.000457243	0.000142282	1.24892e-05	2.19283e-06	
6.77143	0.00440353	0.00095046	0.000755225	0.000810043	0.000889654	0.00100819	0.000766061	0.000876816	0.0010361	0.00127726	0.00166857	0.00235266	0.00150749	0.00151012	0.00123181	0.000450486	0.000140179	1.23046e-05	2.16042e-06	
6.8	0.00433179	0.000936375	0.000744041	0.000798059	0.000876508	0.000993306	0.000754754	0.000863869	0.00102078	0.00125833	0.00164374	0.0023175	0.00148522	0.00148778	0.00121357	0.000443824	0.000138105	1.21226e-05	2.12847e-06	
6.82857	0.00426126	0.000922497	0.00073302	0.00078625	0.000863552	0.000978637	0.000743609	0.000851107	0.00100568	0.00123967	0.00161927	0.00228284	0.00146327	0.00146575	0.00119559	0.000437256	0.00013606	1.19431e-05	2.09696e-06	
6.85714	0.00419191	0.000908823	0.000722159	0.000774611	0.000850782	0.000964178	0.000732623	0.000838526	0.000990796	0.00122128	0.00159515	0.00224868	0.00144162	0.00144403	0.00117785	0.000430778	0.000134044	1.17662e-05	2.06589e-06	
6.88571	0.00412373	0.000895349	0.000711457	0.000763141	0.000838197	0.000949926	0.000721793	0.000826124	0.000976122	0.00120314	0.00157138	0.00221501	0.00142027	0.00142262	0.00116037	0.000424392	0.000132056	1.15917e-05	2.03525e-06	
6.91429	0.00405668	0.000882072	0.000700911	0.000751837	0.000825792	0.000935878	0.000711118	0.000813899	0.000961657	0.00118527	0.00154794	0.00218182	0.00139923	0.00140151	0.00114313	0.000418094	0.000130096	1.14196e-05	2.00504e-06	
6.94286	0.00399076	0.00086899	0.000690519	0.000740697	0.000813567	0.000922031	0.000700595	0.000801848	0.000947397	0.00116765	0.00152484	0.00214911	0.00137848	0.00138069	0.00112613	0.000411885	0.000128163	1.125e-05	1.97525e-06	
6.97143	0.00392594	0.000856099	0.000680277	0.000729719	0.000801517	0.000908382	0.000690222	0.000789968	0.00093334	0.00115028	0.00150207	0.00211687	0.00135801	0.00136016	0.00110937	0.000405762	0.000126257	1.10827e-05	1.94588e-06	
7	0.0038622	0.000843398	0.000670185	0.000718899	0.00078964	0.000894929	0.000679996	0.000778257	0.000919483	0.00113316	0.00147962	0.00208509	0.00133784	0.00133992	0.00109284	0.000399724	0.000124378	1.09178e-05	1.91692e-06	
7.02857	0.00379953	0.000830882	0.00066024	0.000708236	0.000777935	0.000881668	0.000669917	0.000766712	0.000905822	0.00111628	0.00145749	0.00205377	0.00131795	0.00131997	0.00107655	0.000393771	0.000122525	1.07551e-05	1.88836e-06	
7.05714	0.00373791	0.000818549	0.00065044	0.000697727	0.000766398	0.000868597	0.000659981	0.000755331	0.000892355	0.00109964	0.00143568	0.00202289	0.00129833	0.00130029	0.00106048	0.0003879	0.000120698	1.05948e-05	1.8602e-06	
7.08571	0.00367731	0.000806397	0.000640782	0.00068737	0.000755027	0.000855712	0.000650187	0.000744113	0.00087908	0.00108323	0.00141418	0.00199246	0.00127899	0.00128089	0.00104464	0.000382112	0.000118896	1.04366e-05	1.83244e-06	
7.11429	0.00361773	0.000794423	0.000631264	0.000677163	0.000743819	0.000843012	0.000640532	0.000733053	0.000865992	0.00106706	0.00139298	0.00196247	0.00125992	0.00126176	0.00102902	0.000376403	0.000117119	1.02807e-05	1.80505e-06	
7.14286	0.00355913	0.000782623	0.000621885	0.000667104	0.000732772	0.000830493	0.000631014	0.00072215	0.000853091	0.00105112	0.00137209	0.0019329	0.00124112	0.00124289	0.00101362	0.000370775	0.000115367	1.01269e-05	1.77805e-06	
7.17143	0.00350151	0.000770996	0.000612642	0.00065719	0.000721884	0.000818153	0.000621632	0.000711403	0.000840372	0.00103541	0.00135149	0.00190376	0.00122258	0.00122429	0.000998429	0.000365224	0.000113639	9.97528e-06	1.75143e-06	
7.2	0.00344485	0.000759539	0.000603534	0.000647419	0.000711153	0.000805989	0.000612384	0.000700807	0.000827833	0.00101991	0.00133119	0.00187503	0.0012043	0.00120595	0.000983453	0.000359751	0.000111936	9.82575e-06	1.72517e-06	
7.22857	0.00338914	0.000748249	0.000594558	0.000637789	0.000700575	0.000793998	0.000603266	0.000690362	0.000815472	0.00100464	0.00131117	0.00184671	0.00118627	0.00118786	0.000968685	0.000354354	0.000110256	9.67829e-06	1.69928e-06	
7.25714	0.00333434	0.000737124	0.000585712	0.000628298	0.000690149	0.000782179	0.000594279	0.000680065	0.000803286	0.000989585	0.00129144	0.0018188	0.00116849	0.00117002	0.000954123	0.000349031	0.000108599	9.53288e-06	1.67375e-06	
7.28571	0.00328046	0.000726162	0.000576994	0.000618944	0.000679873	0.000770528	0.000585419	0.000669914	0.000791272	0.000974742	0.00127199	0.00179129	0.00115096	0.00115244	0.000939764	0.000343782	0.000106966	9.38948e-06	1.64857e-06	
7.31429	0.00322747	0.000715359	0.000568403	0.000609725	0.000669744	0.000759043	0.000576685	0.000659906	0.000779428	0.000960108	0.00125282	0.00176416	0.00113368	0.00113509	0.000925604	0.000338606	0.000105354	9.24807e-06	1.62374e-06	
7.34286	0.00317536	0.000704714	0.000559936	0.000600639	0.00065976	0.000747722	0.000568074	0.000650041	0.000767751	0.000945681	0.00123392	0.00173743	0.00111663	0.00111799	0.00091164	0.000333501	0.000103766	9.10861e-06	1.59926e-06	
7.37143	0.00312412	0.000694223	0.000551592	0.000591684	0.000649919	0.000736562	0.000559586	0.000640314	0.000756239	0.000931458	0.00121528	0.00171107	0.00109983	0.00110112	0.000897869	0.000328467	0.000102199	8.97107e-06	1.57511e-06	
7.4	0.00307372	0.000683886	0.000543369	0.000582857	0.000640219	0.000725561	0.000551218	0.000630725	0.00074489	0.000917436	0.00119691	0.00168509	0.00108325	0.00108449	0.000884289	0.000323502	0.000100653	8.83543e-06	1.55129e-06	
7.42857	0.00302416	0.000673699	0.000535265	0.000574158	0.000630657	0.000714716	0.000542968	0.000621271	0.0007337	0.000903611	0.0011788	0.00165948	0.0010669	0.00106809	0.000870897	0.000318605	9.91294e-05	8.70165e-06	1.5278e-06	
7.45714	0.00297541	0.00066366	0.000527278	0.000565583	0.000621232	0.000704025	0.000534835	0.000611951	0.000722668	0.00088998	0.00116094	0.00163423	0.00105078	0.00105191	0.000857689	0.000313776	9.76263e-05	8.56971e-06	1.50464e-06	
7.48571	0.00292747	0.000653767	0.000519406	0.000557132	0.000611942	0.000693485	0.000526817	0.000602762	0.000711791	0.000876542	0.00114333	0.00160933	0.00103489	0.00103596	0.000844664	0.000309012	9.61438e-05	8.43958e-06	1.48179e-06	
7.51429	0.00288033	0.000644018	0.000511648	0.000548803	0.000602784	0.000683096	0.000518912	0.000593702	0.000701067	0.000863292	0.00112598	0.00158479	0.00101921	0.00102022	0.000831817	0.000304314	9.46816e-05	8.31123e-06	1.45925e-06	
7.54286	0.00283396	0.000634411	0.000504002	0.000540592	0.000593757	0.000672853	0.000511119	0.00058477	0.000690493	0.000850228	0.00110886	0.0015606	0.00100374	0.0010047	0.000819146	0.00029968	9.32393e-05	8.18463e-06	1.43702e-06	
7.57143	0.00278835	0.000624943	0.000496467	0.0005325	0.000584859	0.000662755	0.000503436	0.000575963	0.000680068	0.000837347	0.00109199	0.00153675	0.000988494	0.000989397	0.000806649	0.00029511	9.18168e-05	8.05975e-06	1.4151e-06	
7.6	0.0027435	0.000615612	0.000489039	0.000524523	0.000576087	0.000652801	0.00049586	0.00056728	0.000669789	0.000824647	0.00107535	0.00151323	0.000973452	0.0009743	0.000794322	0.000290601	9.04136e-05	7.93657e-06	1.39347e-06	
7.62857	0.00269939	0.000606416	0.000481719	0.000516661	0.00056744	0.000642986	0.000488391	0.000558718	0.000659653	0.000812124	0.00105895	0.00149004	0.000958617	0.00095941	0.000782164	0.000286154	8.90294e-05	7.81507e-06	1.37214e-06	
7.65714	0.002656	0.000597354	0.000474504	0.00050891	0.000558915	0.00063331	0.000481028	0.000550277	0.000649659	0.000799775	0.00104278	0.00146718	0.000943984	0.000944722	0.00077017	0.000281767	8.7664e-05	7.6952e-06	1.35109e-06	
7.68571	0.00261333	0.000588422	0.000467393	0.000501271	0.000550512	0.000623771	0.000473767	0.000541953	0.000639805	0.000787599	0.00102683	0.00144463	0.000929551	0.000930233	0.00075834	0.000277439	8.6317e-05	7.57696e-06	1.33033e-06	
7.71429	0.00257136	0.00057962	0.000460384	0.000493741	0.000542228	0.000614366	0.000466608	0.000533745	0.000630087	0.000775592	0.0010111	0.00142241	0.000915314	0.000915941	0.000746669	0.000273169	8.49881e-05	7.4603e-06	1.30985e-06	
7.74286	0.00253007	0.000570944	0.000453476	0.000486318	0.00053406	0.000605093	0.000459549	0.000525652	0.000620505	0.000763753	0.000995595	0.00140049	0.00090127	0.000901842	0.000735156	0.000268957	8.3677e-05	7.34521e-06	1.28964e-06	
7.77143	0.00248947	0.000562394	0.000446666	0.000479	0.000526009	0.00059595	0.000452589	0.000517672	0.000611056	0.000752077	0.000980303	0.00137887	0.000887417	0.000887933	0.000723798	0.0002648	8.23835e-05	7.23166e-06	1.2697e-06	
7.8	0.00244953	0.000553967	0.000439954	0.000471787	0.000518071	0.000586936	0.000445726	0.000509802	0.000601737	0.000740562	0.000965222	0.00135756	0.00087375	0.000874211	0.000712591	0.0002607	8.11073e-05	7.11962e-06	1.25003e-06	
7.82857	0.00241025	0.000545662	0.000433338	0.000464676	0.000510245	0.000578047	0.000438959	0.000502042	0.000592548	0.000729207	0.000950349	0.00133654	0.000860267	0.000860673	0.000701535	0.000256654	7.9848e-05	7.00906e-06	1.23062e-06	
7.85714	0.00237161	0.000537475	0.000426817	0.000457666	0.000502529	0.000569283	0.000432285	0.000494389	0.000583485	0.000718008	0.000935682	0.00131581	0.000846965	0.000847316	0.000690626	0.000252661	7.86054e-05	6.89997e-06	1.21146e-06	
7.88571	0.0023336	0.000529407	0.000420388	0.000450755	0.000494922	0.000560641	0.000425704	0.000486842	0.000574547	0.000706963	0.000921216	0.00129537	0.000833842	0.000834136	0.000679861	0.000248721	7.73791e-05	6.79232e-06	1.19256e-06	
7.91429	0.00229622	0.000521454	0.000414051	0.000443942	0.000487421	0.00055212	0.000419215	0.000479399	0.000565732	0.00069607	0.000906949	0.00127521	0.000820893	0.000821131	0.000669238	0.000244833	7.61689e-05	6.68607e-06	1.17391e-06	
7.94286	0.00225945	0.000513615	0.000407804	0.000437225	0.000480026	0.000543717	0.000412814	0.000472058	0.000557038	0.000685325	0.000892876	0.00125532	0.000808116	0.000808297	0.000658756	0.000240995	7.49746e-05	6.58122e-06	1.1555e-06	
7.97143	0.00222327	0.000505888	0.000401646	0.000430603	0.000472734	0.00053543	0.000406503	0.000464818	0.000548463	0.000674728	0.000878996	0.0012357	0.000795509	0.000795633	0.00064841	0.000237208	7.37958e-05	6.47772e-06	1.13733e-06	
8	0.00218769	0.000498272	0.000395575	0.000424074	0.000465543	0.000527259	0.000400278	0.000457677	0.000540005	0.000664274	0.000865304	0.00121635	0.000783067	0.000783134	0.000638199	0.000233469	7.26322e-05	6.37556e-06	1.11939e-06	
8.02857	0.00215269	0.000490764	0.00038959	0.000417637	0.000458453	0.0005192	0.000394138	0.000450634	0.000531662	0.000653962	0.000851798	0.00119727	0.000770789	0.000770798	0.000628121	0.000229779	7.14836e-05	6.27472e-06	1.10169e-06	
8.05714	0.00211826	0.000483364	0.00038369	0.00041129	0.000451462	0.000511252	0.000388083	0.000443687	0.000523432	0.00064379	0.000838474	0.00117844	0.000758672	0.000758623	0.000618172	0.000226136	7.03497e-05	6.17516e-06	1.08421e-06	
8.08571	0.00208439	0.000476068	0.000377873	0.000405032	0.000444568	0.000503414	0.00038211	0.000436834	0.000515313	0.000633755	0.000825329	0.00115986	0.000746712	0.000746604	0.000608352	0.000222539	6.92302e-05	6.07687e-06	1.06695e-06	
8.11429	0.00205108	0.000468877	0.000372138	0.000398861	0.000437769	0.000495683	0.000376219	0.000430074	0.000507304	0.000623854	0.000812361	0.00114153	0.000734908	0.00073474	0.000598656	0.000218988	6.81249e-05	5.97982e-06	1.04991e-06	
8.14286	0.0020183	0.000461787	0.000366483	0.000392776	0.000431063	0.000488057	0.000370408	0.000423405	0.000499402	0.000614087	0.000799566	0.00112345	0.000723255	0.000723027	0.000589083	0.000215481	6.70334e-05	5.88399e-06	1.03308e-06	
8.17143	0.00198606	0.000454797	0.000360908	0.000386776	0.000424451	0.000480536	0.000364675	0.000416826	0.000491607	0.000604449	0.000786941	0.00110561	0.000711752	0.000711462	0.000579631	0.000212018	6.59556e-05	5.78935e-06	1.01647e-06	
8.2	0.00195435	0.000447906	0.000355411	0.000380859	0.000417929	0.000473117	0.00035902	0.000410336	0.000483915	0.000594939	0.000774483	0.001088	0.000700396	0.000700044	0.000570297	0.000208598	6.48911e-05	5.69588e-06	1.00006e-06	
8.22857	0.00192315	0.000441113	0.00034999	0.000375024	0.000411496	0.000465799	0.000353441	0.000403932	0.000476325	0.000585556	0.000762189	0.00107062	0.000689183	0.000688769	0.000561079	0.00020522	6.38396e-05	5.60355e-06	9.83846e-07	
8.25714	0.00189245	0.000434415	0.000344645	0.00036927	0.000405151	0.00045858	0.000347936	0.000397613	0.000468836	0.000576296	0.000750057	0.00105347	0.000678112	0.000677634	0.000551974	0.000201883	6.28009e-05	5.51234e-06	9.67832e-07	
8.28571	0.00186225	0.000427811	0.000339375	0.000363594	0.000398893	0.000451458	0.000342505	0.000391378	0.000461446	0.000567157	0.000738083	0.00103654	0.000667179	0.000666636	0.00054298	0.000198586	6.17748e-05	5.42224e-06	9.52012e-07	
8.31429	0.00183255	0.000421299	0.000334177	0.000357997	0.00039272	0.000444431	0.000337147	0.000385225	0.000454153	0.000558137	0.000726264	0.00101983	0.000656383	0.000655773	0.000534096	0.000195329	6.07609e-05	5.3332e-06	9.3638e-07	
8.34286	0.00180332	0.000414878	0.000329051	0.000352476	0.00038663	0.000437499	0.000331859	0.000379154	0.000446955	0.000549234	0.000714598	0.00100334	0.000645719	0.000645042	0.000525317	0.000192111	5.9759e-05	5.24522e-06	9.20933e-07	
8.37143	0.00177457	0.000408547	0.000323996	0.00034703	0.000380622	0.000430658	0.000326641	0.000373162	0.00043985	0.000540447	0.000703082	0.000987056	0.000635186	0.000634441	0.000516644	0.00018893	5.87689e-05	5.15826e-06	9.05666e-07	
8.4	0.00174628	0.000402304	0.00031901	0.000341658	0.000374695	0.000423909	0.000321492	0.000367247	0.000432837	0.000531772	0.000691712	0.000970978	0.00062478	0.000623966	0.000508072	0.000185786	5.77901e-05	5.0723e-06	8.90574e-07	
8.42857	0.00171845	0.000396147	0.000314092	0.000336359	0.000368847	0.000417248	0.00031641	0.00036141	0.000425914	0.000523207	0.000680487	0.000955102	0.0006145	0.000613615	0.000499599	0.000182678	5.68226e-05	4.98733e-06	8.75655e-07	
8.45714	0.00169107	0.000390075	0.000309242	0.000331131	0.000363077	0.000410675	0.000311393	0.000355648	0.00041908	0.000514752	0.000669402	0.000939424	0.000604343	0.000603385	0.000491224	0.000179605	5.58659e-05	4.90331e-06	8.60904e-07	
8.48571	0.00166413	0.000384086	0.000304457	0.000325974	0.000357383	0.000404188	0.000306442	0.000349959	0.000412332	0.000506402	0.000658456	0.00092394	0.000594305	0.000593273	0.000482945	0.000176566	5.49199e-05	4.82022e-06	8.46316e-07	
8.51429	0.00163762	0.00037818	0.000299737	0.000320886	0.000351764	0.000397785	0.000301554	0.000344343	0.00040567	0.000498157	0.000647646	0.000908645	0.000584385	0.000583277	0.000474758	0.000173561	5.39842e-05	4.73803e-06	8.31887e-07	
8.54286	0.00161154	0.000372355	0.000295081	0.000315865	0.000346219	0.000391465	0.000296729	0.000338798	0.000399091	0.000490014	0.000636968	0.000893536	0.00057458	0.000573394	0.000466661	0.000170588	5.30586e-05	4.65673e-06	8.17613e-07	
8.57143	0.00158589	0.000366609	0.000290487	0.00031091	0.000340747	0.000385226	0.000291965	0.000333322	0.000392593	0.000481972	0.00062642	0.000878608	0.000564886	0.000563621	0.000458652	0.000167647	5.21428e-05	4.57628e-06	8.03489e-07	
8.6	0.00156064	0.00036094	0.000285955	0.000306021	0.000335345	0.000379067	0.000287261	0.000327915	0.000386176	0.000474027	0.000615999	0.000863858	0.000555302	0.000553956	0.000450729	0.000164737	5.12366e-05	4.49667e-06	7.89512e-07	
8.62857	0.0015358	0.000355349	0.000281483	0.000301196	0.000330014	0.000372986	0.000282616	0.000322574	0.000379837	0.000466178	0.000605703	0.000849282	0.000545825	0.000544395	0.00044289	0.000161856	5.03396e-05	4.41787e-06	7.75677e-07	
8.65714	0.00151136	0.000349832	0.00027707	0.000296434	0.00032475	0.000366982	0.000278029	0.000317299	0.000373575	0.000458424	0.000595529	0.000834875	0.000536452	0.000534936	0.000435131	0.000159005	4.94515e-05	4.33984e-06	7.61979e-07	
8.68571	0.00148731	0.000344389	0.000272715	0.000291734	0.000319554	0.000361053	0.000273498	0.000312089	0.000367389	0.000450761	0.000585473	0.000820633	0.00052718	0.000525577	0.000427451	0.000156181	4.85721e-05	4.26258e-06	7.48414e-07	
8.71429	0.00146365	0.000339019	0.000268417	0.000287094	0.000314423	0.000355197	0.000269022	0.000306941	0.000361275	0.000443188	0.000575533	0.000806553	0.000518008	0.000516314	0.000419848	0.000153384	4.7701e-05	4.18604e-06	7.34977e-07	
8.74286	0.00144036	0.000333719	0.000264175	0.000282513	0.000309356	0.000349413	0.0002646	0.000301854	0.000355234	0.000435702	0.000565707	0.000792629	0.000508931	0.000507145	0.000412318	0.000150614	4.68381e-05	4.11021e-06	7.21664e-07	
8.77143	0.00141745	0.00032849	0.000259988	0.00027799	0.000304353	0.0003437	0.000260232	0.000296828	0.000349263	0.000428303	0.000555991	0.000778859	0.000499948	0.000498066	0.00040486	0.000147869	4.59829e-05	4.03506e-06	7.0847e-07	
8.8	0.00139491	0.000323328	0.000255854	0.000273524	0.000299411	0.000338055	0.000255915	0.00029186	0.00034336	0.000420987	0.000546383	0.000765238	0.000491056	0.000489076	0.00039747	0.000145148	4.51351e-05	3.96055e-06	6.95389e-07	
8.82857	0.00137272	0.000318234	0.000251773	0.000269114	0.00029453	0.000332478	0.000251649	0.000286949	0.000337524	0.000413752	0.00053688	0.000751762	0.000482252	0.00048017	0.000390147	0.000142451	4.42945e-05	3.88667e-06	6.82418e-07	
8.85714	0.00135089	0.000313205	0.000247744	0.000264759	0.000289707	0.000326967	0.000247432	0.000282094	0.000331754	0.000406597	0.000527479	0.000738426	0.000473533	0.000471347	0.000382887	0.000139775	4.34607e-05	3.81337e-06	6.69551e-07	
8.88571	0.0013294	0.000308241	0.000243764	0.000260457	0.000284943	0.00032152	0.000243263	0.000277294	0.000326047	0.000399519	0.000518177	0.000725227	0.000464896	0.000462603	0.000375689	0.000137121	4.26334e-05	3.74064e-06	6.56783e-07	
8.91429	0.00130826	0.00030334	0.000239835	0.000256207	0.000280234	0.000316136	0.000239142	0.000272547	0.000320402	0.000392516	0.000508972	0.000712159	0.000456339	0.000453935	0.000368549	0.000134487	4.18123e-05	3.66845e-06	6.44108e-07	
8.94286	0.00128745	0.0002985	0.000235953	0.000252008	0.000275581	0.000310814	0.000235066	0.000267851	0.000314817	0.000385586	0.00049986	0.00069922	0.000447859	0.000445341	0.000361466	0.000131873	4.09969e-05	3.59675e-06	6.31522e-07	
8.97143	0.00126698	0.000293721	0.000232119	0.000247858	0.000270981	0.000305551	0.000231035	0.000263206	0.000309291	0.000378727	0.000490838	0.000686404	0.000439453	0.000436817	0.000354435	0.000129276	4.0187e-05	3.52552e-06	6.19018e-07	
9	0.00124683	0.000289001	0.00022833	0.000243757	0.000266434	0.000300346	0.000227047	0.00025861	0.000303821	0.000371936	0.000481903	0.000673707	0.000431117	0.00042836	0.000347454	0.000126696	3.93821e-05	3.45473e-06	6.0659e-07	
9.02857	0.00122699	0.000284338	0.000224587	0.000239704	0.000261938	0.000295197	0.000223101	0.000254061	0.000298406	0.000365212	0.000473053	0.000661124	0.00042285	0.000419966	0.000340521	0.000124132	3.8582e-05	3.38433e-06	5.94232e-07	
9.05714	0.00120747	0.000279732	0.000220887	0.000235696	0.000257491	0.000290103	0.000219196	0.000249558	0.000293045	0.000358552	0.000464285	0.000648651	0.000414647	0.000411633	0.000333633	0.000121582	3.77861e-05	3.3143e-06	5.81938e-07	
9.08571	0.00118826	0.000275181	0.00021723	0.000231734	0.000253092	0.000285063	0.00021533	0.000245099	0.000287734	0.000351953	0.000455594	0.000636283	0.000406506	0.000403357	0.000326785	0.000119046	3.6994e-05	3.2446e-06	5.69702e-07	
9.11429	0.00116935	0.000270683	0.000213615	0.000227815	0.00024874	0.000280074	0.000211503	0.000240683	0.000282474	0.000345414	0.000446978	0.000624015	0.000398423	0.000395135	0.000319976	0.000116522	3.62054e-05	3.17518e-06	5.57516e-07	
9.14286	0.00115074	0.000266237	0.000210039	0.000223938	0.000244433	0.000275135	0.000207713	0.000236308	0.00027726	0.000338931	0.000438434	0.000611842	0.000390395	0.000386963	0.000313202	0.000114008	3.54198e-05	3.106e-06	5.45373e-07	
9.17143	0.00113242	0.000261842	0.000206503	0.000220102	0.00024017	0.000270244	0.000203958	0.000231973	0.000272092	0.000332503	0.000429957	0.00059976	0.000382419	0.000378838	0.00030646	0.000111503	3.46367e-05	3.03702e-06	5.33265e-07	
9.2	0.00111439	0.000257496	0.000203005	0.000216306	0.000235949	0.000265399	0.000200237	0.000227676	0.000266968	0.000326127	0.000421545	0.000587762	0.000374491	0.000370755	0.000299746	0.000109007	3.38555e-05	2.9682e-06	5.21184e-07	
9.22857	0.00109664	0.000253197	0.000199544	0.000212548	0.000231769	0.000260598	0.000196549	0.000223415	0.000261885	0.0003198	0.000413195	0.000575843	0.000366607	0.000362711	0.000293056	0.000106516	3.30758e-05	2.89948e-06	5.09121e-07	
9.25714	0.00107917	0.000248945	0.000196118	0.000208826	0.000227628	0.00025584	0.000192891	0.000219188	0.000256841	0.000313519	0.000404901	0.000563997	0.000358764	0.000354701	0.000286387	0.00010403	3.2297e-05	2.8308e-06	4.97068e-07	
9.28571	0.00106197	0.000244738	0.000192726	0.00020514	0.000223523	0.000251122	0.000189264	0.000214995	0.000251835	0.000307281	0.00039666	0.00055222	0.000350958	0.000346722	0.000279734	0.000101547	3.15185e-05	2.76212e-06	4.85013e-07	
9.31429	0.00104503	0.000240573	0.000189367	0.000201488	0.000219455	0.000246443	0.000185664	0.000210831	0.000246863	0.000301084	0.000388468	0.000540503	0.000343183	0.000338768	0.000273094	9.90657e-05	3.07396e-05	2.69337e-06	4.72946e-07	
9.34286	0.00102836	0.000236449	0.00018604	0.000197868	0.00021542	0.000241799	0.00018209	0.000206697	0.000241923	0.000294924	0.000380321	0.000528841	0.000335437	0.000330835	0.000266462	9.65831e-05	2.99596e-05	2.62448e-06	4.60855e-07	
9.37143	0.00101195	0.000232365	0.000182742	0.000194279	0.000211417	0.00023719	0.000178541	0.000202589	0.000237012	0.000288798	0.000372214	0.000517227	0.000327713	0.000322918	0.000259833	9.40976e-05	2.91779e-05	2.55539e-06	4.48728e-07	
9.4	0.000995787	0.000228319	0.000179472	0.000190718	0.000207443	0.000232612	0.000175014	0.000198505	0.000232129	0.000282702	0.000364142	0.000505652	0.000320008	0.000315012	0.000253202	9.16071e-05	2.83935e-05	2.486e-06	4.36551e-07	
9.42857	0.000979873	0.000224308	0.000176229	0.000187184	0.000203497	0.000228064	0.000171508	0.000194443	0.000227269	0.000276633	0.000356101	0.000494111	0.000312316	0.000307111	0.000246564	8.91092e-05	2.76056e-05	2.41624e-06	4.24308e-07	
9.45714	0.000964202	0.000220331	0.000173011	0.000183675	0.000199577	0.000223541	0.00016802	0.000190401	0.00022243	0.000270586	0.000348083	0.000482593	0.000304631	0.000299208	0.000239913	8.66014e-05	2.68132e-05	2.34601e-06	4.11982e-07	
9.48571	0.00094877	0.000216386	0.000169816	0.000180189	0.000195679	0.000219042	0.000164548	0.000186375	0.000217609	0.000264558	0.000340084	0.00047109	0.000296948	0.000291298	0.000233243	8.40808e-05	2.60153e-05	2.27519e-06	3.99553e-07	
9.51429	0.000933571	0.00021247	0.000166642	0.000176723	0.000191802	0.000214563	0.00016109	0.000182363	0.000212801	0.000258543	0.000332097	0.000459591	0.000289259	0.000283372	0.000226546	8.15444e-05	2.52107e-05	2.20367e-06	3.87001e-07	
9.54286	0.000918601	0.00020858	0.000163487	0.000173276	0.000187942	0.000210101	0.000157642	0.000178361	0.000208003	0.000252537	0.000324115	0.000448086	0.000281557	0.000275424	0.000219816	7.89889e-05	2.4398e-05	2.13132e-06	3.74301e-07	
9.57143	0.000903854	0.000204714	0.000160349	0.000169844	0.000184097	0.000205652	0.000154202	0.000174366	0.00020321	0.000246533	0.000316129	0.000436563	0.000273834	0.000267443	0.000213044	7.64105e-05	2.35758e-05	2.05797e-06	3.61424e-07	
9.6	0.000889328	0.00020087	0.000157224	0.000166424	0.000180262	0.000201211	0.000150767	0.000170373	0.000198418	0.000240525	0.000308132	0.000425008	0.000266081	0.000259421	0.000206221	7.38051e-05	2.27425e-05	1.98345e-06	3.48338e-07	
9.62857	0.000875015	0.000197043	0.000154111	0.000163014	0.000176434	0.000196775	0.000147332	0.000166379	0.00019362	0.000234507	0.000300112	0.000413406	0.000258288	0.000251347	0.000199336	7.1168e-05	2.18961e-05	1.90756e-06	3.35004e-07	
9.65714	0.000860911	0.000193229	0.000151006	0.000159609	0.000172609	0.000192338	0.000143893	0.000162379	0.000188811	0.000228469	0.000292059	0.000401738	0.000250444	0.000243208	0.000192377	6.84938e-05	2.10344e-05	1.83005e-06	3.21378e-07	
9.68571	0.000847012	0.000189426	0.000147905	0.000156206	0.000168781	0.000187894	0.000140447	0.000158365	0.000183984	0.000222403	0.00028396	0.000389986	0.000242534	0.00023499	0.000185331	6.57763e-05	2.01548e-05	1.75064e-06	3.07405e-07	
9.71429	0.000833311	0.000185628	0.000144804	0.000152799	0.000164946	0.000183435	0.000136986	0.000154333	0.000179129	0.000216298	0.000275799	0.000378125	0.000234544	0.000226674	0.000178181	6.30081e-05	1.92544e-05	1.66898e-06	2.93019e-07	
9.74286	0.000819803	0.000181829	0.000141699	0.000149383	0.000161096	0.000178955	0.000133505	0.000150273	0.000174238	0.00021014	0.000267558	0.000366127	0.000226453	0.000218243	0.000170907	6.01805e-05	1.83295e-05	1.58468e-06	2.78137e-07	
9.77143	0.000806481	0.000178021	0.000138582	0.00014595	0.000157223	0.000174443	0.000129995	0.000146177	0.000169298	0.000203915	0.000259216	0.000353958	0.00021824	0.000209669	0.000163487	5.72829e-05	1.73756e-05	1.49722e-06	2.62654e-07	
9.8	0.000793338	0.000174197	0.000135446	0.000142492	0.000153316	0.000169885	0.000126446	0.000142032	0.000164295	0.000197602	0.000250744	0.000341575	0.000209876	0.000200923	0.00015589	5.43019e-05	1.63871e-05	1.40596e-06	2.46438e-07	
9.82857	0.000780365	0.000170342	0.00013228	0.000138997	0.000149361	0.000165266	0.000122846	0.000137823	0.000159208	0.000191178	0.00024211	0.000328923	0.000201324	0.000191963	0.000148078	5.12203e-05	1.53568e-05	1.31007e-06	2.29308e-07	
9.85714	0.00076755	0.000166438	0.000129069	0.000135446	0.000145339	0.000160562	0.000119175	0.000133527	0.000154013	0.000184607	0.000233264	0.000315932	0.000192536	0.000182737	0.000139998	4.80146e-05	1.4275e-05	1.20843e-06	2.11019e-07	
9.88571	0.000754878	0.000162458	0.000125788	0.000131812	0.000141216	0.000155734	0.000115404	0.00012911	0.000148666	0.000177838	0.000224138	0.000302495	0.000183443	0.000173169	0.000131576	4.46515e-05	1.31277e-05	1.09949e-06	1.91215e-07	
9.91429	0.000742326	0.000158358	0.000122399	0.000128051	0.000136942	0.000150721	0.000111484	0.000124515	0.000143098	0.000170783	0.000214613	0.000288439	0.000173935	0.000163144	0.000122701	4.10795e-05	1.18936e-05	9.80847e-07	1.69347e-07	
9.94286	0.000729861	0.000154065	0.000118837	0.000124087	0.000132426	0.000145412	0.000107324	0.000119634	0.000137176	0.00016327	0.000204456	0.000273422	0.000163799	0.000152445	0.000113177	3.72098e-05	1.05355e-05	8.48418e-07	1.44467e-07	
9.97143	0.000717425	0.000149456	0.000114991	0.000119785	0.000127501	0.000139598	0.000102752	0.000114252	0.000130629	0.000154937	0.00019315	0.000256632	0.000152497	0.000140513	0.000102523	3.28469e-05	8.97228e-06	6.93353e-07	1.14527e-07	
10	0.000704928	0.000144317	0.000110659	0.000114898	0.000121856	0.000132869	9.74154e-05	0.000107923	0.000122862	0.00014495	0.000179418	0.000235854	0.000138368	0.000125326	8.85622e-05	2.69564e-05	6.7764e-06	4.69384e-07	6.88506e-08	
