Numero de iteracoes: 24
Erro: 9.44712e-07
Tempo de Resolucao do Problema: 1357.23 segundos
/////////////////////////////////////////////
Posicao	Fluxo Escalar
	Grupo de Energia 1	Grupo de Energia 2	Grupo de Energia 3	Grupo de Energia 4	Grupo de Energia 5	Grupo de Energia 6	Grupo de Energia 7	Grupo de Energia 8	Grupo de Energia 9	Grupo de Energia 10	Grupo de Energia 11	Grupo de Energia 12	Grupo de Energia 13	Grupo de Energia 14	Grupo de Energia 15	Grupo de Energia 16	Grupo de Energia 17	Grupo de Energia 18	Grupo de Energia 19
0	0.507947	0.0159368	0.0118721	0.0119488	0.0122326	0.0128545	0.00918007	0.00999409	0.0112736	0.0133557	0.0169328	0.0231705	0.00917031	0.0081904	0.00575954	0.00163858	0.000414727	2.84174e-05	4.18246e-06	
0.05	0.460294	0.0179686	0.0134216	0.0135432	0.0139057	0.0146634	0.0105085	0.0114792	0.0130032	0.0154885	0.0197854	0.0273883	0.0109585	0.00998831	0.00730498	0.0022175	0.000624597	4.92257e-05	8.35505e-06	
0.1	0.42595	0.0190414	0.0142486	0.014404	0.0148212	0.0156677	0.011255	0.0123213	0.0139917	0.0167144	0.0214295	0.029828	0.0122019	0.0112443	0.00838335	0.00262223	0.000765736	6.28026e-05	1.09086e-05	
0.15	0.398354	0.0196632	0.0147416	0.0149307	0.015397	0.0163177	0.0117495	0.0128896	0.0146704	0.0175696	0.0225933	0.0315832	0.0132157	0.012281	0.00927966	0.00296153	0.000881979	7.37977e-05	1.29187e-05	
0.2	0.37475	0.020034	0.0150481	0.0152701	0.0157813	0.0167664	0.0120995	0.0132995	0.0151682	0.0182058	0.0234691	0.0329186	0.0140712	0.0131641	0.010048	0.00325537	0.00098144	8.30874e-05	1.4589e-05	
0.25	0.35387	0.0202425	0.0152325	0.0154854	0.0160369	0.0170776	0.0123496	0.0135986	0.0155379	0.0186852	0.0241363	0.0339469	0.0148008	0.0139248	0.0107147	0.00351302	0.00106784	9.10819e-05	1.60121e-05	
0.3	0.335054	0.0203344	0.0153281	0.0156094	0.0161967	0.0172851	0.0125235	0.0138126	0.0158087	0.0190429	0.0246411	0.0347354	0.0154248	0.0145824	0.0112955	0.00373998	0.0011434	9.80243e-05	1.72404e-05	
0.35	0.317906	0.0203376	0.0153555	0.0156625	0.0162814	0.0174107	0.012637	0.0139587	0.0160002	0.0193027	0.025015	0.0353304	0.0159578	0.0151507	0.0118017	0.00394003	0.00120961	0.000104078	1.83075e-05	
0.4	0.302159	0.0202713	0.015329	0.0156593	0.016306	0.0174703	0.0127013	0.0140493	0.0161267	0.019482	0.0252811	0.0357654	0.0164112	0.0156403	0.0122418	0.00411605	0.00126759	0.00010936	1.92367e-05	
0.45	0.287615	0.0201494	0.0152591	0.0156104	0.0162816	0.0174755	0.012725	0.014094	0.016199	0.019594	0.0254569	0.0360662	0.0167938	0.0160596	0.0126226	0.00427037	0.00131823	0.000113964	2.00453e-05	
0.5	0.274121	0.0199829	0.015154	0.0155242	0.0162168	0.0174358	0.0127148	0.0141001	0.0162259	0.0196493	0.0255562	0.0362528	0.0171133	0.0164157	0.0129499	0.00440493	0.00136225	0.000117962	2.07467e-05	
0.55	0.261554	0.0197802	0.0150202	0.0154074	0.0161186	0.0173585	0.0126762	0.0140737	0.016214	0.0196561	0.0255901	0.0363416	0.017376	0.0167146	0.0132284	0.00452144	0.00140028	0.000121415	2.13522e-05	
0.6	0.249812	0.0195483	0.014863	0.0152654	0.0159926	0.0172497	0.0126135	0.0140196	0.0161692	0.0196214	0.0255677	0.0363458	0.0175874	0.0169617	0.0134626	0.00462138	0.00143285	0.000124375	2.18709e-05	
0.65	0.23881	0.0192927	0.0146866	0.0151025	0.0158435	0.0171142	0.0125304	0.0139419	0.0160959	0.0195509	0.0254965	0.0362767	0.0177524	0.0171615	0.0136563	0.0047061	0.00146044	0.000126886	2.23108e-05	
0.7	0.228475	0.0190179	0.0144945	0.0149223	0.0156749	0.0169564	0.0124299	0.013844	0.0159983	0.0194494	0.025383	0.0361436	0.0178753	0.0173182	0.013813	0.00477683	0.00148348	0.000128988	2.26788e-05	
0.75	0.218747	0.0187279	0.0142896	0.014728	0.0154901	0.0167795	0.0123145	0.0137286	0.0158795	0.019321	0.0252327	0.0359548	0.0179599	0.0174356	0.0139357	0.00483468	0.00150233	0.000130717	2.29812e-05	
0.8	0.209573	0.0184258	0.0140745	0.0145219	0.0152919	0.0165865	0.0121865	0.0135983	0.0157425	0.0191692	0.0250503	0.0357172	0.0180099	0.0175171	0.0140273	0.00488066	0.00151736	0.000132103	2.32235e-05	
0.85	0.200905	0.0181141	0.0138511	0.0143063	0.0150824	0.0163801	0.0120477	0.0134551	0.0155896	0.0189971	0.0248398	0.035437	0.0180282	0.0175658	0.0140903	0.00491573	0.00152887	0.000133176	2.34109e-05	
0.9	0.192704	0.0177952	0.0136211	0.014083	0.0148637	0.0161623	0.0118997	0.0133009	0.0154232	0.0188073	0.024605	0.0351194	0.0180178	0.0175845	0.0141273	0.00494076	0.00153716	0.000133962	2.35478e-05	
0.95	0.184934	0.0174709	0.0133862	0.0138536	0.0146374	0.015935	0.0117439	0.0131374	0.015245	0.0186023	0.0243489	0.0347694	0.0179813	0.0175757	0.0141404	0.00495655	0.0015425	0.000134485	2.36385e-05	
1	0.177563	0.0171429	0.0131474	0.0136194	0.014405	0.0156999	0.0115816	0.0129658	0.0150568	0.0183841	0.0240743	0.0343909	0.017921	0.017542	0.0141315	0.00496386	0.00154512	0.000134766	2.36868e-05	
1.05	0.170562	0.0168125	0.012906	0.0133816	0.0141678	0.0154583	0.0114138	0.0127874	0.01486	0.0181544	0.0237838	0.0339878	0.0178393	0.0174855	0.0141027	0.00496337	0.00154527	0.000134826	2.36964e-05	
1.1	0.163906	0.0164809	0.0126629	0.0131411	0.0139269	0.0152116	0.0112415	0.0126034	0.0146558	0.0179151	0.0234795	0.0335633	0.017738	0.0174081	0.0140555	0.00495574	0.00154314	0.000134684	2.36705e-05	
1.15	0.157572	0.0161491	0.0124188	0.0128989	0.0136833	0.0149608	0.0110656	0.0124147	0.0144455	0.0176674	0.0231634	0.0331205	0.017619	0.0173119	0.0139917	0.00494157	0.00153893	0.000134357	2.36121e-05	
1.2	0.151539	0.015818	0.0121745	0.0126557	0.0134377	0.014707	0.0108867	0.0122221	0.01423	0.0174127	0.0228373	0.032662	0.017484	0.0171984	0.0139127	0.00492142	0.00153283	0.000133861	2.35241e-05	
1.25	0.145788	0.0154883	0.0119306	0.0124123	0.013191	0.0144508	0.0107056	0.0120264	0.0140104	0.0171522	0.0225028	0.0321901	0.0173346	0.0170694	0.01382	0.00489582	0.001525	0.00013321	2.3409e-05	
1.3	0.140301	0.0151607	0.0116877	0.012169	0.0129437	0.0141932	0.0105228	0.0118283	0.0137873	0.0168869	0.0221612	0.0317071	0.0171723	0.0169263	0.0137147	0.00486523	0.00151559	0.00013242	2.32694e-05	
1.35	0.135064	0.0148357	0.011446	0.0119266	0.0126965	0.0139347	0.0103388	0.0116284	0.0135616	0.0166177	0.0218139	0.0312149	0.0169984	0.0167705	0.0135981	0.00483013	0.00150476	0.000131502	2.31074e-05	
1.4	0.13006	0.0145137	0.0112061	0.0116853	0.0124499	0.0136761	0.0101542	0.0114272	0.0133339	0.0163455	0.021462	0.0307152	0.016814	0.0166033	0.0134713	0.00479093	0.00149263	0.000130469	2.29251e-05	
1.45	0.125277	0.0141953	0.0109684	0.0114457	0.0122043	0.0134176	0.00996923	0.0112253	0.0131048	0.0160711	0.0211065	0.0302096	0.0166204	0.0164258	0.0133353	0.00474801	0.00147932	0.000129331	2.27245e-05	
1.5	0.120703	0.0138806	0.010733	0.0112079	0.01196	0.01316	0.00978435	0.011023	0.0128749	0.0157951	0.0207485	0.0296995	0.0164187	0.0162391	0.013191	0.00470175	0.00146496	0.000128098	2.25074e-05	
1.55	0.116325	0.0135701	0.0105002	0.0109724	0.0117175	0.0129035	0.00959989	0.0108208	0.0126445	0.0155181	0.0203886	0.0291862	0.0162097	0.0160443	0.0130394	0.00465249	0.00144966	0.000126781	2.22755e-05	
1.6	0.112134	0.0132638	0.0102703	0.0107393	0.011477	0.0126485	0.00941612	0.010619	0.0124142	0.0152407	0.0200278	0.0286709	0.0159943	0.0158423	0.0128813	0.00460053	0.0014335	0.000125388	2.20302e-05	
1.65	0.108118	0.0129622	0.0100434	0.0105088	0.0112387	0.0123953	0.0092333	0.0104178	0.0121843	0.0149634	0.0196666	0.0281547	0.0157735	0.015634	0.0127175	0.00454618	0.00141659	0.000123928	2.17731e-05	
1.7	0.10427	0.0126652	0.00981964	0.0102813	0.011003	0.0121443	0.00905166	0.0102177	0.0119551	0.0146866	0.0193058	0.0276384	0.015548	0.0154201	0.0125485	0.0044897	0.00139901	0.000122407	2.15054e-05	
1.75	0.100581	0.0123731	0.00959922	0.0100567	0.01077	0.0118956	0.00887142	0.0100187	0.0117271	0.0144107	0.0189458	0.0271229	0.0153185	0.0152015	0.0123752	0.00443135	0.00138084	0.000120833	2.12285e-05	
1.8	0.097042	0.0120859	0.00938222	0.00983531	0.0105398	0.0116495	0.00869273	0.00982126	0.0115003	0.0141361	0.0185872	0.026609	0.0150856	0.0149789	0.0121981	0.00437136	0.00136216	0.000119213	2.09435e-05	
1.85	0.0936461	0.0118037	0.00916872	0.00961715	0.0103126	0.0114062	0.00851578	0.00962542	0.0112752	0.0138632	0.0182304	0.0260974	0.01485	0.0147528	0.0120178	0.00430995	0.00134302	0.000117553	2.06514e-05	
1.9	0.0903863	0.0115267	0.00895878	0.00940234	0.0100886	0.0111658	0.00834068	0.0094314	0.0110519	0.0135922	0.0178758	0.0255888	0.0146122	0.0145239	0.0118347	0.00424732	0.00132351	0.000115858	2.03533e-05	
1.95	0.0872559	0.0112548	0.00875246	0.00919096	0.00986781	0.0109285	0.00816758	0.00923935	0.0108306	0.0133233	0.0175239	0.0250836	0.0143727	0.0142927	0.0116494	0.00418366	0.00130367	0.000114133	2.005e-05	
2	0.0842488	0.010988	0.00854981	0.00898306	0.00965035	0.0106943	0.00799657	0.0090494	0.0106114	0.0130569	0.0171749	0.0245824	0.014132	0.0140598	0.0114624	0.00411915	0.00128356	0.000112384	1.97424e-05	
2.05	0.0813592	0.0107264	0.00835084	0.0087787	0.00943628	0.0104635	0.00782774	0.00886167	0.0103946	0.012793	0.016829	0.0240857	0.0138906	0.0138255	0.0112739	0.00405394	0.00126323	0.000110615	1.94313e-05	
2.1	0.0785816	0.01047	0.00815558	0.0085779	0.00922567	0.010236	0.00766118	0.00867627	0.0101803	0.012532	0.0164867	0.0235938	0.0136488	0.0135904	0.0110845	0.00398819	0.00124273	0.00010883	1.91174e-05	
2.15	0.0759108	0.0102187	0.00796403	0.0083807	0.00901856	0.0100121	0.00749696	0.00849329	0.00996863	0.0122739	0.0161481	0.023107	0.013407	0.0133549	0.0108945	0.00392202	0.00122211	0.000107033	1.88015e-05	
2.2	0.0733421	0.00997263	0.0077762	0.0081871	0.00881498	0.0097916	0.00733513	0.0083128	0.00975961	0.0120189	0.0158134	0.0226258	0.0131656	0.0131192	0.0107041	0.00385558	0.00120139	0.000105227	1.8484e-05	
2.25	0.0708708	0.00973163	0.00759206	0.00799712	0.00861497	0.00957471	0.00717574	0.00813488	0.00955339	0.0117672	0.0154827	0.0221504	0.0129249	0.0128838	0.0105137	0.00378896	0.00118062	0.000103416	1.81657e-05	
2.3	0.0684926	0.00949569	0.00741162	0.00781076	0.00841853	0.00936142	0.00701884	0.00795957	0.00935004	0.0115188	0.0151564	0.021681	0.0126851	0.012649	0.0103236	0.00372229	0.00115983	0.000101603	1.78469e-05	
2.35	0.0662034	0.00926479	0.00723484	0.007628	0.00822568	0.00915176	0.00686444	0.00778692	0.00914962	0.0112738	0.0148344	0.0212179	0.0124465	0.012415	0.0101339	0.00365566	0.00113905	9.97901e-05	1.75283e-05	
2.4	0.0639993	0.00903885	0.0070617	0.00744883	0.00803641	0.00894575	0.00671259	0.00761697	0.00895218	0.0110323	0.0145169	0.0207611	0.0122094	0.0121821	0.00994503	0.00358916	0.00111831	9.79803e-05	1.72101e-05	
2.45	0.0618767	0.00881784	0.00689217	0.00727323	0.00785072	0.00874341	0.00656329	0.00744976	0.00875779	0.0107944	0.014204	0.020311	0.0119739	0.0119505	0.00975708	0.00352288	0.00109764	9.61757e-05	1.6893e-05	
2.5	0.0598321	0.00860168	0.00672622	0.00710117	0.00766859	0.00854473	0.00641656	0.0072853	0.00856646	0.0105601	0.0138958	0.0198676	0.0117403	0.0117205	0.00957025	0.00345689	0.00107706	9.43787e-05	1.65771e-05	
2.55	0.0578621	0.00839032	0.0065638	0.00693264	0.00749001	0.00834971	0.00627241	0.00712361	0.00837824	0.0103295	0.0135924	0.019431	0.0115087	0.0114923	0.00938473	0.00339126	0.0010566	9.2591e-05	1.6263e-05	
2.6	0.0559637	0.00818369	0.00640488	0.00676759	0.00731496	0.00815835	0.00613084	0.0069647	0.00819315	0.0101027	0.0132938	0.0190014	0.0112794	0.011266	0.00920068	0.00332605	0.00103627	9.08145e-05	1.59508e-05	
2.65	0.0541338	0.00798172	0.00624942	0.00660599	0.00714341	0.00797062	0.00599184	0.00680859	0.00801119	0.00987956	0.0130001	0.0185787	0.0110524	0.0110418	0.00901824	0.00326133	0.00101608	8.90508e-05	1.56408e-05	
2.7	0.0523698	0.00778433	0.00609736	0.00644781	0.00697533	0.00778652	0.00585541	0.00665526	0.00783238	0.0096602	0.0127112	0.0181631	0.0108278	0.0108198	0.00883754	0.00319714	0.000996067	8.73013e-05	1.53334e-05	
2.75	0.0506687	0.00759146	0.00594865	0.006293	0.00681069	0.007606	0.00572155	0.00650471	0.00765672	0.00944461	0.0124273	0.0177546	0.0106059	0.0106002	0.00865869	0.00313354	0.000976234	8.55675e-05	1.50287e-05	
2.8	0.0490282	0.00740302	0.00580326	0.00614151	0.00664945	0.00742906	0.00559023	0.00635695	0.0074842	0.0092328	0.0121483	0.0173532	0.0103867	0.0103831	0.00848181	0.00307056	0.000956596	8.38505e-05	1.4727e-05	
2.85	0.0474457	0.00721895	0.00566113	0.00599331	0.00649158	0.00725565	0.00546144	0.00621195	0.00731484	0.00902478	0.0118742	0.0169589	0.0101702	0.0101686	0.00830698	0.00300825	0.000937167	8.21513e-05	1.44284e-05	
2.9	0.0459189	0.00703916	0.0055222	0.00584835	0.00633703	0.00708575	0.00533517	0.0060697	0.0071486	0.00882053	0.011605	0.0165718	0.00995666	0.0099568	0.00813428	0.00294664	0.000917955	8.0471e-05	1.41332e-05	
2.95	0.0444456	0.00686358	0.00538642	0.00570658	0.00618576	0.00691932	0.0052114	0.00593019	0.00698548	0.00862003	0.0113408	0.0161917	0.00974602	0.00974777	0.0079638	0.00288576	0.000898972	7.88104e-05	1.38414e-05	
3	0.0430238	0.00669212	0.00525374	0.00556795	0.00603773	0.00675632	0.00509009	0.00579339	0.00682547	0.00842329	0.0110815	0.0158188	0.00953838	0.00954159	0.00779559	0.00282564	0.000880226	7.71703e-05	1.35533e-05	
3.05	0.0416514	0.00652472	0.00512411	0.00543241	0.0058929	0.00659671	0.00497123	0.00565928	0.00666853	0.00823027	0.0108271	0.0154529	0.00933379	0.00933831	0.00762971	0.0027663	0.000861725	7.55514e-05	1.32688e-05	
3.1	0.0403264	0.00636128	0.00499747	0.0052999	0.00575121	0.00644044	0.00485479	0.00552784	0.00651465	0.00804095	0.0105775	0.0150941	0.0091323	0.009138	0.00746621	0.00270776	0.000843474	7.39542e-05	1.29882e-05	
3.15	0.0390471	0.00620174	0.00487377	0.00517039	0.00561262	0.00628748	0.00474075	0.00539904	0.0063638	0.00785531	0.0103328	0.0147422	0.00893393	0.0089407	0.00730513	0.00265005	0.00082548	7.23793e-05	1.27115e-05	
3.2	0.0378116	0.00604602	0.00475294	0.00504382	0.00547708	0.00613778	0.00462907	0.00527285	0.00621595	0.00767331	0.0100928	0.0143973	0.00873873	0.00874643	0.0071465	0.00259317	0.000807747	7.08272e-05	1.24388e-05	
3.25	0.0366184	0.00589403	0.00463495	0.00492013	0.00534454	0.00599128	0.00451972	0.00514924	0.00607107	0.00749492	0.0098576	0.0140592	0.0085467	0.00855525	0.00699036	0.00253715	0.00079028	6.92981e-05	1.21702e-05	
3.3	0.0354658	0.0057457	0.00451972	0.00479927	0.00521495	0.00584795	0.00441267	0.00502819	0.00592913	0.00732011	0.00962709	0.013728	0.00835786	0.00836715	0.00683672	0.00248198	0.000773083	6.77924e-05	1.19057e-05	
3.35	0.0343522	0.00560096	0.00440721	0.0046812	0.00508827	0.00570774	0.0043079	0.00490965	0.00579009	0.00714883	0.00940123	0.0134035	0.00817223	0.00818218	0.00668561	0.00242769	0.000756157	6.63104e-05	1.16454e-05	
3.4	0.0332763	0.00545972	0.00429737	0.00456585	0.00496443	0.00557059	0.00420536	0.0047936	0.00565393	0.00698105	0.00917998	0.0130856	0.00798981	0.00800033	0.00653703	0.00237427	0.000739506	6.48523e-05	1.13892e-05	
3.45	0.0322366	0.00532192	0.00419013	0.00445318	0.0048434	0.00543645	0.00410503	0.00468	0.00552059	0.00681673	0.00896327	0.0127744	0.0078106	0.00782161	0.00639099	0.00232174	0.00072313	6.34182e-05	1.11373e-05	
3.5	0.0312317	0.00518747	0.00408545	0.00434314	0.00472512	0.00530529	0.00400687	0.00456881	0.00539005	0.00665581	0.00875106	0.0124696	0.00763459	0.00764602	0.0062475	0.0022701	0.000707031	6.20082e-05	1.08896e-05	
3.55	0.0302604	0.00505631	0.00398327	0.00423567	0.00460954	0.00517704	0.00391084	0.00446001	0.00526227	0.00649827	0.00854329	0.0121713	0.00746178	0.00747357	0.00610655	0.00221934	0.00069121	6.06224e-05	1.06462e-05	
3.6	0.0293215	0.00492836	0.00388354	0.00413073	0.0044966	0.00505165	0.00381692	0.00435355	0.0051372	0.00634404	0.0083399	0.0118794	0.00729215	0.00730424	0.00596815	0.00216947	0.000675667	5.92609e-05	1.0407e-05	
3.65	0.0284137	0.00480355	0.00378621	0.00402825	0.00438627	0.00492908	0.00372507	0.0042494	0.00501481	0.00619309	0.00814083	0.0115936	0.0071257	0.00713803	0.00583228	0.0021205	0.000660401	5.79235e-05	1.01721e-05	
3.7	0.0275359	0.00468182	0.00369122	0.0039282	0.00427849	0.00480928	0.00363525	0.00414752	0.00489506	0.00604536	0.00794601	0.0113141	0.00696239	0.00697491	0.00569893	0.00207241	0.000645412	5.66103e-05	9.94141e-06	
3.75	0.0266871	0.00456308	0.00359854	0.00383052	0.0041732	0.00469219	0.00354742	0.00404787	0.0047779	0.00590081	0.00775538	0.0110406	0.00680221	0.00681488	0.0055681	0.0020252	0.000630699	5.53213e-05	9.71498e-06	
3.8	0.0258662	0.00444728	0.0035081	0.00373516	0.00407037	0.00457777	0.00346156	0.00395042	0.00466329	0.00575939	0.00756889	0.0107731	0.00664513	0.0066579	0.00543976	0.00197888	0.00061626	5.40562e-05	9.49277e-06	
3.85	0.0250722	0.00433435	0.00341985	0.00364207	0.00396994	0.00446595	0.00337763	0.00385513	0.00455119	0.00562105	0.00738646	0.0105115	0.00649113	0.00650397	0.00531391	0.00193343	0.000602096	5.2815e-05	9.27475e-06	
3.9	0.0243041	0.00422421	0.00333375	0.00355121	0.00387186	0.00435671	0.00329559	0.00376196	0.00444156	0.00548574	0.00720803	0.0102557	0.00634018	0.00635305	0.00519051	0.00188885	0.000588202	5.15975e-05	9.0609e-06	
3.95	0.0235611	0.00411681	0.00324976	0.00346253	0.00377608	0.00424997	0.00321541	0.00367087	0.00433436	0.0053534	0.00703353	0.0100055	0.00619225	0.00620511	0.00506955	0.00184513	0.000574579	5.04035e-05	8.85119e-06	
4	0.0228421	0.00401209	0.00316782	0.00337597	0.00368256	0.0041457	0.00313705	0.00358183	0.00422955	0.005224	0.0068629	0.009761	0.0060473	0.00606013	0.004951	0.00180227	0.000561222	4.92329e-05	8.64559e-06	
4.05	0.0221465	0.00390997	0.00308788	0.00329151	0.00359126	0.00404385	0.00306048	0.0034948	0.00412708	0.00509747	0.00669608	0.00952196	0.00590531	0.00591808	0.00483485	0.00176026	0.00054813	4.80855e-05	8.44405e-06	
4.1	0.0214733	0.0038104	0.00300991	0.00320908	0.00350212	0.00394437	0.00298566	0.00340974	0.0040269	0.00497377	0.00653299	0.00928833	0.00576623	0.00577892	0.00472105	0.00171909	0.000535301	4.6961e-05	8.24654e-06	
4.15	0.0208218	0.00371333	0.00293385	0.00312864	0.00341509	0.0038472	0.00291256	0.00332661	0.00392899	0.00485285	0.00637357	0.00906001	0.00563003	0.00564262	0.0046096	0.00167875	0.000522731	4.58592e-05	8.05302e-06	
4.2	0.0201913	0.00361868	0.00285967	0.00305016	0.00333014	0.00375231	0.00284115	0.00324538	0.00383329	0.00473465	0.00621775	0.00883689	0.00549668	0.00550915	0.00450045	0.00163923	0.000510418	4.47798e-05	7.86345e-06	
4.25	0.0195809	0.0035264	0.00278732	0.00297358	0.00324722	0.00365965	0.00277139	0.00316601	0.00373977	0.00461913	0.00606547	0.00861889	0.00536613	0.00537846	0.00439358	0.00160053	0.000498358	4.37226e-05	7.67777e-06	
4.3	0.01899	0.00343644	0.00271675	0.00289886	0.00316628	0.00356917	0.00270326	0.00308847	0.00364838	0.00450623	0.00591666	0.0084059	0.00523834	0.00525052	0.00428896	0.00156263	0.000486548	4.26873e-05	7.49594e-06	
4.35	0.018418	0.00334873	0.00264793	0.00282597	0.00308729	0.00348082	0.0026367	0.00301272	0.00355909	0.00439591	0.00577125	0.00819784	0.00511328	0.00512529	0.00418656	0.00152552	0.000474986	4.16737e-05	7.3179e-06	
4.4	0.0178641	0.00326323	0.00258082	0.00275486	0.00301019	0.00339456	0.00257171	0.00293872	0.00347185	0.00428812	0.00562919	0.0079946	0.0049909	0.00500273	0.00408634	0.00148919	0.000463668	4.06813e-05	7.14362e-06	
4.45	0.0173279	0.00317989	0.00251537	0.00268548	0.00293495	0.00331035	0.00250823	0.00286643	0.00338661	0.00418281	0.0054904	0.00779609	0.00487117	0.0048828	0.00398827	0.00145364	0.00045259	3.971e-05	6.97303e-06	
4.5	0.0168085	0.00309864	0.00245154	0.00261781	0.00286153	0.00322813	0.00244625	0.00279583	0.00330336	0.00407993	0.00535483	0.00760222	0.00475403	0.00476547	0.00389233	0.00141884	0.000441749	3.87595e-05	6.80609e-06	
4.55	0.0163056	0.00301945	0.00238931	0.0025518	0.00278989	0.00314788	0.00238573	0.00272688	0.00322203	0.00397943	0.00522241	0.0074129	0.00463946	0.00465069	0.00379847	0.00138479	0.000431141	3.78293e-05	6.64274e-06	
4.6	0.0158185	0.00294225	0.00232862	0.00248741	0.00271998	0.00306954	0.00232664	0.00265955	0.0031426	0.00388126	0.00509307	0.00722803	0.0045274	0.00453841	0.00370667	0.00135148	0.000420763	3.69193e-05	6.48292e-06	
4.65	0.0153467	0.002867	0.00226945	0.0024246	0.00265176	0.00299308	0.00226894	0.00259379	0.00306502	0.00378538	0.00496675	0.00704753	0.00441782	0.00442861	0.00361689	0.00131889	0.000410611	3.60291e-05	6.32658e-06	
4.7	0.0148897	0.00279366	0.00221176	0.00236335	0.00258521	0.00291845	0.00221261	0.00252958	0.00298925	0.00369174	0.0048434	0.0068713	0.00431067	0.00432124	0.00352909	0.00128702	0.000400682	3.51584e-05	6.17366e-06	
4.75	0.014447	0.00272217	0.0021555	0.0023036	0.00252028	0.00284561	0.00215763	0.00246689	0.00291527	0.00360029	0.00472295	0.00669925	0.00420591	0.00421625	0.00344325	0.00125585	0.000390972	3.43068e-05	6.02411e-06	
4.8	0.0140181	0.00265249	0.00210066	0.00224533	0.00245693	0.00277453	0.00210395	0.00240569	0.00284303	0.003511	0.00460534	0.0065313	0.0041035	0.00411361	0.00335933	0.00122537	0.000381476	3.34741e-05	5.87787e-06	
4.85	0.0136026	0.00258458	0.00204719	0.00218851	0.00239513	0.00270516	0.00205156	0.00234593	0.00277249	0.00342381	0.00449052	0.00636736	0.00400339	0.00401326	0.00327729	0.00119556	0.000372193	3.26599e-05	5.73488e-06	
4.9	0.0131999	0.00251839	0.00199505	0.00213309	0.00233484	0.00263746	0.00200042	0.00228759	0.00270362	0.00333867	0.00437841	0.00620734	0.00390554	0.00391519	0.0031971	0.00116643	0.000363117	3.18639e-05	5.59509e-06	
4.95	0.0128098	0.00245388	0.00194423	0.00207904	0.00227602	0.00257141	0.0019505	0.00223065	0.00263639	0.00325556	0.00426897	0.00605116	0.00380992	0.00381933	0.00311873	0.00113794	0.000354245	3.10858e-05	5.45844e-06	
5	0.0124317	0.00239101	0.00189468	0.00202634	0.00221866	0.00250695	0.00190179	0.00217506	0.00257075	0.00317442	0.00416215	0.00589874	0.00371647	0.00372565	0.00304215	0.0011101	0.000345574	3.03253e-05	5.32488e-06	
5.05	0.0120653	0.00232973	0.00184638	0.00197495	0.0021627	0.00244406	0.00185425	0.00212081	0.00250668	0.00309521	0.00405787	0.00575	0.00362517	0.0036341	0.00296731	0.0010829	0.000337099	2.95819e-05	5.19434e-06	
5.1	0.0117102	0.00227001	0.00179929	0.00192484	0.00210811	0.0023827	0.00180785	0.00206785	0.00244414	0.00301789	0.00395609	0.00560485	0.00353596	0.00354466	0.00289419	0.00105631	0.000328817	2.88555e-05	5.06677e-06	
5.15	0.011366	0.00221182	0.00175338	0.00187597	0.00205487	0.00232283	0.00176257	0.00201617	0.00238309	0.00294241	0.00385676	0.00546322	0.0034488	0.00345727	0.00282275	0.00103032	0.000320725	2.81457e-05	4.94212e-06	
5.2	0.0110324	0.0021551	0.00170864	0.00182832	0.00200295	0.00226443	0.00171839	0.00196573	0.00232351	0.00286875	0.00375981	0.00532502	0.00336366	0.0033719	0.00275297	0.00100494	0.000312818	2.74521e-05	4.82032e-06	
5.25	0.0107091	0.00209983	0.00166502	0.00178187	0.0019523	0.00220745	0.00167529	0.0019165	0.00226535	0.00279685	0.0036652	0.00519019	0.0032805	0.00328851	0.0026848	0.000980136	0.000305094	2.67746e-05	4.70133e-06	
5.3	0.0103956	0.00204596	0.00162249	0.00173657	0.00190291	0.00215186	0.00163322	0.00186846	0.0022086	0.00272669	0.00357288	0.00505864	0.00319927	0.00320705	0.00261822	0.000955907	0.000297548	2.61126e-05	4.58509e-06	
5.35	0.0100916	0.00199347	0.00158105	0.0016924	0.00185474	0.00209763	0.00159218	0.00182159	0.00215321	0.00265821	0.00348279	0.0049303	0.00311993	0.00312749	0.00255319	0.00093224	0.000290177	2.5466e-05	4.47155e-06	
5.4	0.00979699	0.00194231	0.00154065	0.00164934	0.00180776	0.00204474	0.00155214	0.00177585	0.00209917	0.00259139	0.00339489	0.0048051	0.00304246	0.00304979	0.00248969	0.000909123	0.000282978	2.48345e-05	4.36064e-06	
5.45	0.0095113	0.00189246	0.00150126	0.00160735	0.00176195	0.00199314	0.00151307	0.00173122	0.00204642	0.00252618	0.00330912	0.00468297	0.0029668	0.00297391	0.00242767	0.000886545	0.000275947	2.42176e-05	4.25232e-06	
5.5	0.00923428	0.00184388	0.00146288	0.00156642	0.00171727	0.00194281	0.00147496	0.00168767	0.00199496	0.00246255	0.00322543	0.00456383	0.00289292	0.00289982	0.00236712	0.000864495	0.00026908	2.36152e-05	4.14654e-06	
5.55	0.00896567	0.00179654	0.00142546	0.00152652	0.0016737	0.00189371	0.00143778	0.00164519	0.00194475	0.00240047	0.00314379	0.00444762	0.00282079	0.00282747	0.00230799	0.000842963	0.000262375	2.3027e-05	4.04323e-06	
5.6	0.00870518	0.00175041	0.00138899	0.00148761	0.00163122	0.00184583	0.00140151	0.00160373	0.00189575	0.0023399	0.00306414	0.00433428	0.00275036	0.00275683	0.00225026	0.000821937	0.000255827	2.24525e-05	3.94236e-06	
5.65	0.00845257	0.00170545	0.00135345	0.00144968	0.00158979	0.00179913	0.00136613	0.00156329	0.00184795	0.00228079	0.00298644	0.00422373	0.0026816	0.00268787	0.00219391	0.000801407	0.000249434	2.18917e-05	3.84387e-06	
5.7	0.00820757	0.00166165	0.0013188	0.0014127	0.00154939	0.00175358	0.00133161	0.00152384	0.00180131	0.00222313	0.00291063	0.0041159	0.00261447	0.00262054	0.00213889	0.000781362	0.000243193	2.1344e-05	3.7477e-06	
5.75	0.00796996	0.00161896	0.00128504	0.00137666	0.00151	0.00170915	0.00129794	0.00148535	0.00175581	0.00216688	0.00283669	0.00401074	0.00254895	0.00255482	0.00208518	0.000761793	0.000237099	2.08094e-05	3.65382e-06	
5.8	0.00773949	0.00157736	0.00125212	0.00134151	0.00147159	0.00166582	0.0012651	0.00144781	0.00171142	0.002112	0.00276456	0.00390818	0.00248498	0.00249066	0.00203276	0.000742688	0.00023115	2.02874e-05	3.56217e-06	
5.85	0.00751594	0.00153683	0.00122004	0.00130726	0.00143414	0.00162356	0.00123307	0.00141118	0.00166812	0.00205847	0.00269421	0.00380817	0.00242255	0.00242803	0.00198159	0.000724038	0.000225343	1.97779e-05	3.4727e-06	
5.9	0.00729909	0.00149733	0.00118878	0.00127386	0.00139762	0.00158235	0.00120183	0.00137545	0.00162587	0.00200624	0.00262558	0.00371063	0.00236161	0.00236691	0.00193165	0.000705833	0.000219675	1.92806e-05	3.38536e-06	
5.95	0.00708872	0.00145884	0.00115831	0.0012413	0.00136202	0.00154216	0.00117135	0.0013406	0.00158466	0.0019553	0.00255865	0.00361552	0.00230214	0.00230725	0.00188291	0.000688063	0.000214142	1.87951e-05	3.30011e-06	
6	0.00688465	0.00142134	0.00112861	0.00120957	0.0013273	0.00150297	0.00114163	0.00130661	0.00154447	0.00190561	0.00249336	0.00352277	0.00224409	0.00224902	0.00183534	0.000670719	0.000208741	1.83213e-05	3.21691e-06	
6.05	0.00668666	0.00138479	0.00109966	0.00117863	0.00129346	0.00146475	0.00111264	0.00127345	0.00150526	0.00185714	0.00242969	0.00343233	0.00218744	0.0021922	0.00178891	0.000653791	0.000203471	1.78588e-05	3.1357e-06	
6.1	0.00649458	0.00134918	0.00107145	0.00114848	0.00126046	0.00142748	0.00108437	0.00124111	0.00146701	0.00180986	0.00236759	0.00334414	0.00213216	0.00213675	0.00174361	0.000637269	0.000198327	1.74074e-05	3.05644e-06	
6.15	0.0063082	0.00131448	0.00104396	0.00111908	0.00122828	0.00139113	0.00105679	0.00120956	0.00142971	0.00176374	0.00230703	0.00325815	0.00207821	0.00208263	0.0016994	0.000621146	0.000193307	1.69669e-05	2.97909e-06	
6.2	0.00612736	0.00128066	0.00101716	0.00109042	0.00119691	0.00135569	0.0010299	0.0011788	0.00139332	0.00171876	0.00224797	0.0031743	0.00202557	0.00202982	0.00165627	0.00060541	0.000188408	1.6537e-05	2.9036e-06	
6.25	0.00595189	0.00124771	0.000991046	0.00106249	0.00116633	0.00132113	0.00100368	0.00114879	0.00135783	0.00167489	0.00219037	0.00309254	0.0019742	0.00197829	0.00161418	0.000590055	0.000183627	1.61175e-05	2.82994e-06	
6.3	0.00578162	0.0012156	0.000965593	0.00103526	0.00113651	0.00128743	0.000978099	0.00111953	0.00132321	0.00163211	0.00213419	0.00301283	0.00192408	0.00192801	0.00157311	0.00057507	0.000178962	1.57081e-05	2.75806e-06	
6.35	0.00561638	0.00118432	0.000940786	0.00100872	0.00110744	0.00125457	0.000953156	0.00109098	0.00128945	0.00159038	0.00207941	0.0029351	0.00187517	0.00187895	0.00153303	0.000560448	0.00017441	1.53087e-05	2.68791e-06	
6.4	0.00545602	0.00115383	0.00091661	0.000982853	0.0010791	0.00122252	0.000928832	0.00106315	0.00125653	0.00154968	0.00202599	0.00285932	0.00182745	0.00183108	0.00149394	0.00054618	0.000169968	1.49189e-05	2.61947e-06	
6.45	0.00530039	0.00112412	0.000893048	0.000957635	0.00105147	0.00119128	0.000905111	0.001036	0.00122441	0.00150999	0.0019739	0.00278544	0.00178089	0.00178438	0.00145579	0.000532258	0.000165634	1.45385e-05	2.55268e-06	
6.5	0.00514935	0.00109518	0.000870084	0.000933053	0.00102453	0.00116081	0.000881978	0.00100952	0.00119309	0.00147128	0.0019231	0.0027134	0.00173546	0.00173881	0.00141857	0.000518674	0.000161405	1.41674e-05	2.48752e-06	
6.55	0.00500275	0.00106697	0.000847703	0.000909092	0.000998265	0.0011311	0.000859419	0.000983697	0.00116254	0.00143352	0.00187356	0.00264317	0.00169114	0.00169435	0.00138226	0.000505419	0.000157279	1.38053e-05	2.42394e-06	
6.6	0.00486046	0.00103948	0.00082589	0.000885736	0.000972661	0.00110213	0.00083742	0.000958514	0.00113275	0.00139671	0.00182525	0.00257469	0.0016479	0.00165097	0.00134684	0.000492487	0.000153253	1.3452e-05	2.3619e-06	
6.65	0.00472234	0.00101269	0.000804632	0.000862969	0.000947699	0.00107389	0.000815968	0.000933955	0.0011037	0.0013608	0.00177815	0.00250793	0.00160571	0.00160865	0.00131227	0.000479868	0.000149325	1.31073e-05	2.30137e-06	
6.7	0.00458827	0.000986594	0.000783913	0.000840777	0.000923363	0.00104635	0.000795048	0.000910005	0.00107536	0.00132578	0.00173221	0.00244283	0.00156455	0.00156736	0.00127856	0.000467557	0.000145492	1.27709e-05	2.24231e-06	
6.75	0.00445813	0.000961159	0.00076372	0.000819145	0.000899638	0.00101949	0.000774647	0.000886647	0.00104773	0.00129163	0.00168742	0.00237937	0.0015244	0.00152708	0.00124566	0.000455544	0.000141753	1.24428e-05	2.18468e-06	
6.8	0.00433178	0.000936374	0.00074404	0.000798058	0.000876507	0.000993305	0.000754753	0.000863868	0.00102078	0.00125833	0.00164374	0.0023175	0.00148522	0.00148778	0.00121357	0.000443824	0.000138105	1.21226e-05	2.12846e-06	
6.85	0.00420913	0.000912221	0.000724859	0.000777504	0.000853956	0.000967772	0.000735353	0.000841653	0.000994496	0.00122585	0.00160115	0.00225717	0.001447	0.00144943	0.00118226	0.000432389	0.000134545	1.18102e-05	2.07361e-06	
6.9	0.00409005	0.000888685	0.000706164	0.000757468	0.000831971	0.000942876	0.000716435	0.000819989	0.000968863	0.00119417	0.00155961	0.00219835	0.00140971	0.00141203	0.00115172	0.000421231	0.000131072	1.15054e-05	2.02009e-06	
6.95	0.00397444	0.000865748	0.000687943	0.000737937	0.000810537	0.000918599	0.000697986	0.000798861	0.000943863	0.00116328	0.00151911	0.002141	0.00137333	0.00137553	0.00112192	0.000410345	0.000127684	1.1208e-05	1.96787e-06	
7	0.0038622	0.000843397	0.000670184	0.000718898	0.000789639	0.000894928	0.000679996	0.000778256	0.000919482	0.00113316	0.00147962	0.00208509	0.00133784	0.00133992	0.00109284	0.000399724	0.000124378	1.09178e-05	1.91692e-06	
7.05	0.00375321	0.000821614	0.000652875	0.000700339	0.000769265	0.000871846	0.000662451	0.00075816	0.000895703	0.00110377	0.0014411	0.00203057	0.00130321	0.00130518	0.00106448	0.00038936	0.000121152	1.06346e-05	1.8672e-06	
7.1	0.00364739	0.000800387	0.000636005	0.000682247	0.000749401	0.000849338	0.000645341	0.000738562	0.000872512	0.00107512	0.00140354	0.00197741	0.00126942	0.00127129	0.0010368	0.000379247	0.000118004	1.03584e-05	1.81869e-06	
7.15	0.00354463	0.000779699	0.000619561	0.000664611	0.000730034	0.00082739	0.000628655	0.000719448	0.000849893	0.00104717	0.00136691	0.00192557	0.00123646	0.00123821	0.0010098	0.000369379	0.000114933	1.00888e-05	1.77136e-06	
7.2	0.00344485	0.000759538	0.000603533	0.000647418	0.000711152	0.000805988	0.000612383	0.000700806	0.000827832	0.00101991	0.00133119	0.00187503	0.0012043	0.00120594	0.000983451	0.00035975	0.000111936	9.82573e-06	1.72517e-06	
7.25	0.00334795	0.000739889	0.00058791	0.000630657	0.00069274	0.000785117	0.000596513	0.000682625	0.000806315	0.000993328	0.00129635	0.00182574	0.00117291	0.00117446	0.000957743	0.000350354	0.000109011	9.56903e-06	1.6801e-06	
7.3	0.00325385	0.000720739	0.000572682	0.000614317	0.000674789	0.000764764	0.000581035	0.000664892	0.000785328	0.000967398	0.00126237	0.00177767	0.00114229	0.00114373	0.000932658	0.000341184	0.000106157	9.31852e-06	1.63611e-06	
7.35	0.00316246	0.000702076	0.000557838	0.000598387	0.000657285	0.000744916	0.00056594	0.000647595	0.000764857	0.000942105	0.00122923	0.0017308	0.00111241	0.00111375	0.000908178	0.000332235	0.000103372	9.07403e-06	1.59319e-06	
7.4	0.00307371	0.000683885	0.000543368	0.000582856	0.000640218	0.00072556	0.000551217	0.000630724	0.000744888	0.000917434	0.00119691	0.00168509	0.00108325	0.00108449	0.000884288	0.000323501	0.000100653	8.83542e-06	1.55129e-06	
7.45	0.00298751	0.000666155	0.000529263	0.000567715	0.000623575	0.000706682	0.000536857	0.000614268	0.00072541	0.000893368	0.00116538	0.0016405	0.00105479	0.00105593	0.000860973	0.000314976	9.8e-05	8.60251e-06	1.5104e-06	
7.5	0.0029038	0.000648874	0.000515512	0.000552952	0.000607346	0.000688271	0.00052285	0.000598215	0.000706409	0.000869892	0.00113462	0.00159702	0.00102702	0.00102806	0.000838217	0.000306655	9.541e-05	8.37517e-06	1.47048e-06	
7.55	0.00282248	0.00063203	0.000502107	0.000538557	0.00059152	0.000670314	0.000509187	0.000582556	0.000687872	0.000846989	0.00110462	0.0015546	0.00099991	0.00100086	0.000816004	0.000298531	9.28817e-05	8.15324e-06	1.43151e-06	
7.6	0.0027435	0.000615611	0.000489039	0.000524522	0.000576086	0.0006528	0.00049586	0.000567279	0.000669788	0.000824645	0.00107535	0.00151323	0.000973451	0.000974299	0.000794321	0.000290601	9.04134e-05	7.93656e-06	1.39347e-06	
7.65	0.00266677	0.000599606	0.000476298	0.000510837	0.000561034	0.000635716	0.000482858	0.000552375	0.000652144	0.000802845	0.0010468	0.00147286	0.000947622	0.000948374	0.000773152	0.000282857	8.80035e-05	7.72501e-06	1.35632e-06	
7.7	0.00259225	0.000584004	0.000463875	0.000497492	0.000546354	0.000619051	0.000470174	0.000537834	0.000634928	0.000781574	0.00101894	0.00143348	0.000922407	0.000923062	0.000752484	0.000275296	8.56502e-05	7.51842e-06	1.32005e-06	
7.75	0.00251985	0.000568794	0.000451763	0.000484478	0.000532036	0.000602794	0.000457799	0.000523646	0.000618129	0.000760817	0.00099175	0.00139505	0.000897788	0.000898346	0.000732301	0.000267912	8.33519e-05	7.31667e-06	1.28463e-06	
7.8	0.00244953	0.000553966	0.000439954	0.000471786	0.00051807	0.000586935	0.000445725	0.000509802	0.000601737	0.000740561	0.00096522	0.00135756	0.000873749	0.00087421	0.000712591	0.000260699	8.11072e-05	7.11961e-06	1.25003e-06	
7.85	0.0023812	0.00053951	0.000428438	0.000459408	0.000504447	0.000571462	0.000433944	0.000496292	0.000585738	0.000720792	0.000939328	0.00132097	0.000850273	0.000850637	0.000693338	0.000253654	7.89144e-05	6.9271e-06	1.21623e-06	
7.9	0.00231483	0.000525415	0.000417207	0.000447336	0.000491158	0.000556365	0.000422447	0.000483107	0.000570124	0.000701497	0.000914056	0.00128525	0.000827344	0.00082761	0.000674531	0.00024677	7.67719e-05	6.73901e-06	1.1832e-06	
7.95	0.00225034	0.000511672	0.000406256	0.00043556	0.000478192	0.000541634	0.000411228	0.000470238	0.000554883	0.000682661	0.000889387	0.00125039	0.000804947	0.000805114	0.000656155	0.000240043	7.46783e-05	6.55521e-06	1.15093e-06	
8	0.00218769	0.000498271	0.000395574	0.000424073	0.000465543	0.000527258	0.000400277	0.000457677	0.000540004	0.000664273	0.000865303	0.00121635	0.000783066	0.000783133	0.000638198	0.000233469	7.26321e-05	6.37555e-06	1.11939e-06	
8.05	0.00212681	0.000485203	0.000385157	0.000412868	0.0004532	0.000513228	0.000389588	0.000445414	0.000525478	0.000646319	0.000841787	0.00118312	0.000761685	0.000761651	0.000620647	0.000227042	7.06317e-05	6.19992e-06	1.08855e-06	
8.1	0.00206766	0.000472459	0.000374995	0.000401935	0.000441156	0.000499534	0.000379154	0.000433442	0.000511294	0.000628787	0.000818822	0.00115066	0.00074079	0.000740652	0.000603487	0.000220757	6.86757e-05	6.02819e-06	1.0584e-06	
8.15	0.00201019	0.000460029	0.000365081	0.000391268	0.000429401	0.000486167	0.000368967	0.000421751	0.000497443	0.000611664	0.000796393	0.00111896	0.000720364	0.000720121	0.000586708	0.000214611	6.67626e-05	5.86021e-06	1.02891e-06	
8.2	0.00195434	0.000447906	0.00035541	0.000380859	0.000417928	0.000473117	0.000359019	0.000410335	0.000483914	0.000594939	0.000774482	0.001088	0.000700395	0.000700043	0.000570296	0.000208598	6.4891e-05	5.69587e-06	1.00005e-06	
8.25	0.00190007	0.00043608	0.000345974	0.0003707	0.000406729	0.000460375	0.000349305	0.000399184	0.000470699	0.000578598	0.000753074	0.00105774	0.000680866	0.000680403	0.000554239	0.000202713	6.30593e-05	5.53503e-06	9.71816e-07	
8.3	0.00184733	0.000424543	0.000336766	0.000360785	0.000395795	0.000447932	0.000339817	0.000388291	0.000457787	0.000562631	0.000732153	0.00102816	0.000661763	0.000661187	0.000538524	0.000196953	6.12663e-05	5.37758e-06	9.44171e-07	
8.35	0.00179608	0.000413286	0.00032778	0.000351107	0.00038512	0.000435779	0.000330548	0.000377648	0.000445169	0.000547026	0.000711704	0.000999248	0.000643073	0.000642379	0.000523138	0.000191312	5.95103e-05	5.22337e-06	9.17098e-07	
8.4	0.00174627	0.000402303	0.000319009	0.000341658	0.000374694	0.000423908	0.000321491	0.000367247	0.000432836	0.000531771	0.000691711	0.000970977	0.00062478	0.000623965	0.000508071	0.000185786	5.779e-05	5.0723e-06	8.90573e-07	
8.45	0.00169787	0.000391584	0.000310448	0.000332431	0.000364511	0.00041231	0.000312641	0.000357081	0.00042078	0.000516855	0.000672159	0.000943324	0.00060687	0.00060593	0.000493308	0.00018037	5.6104e-05	4.92422e-06	8.64575e-07	
8.5	0.00165082	0.000381123	0.000302089	0.000323421	0.000354564	0.000400976	0.00030399	0.000347141	0.00040899	0.000502266	0.000653033	0.000916267	0.00058933	0.00058826	0.000478839	0.000175059	5.44507e-05	4.77901e-06	8.3908e-07	
8.55	0.00160509	0.00037091	0.000293926	0.000314619	0.000344844	0.000389897	0.000295532	0.000337422	0.000397458	0.000487994	0.000634318	0.000889786	0.000572145	0.00057094	0.00046465	0.00016985	5.28287e-05	4.63653e-06	8.14067e-07	
8.6	0.00156064	0.00036094	0.000285955	0.000306021	0.000335345	0.000379067	0.000287261	0.000327914	0.000386176	0.000474026	0.000615998	0.000863857	0.000555301	0.000553955	0.000450729	0.000164736	5.12365e-05	4.49667e-06	7.89511e-07	
8.65	0.00151743	0.000351203	0.000278167	0.000297618	0.000326059	0.000368475	0.00027917	0.000318612	0.000375133	0.000460353	0.00059806	0.000838459	0.000538785	0.000537291	0.000437063	0.000159715	4.96726e-05	4.35927e-06	7.6539e-07	
8.7	0.00147543	0.000341694	0.000270559	0.000289406	0.00031698	0.000358115	0.000271253	0.000309506	0.000364322	0.000446962	0.000580488	0.000813572	0.000522581	0.000520933	0.00042364	0.000154779	4.81355e-05	4.22422e-06	7.41679e-07	
8.75	0.0014346	0.000332405	0.000263123	0.000281376	0.000308099	0.000347977	0.000263503	0.000300591	0.000353734	0.000433844	0.000563267	0.000789171	0.000506676	0.000504866	0.000410446	0.000149925	4.66235e-05	4.09135e-06	7.18353e-07	
8.8	0.0013949	0.000323328	0.000255854	0.000273524	0.000299411	0.000338055	0.000255915	0.000291859	0.000343359	0.000420986	0.000546382	0.000765237	0.000491055	0.000489075	0.000397469	0.000145148	4.5135e-05	3.96054e-06	6.95388e-07	
8.85	0.00135631	0.000314456	0.000248746	0.000265842	0.000290907	0.000328338	0.000248481	0.000283302	0.00033319	0.000408378	0.000529819	0.000741746	0.000475704	0.000473545	0.000384696	0.000140442	4.36685e-05	3.83164e-06	6.72758e-07	
8.9	0.00131879	0.000305782	0.000241793	0.000258325	0.000282581	0.00031882	0.000241196	0.000274913	0.000323216	0.000396008	0.000513562	0.000718675	0.000460607	0.000458259	0.000372112	0.000135802	4.2222e-05	3.70447e-06	6.50434e-07	
8.95	0.0012823	0.0002973	0.00023499	0.000250965	0.000274426	0.000309492	0.000234054	0.000266685	0.00031343	0.000383864	0.000497595	0.000696003	0.00044575	0.000443203	0.000359703	0.000131222	4.07939e-05	3.57889e-06	6.28387e-07	
9	0.00124682	0.000289001	0.00022833	0.000243757	0.000266434	0.000300345	0.000227046	0.000258609	0.000303821	0.000371936	0.000481903	0.000673706	0.000431117	0.000428359	0.000347454	0.000126696	3.93821e-05	3.45472e-06	6.06589e-07	
9.05	0.00121232	0.000280878	0.000221807	0.000236694	0.000258598	0.000291371	0.000220168	0.000250679	0.00029438	0.000360211	0.000466469	0.000651758	0.000416691	0.00041371	0.00033535	0.000122218	3.79846e-05	3.33177e-06	5.85005e-07	
9.1	0.00117877	0.000272925	0.000215417	0.000229769	0.00025091	0.000282562	0.000213412	0.000242885	0.000285098	0.000348676	0.000451276	0.000630136	0.000402457	0.000399239	0.000323376	0.000117782	3.65993e-05	3.20985e-06	5.63603e-07	
9.15	0.00114613	0.000265133	0.000209151	0.000222975	0.000243363	0.000273907	0.00020677	0.00023522	0.000275964	0.000337319	0.000436308	0.000608812	0.000388396	0.000384927	0.000311514	0.000113381	3.52238e-05	3.08873e-06	5.42342e-07	
9.2	0.00111439	0.000257495	0.000203005	0.000216306	0.000235949	0.000265398	0.000200237	0.000227676	0.000266968	0.000326126	0.000421545	0.000587761	0.000374491	0.000370754	0.000299745	0.000109007	3.38555e-05	2.96819e-06	5.21184e-07	
9.25	0.00108351	0.000250004	0.000196971	0.000209753	0.000228659	0.000257025	0.000193803	0.000220242	0.000258098	0.000315084	0.000406968	0.000566951	0.000360721	0.0003567	0.000288052	0.000104651	3.24916e-05	2.84797e-06	5.0008e-07	
9.3	0.00105347	0.00024265	0.000191043	0.00020331	0.000221484	0.000248777	0.00018746	0.000212909	0.000249344	0.000304177	0.000392558	0.000546353	0.000347066	0.000342741	0.000276412	0.000100306	3.11291e-05	2.72776e-06	4.78981e-07	
9.35	0.00102423	0.000235424	0.000185212	0.000196968	0.000214416	0.000240644	0.000181201	0.000205667	0.000240692	0.000293389	0.00037829	0.000525932	0.000333503	0.000328854	0.000264804	9.5962e-05	2.97644e-05	2.60723e-06	4.57827e-07	
9.4	0.000995785	0.000228319	0.000179472	0.000190717	0.000207443	0.000232612	0.000175014	0.000198505	0.000232128	0.000282702	0.000364142	0.000505652	0.000320008	0.000315012	0.000253202	9.16071e-05	2.83934e-05	2.486e-06	4.36551e-07	
9.45	0.000968095	0.000221322	0.000173813	0.00018455	0.000200555	0.000224669	0.00016889	0.000191409	0.000223638	0.000272096	0.000350085	0.00048547	0.000306552	0.000301184	0.000241577	8.72293e-05	2.70117e-05	2.36361e-06	4.15072e-07	
9.5	0.000941139	0.000214424	0.000168226	0.000178453	0.000193738	0.0002168	0.000162817	0.000184367	0.000215203	0.000261549	0.000336089	0.00046534	0.000293104	0.000287337	0.000229898	8.28147e-05	2.56139e-05	2.23953e-06	3.93294e-07	
9.55	0.000914891	0.000207611	0.000162701	0.000172416	0.000186979	0.000208987	0.000156781	0.000177361	0.000206804	0.000251036	0.000322119	0.000445207	0.000279628	0.000273432	0.000218127	7.83465e-05	2.41934e-05	2.11308e-06	3.71099e-07	
9.6	0.000889325	0.000200869	0.000157224	0.000166424	0.000180262	0.000201211	0.000150766	0.000170373	0.000198418	0.000240525	0.000308131	0.000425008	0.000266081	0.000259421	0.000206221	7.38051e-05	2.27425e-05	1.98346e-06	3.48338e-07	
9.65	0.000864416	0.000194181	0.000151782	0.00016046	0.000173565	0.000193447	0.000144753	0.00016338	0.000190015	0.00022998	0.000294076	0.000404662	0.00025241	0.00024525	0.000194124	6.91661e-05	2.12514e-05	1.84959e-06	3.24816e-07	
9.7	0.000840135	0.000187527	0.000146355	0.000154503	0.000166865	0.000185667	0.000138718	0.000156352	0.00018156	0.000219356	0.000279888	0.00038407	0.00023855	0.000230845	0.00018177	6.4399e-05	1.97075e-05	1.71012e-06	3.00269e-07	
9.75	0.000816453	0.000180878	0.000140921	0.000148526	0.00016013	0.00017783	0.00013263	0.000149253	0.000173008	0.00020859	0.000265483	0.000363102	0.000224412	0.000216114	0.000169067	5.94632e-05	1.8094e-05	1.56314e-06	2.74328e-07	
9.8	0.000793336	0.000174197	0.000135446	0.000142492	0.000153316	0.000169885	0.000126446	0.000142032	0.000164295	0.000197602	0.000250744	0.000341575	0.000209876	0.000200923	0.00015589	5.43021e-05	1.63872e-05	1.40596e-06	2.4644e-07	
9.85	0.000770738	0.00016742	0.000129877	0.00013634	0.000146352	0.000161748	0.000120101	0.000134611	0.000155324	0.000186266	0.000235499	0.000319217	0.000194759	0.000185073	0.000142047	4.88295e-05	1.4551e-05	1.23447e-06	2.1572e-07	
9.9	0.000748587	0.000160427	0.00012411	0.000129951	0.000139103	0.000153257	0.000113467	0.000126841	0.000145916	0.000174355	0.000219437	0.000295561	0.000178751	0.000168224	0.000127205	4.28963e-05	1.25234e-05	1.0416e-06	1.8059e-07	
9.95	0.00072675	0.000152949	0.000117909	0.000123051	0.000131242	0.000144018	0.00010623	0.000118348	0.000135615	0.000161286	0.000201771	0.000269445	0.00016112	0.000149618	0.000110655	3.6179e-05	1.01693e-05	8.12377e-07	1.37595e-07	
10	0.000704926	0.000144316	0.000110658	0.000114897	0.000121856	0.000132869	9.74152e-05	0.000107923	0.000122862	0.000144949	0.000179417	0.000235853	0.000138368	0.000125326	8.8562e-05	2.69563e-05	6.77639e-06	4.69383e-07	6.88504e-08	
