Numero de iteracoes: 24
Erro: 9.44724e-07
Tempo de Resolucao do Problema: 608.373 segundos
/////////////////////////////////////////////
Posicao	Fluxo Escalar
	Grupo de Energia 1	Grupo de Energia 2	Grupo de Energia 3	Grupo de Energia 4	Grupo de Energia 5	Grupo de Energia 6	Grupo de Energia 7	Grupo de Energia 8	Grupo de Energia 9	Grupo de Energia 10	Grupo de Energia 11	Grupo de Energia 12	Grupo de Energia 13	Grupo de Energia 14	Grupo de Energia 15	Grupo de Energia 16	Grupo de Energia 17	Grupo de Energia 18	Grupo de Energia 19
0	0.507947	0.0159391	0.0118752	0.011953	0.0122378	0.0128606	0.00918487	0.00999963	0.0112803	0.013364	0.0169441	0.0231866	0.00916991	0.00818977	0.00575832	0.00163793	0.000414465	2.83954e-05	4.17812e-06	
0.0285714	0.481211	0.0171064	0.0127707	0.0128793	0.0132153	0.013924	0.00997016	0.010882	0.0123141	0.0146485	0.018679	0.0257862	0.0102497	0.00929065	0.00672419	0.00200651	0.000550712	4.20232e-05	6.95617e-06	
0.0571429	0.45805	0.0179932	0.0134517	0.0135847	0.0139608	0.014736	0.0105701	0.0115557	0.0131018	0.0156227	0.0199836	0.0277152	0.0111241	0.0101672	0.00746818	0.00228026	0.000646662	5.13647e-05	8.76413e-06	
0.0857143	0.437717	0.0186672	0.0139711	0.0141249	0.0145343	0.0153638	0.0110356	0.0120799	0.0137157	0.016382	0.0209984	0.029211	0.0118646	0.0109094	0.00809815	0.00251443	0.000728336	5.92321e-05	1.02458e-05	
0.114286	0.41964	0.0191781	0.0143677	0.0145402	0.0149789	0.0158546	0.0114022	0.0124949	0.0142041	0.0169884	0.0218111	0.0304139	0.0125112	0.011562	0.00865652	0.00272438	0.000800873	6.61429e-05	1.15238e-05	
0.142857	0.403381	0.0195633	0.01467	0.0148602	0.0153253	0.0162419	0.0116944	0.0128283	0.0145994	0.0174825	0.0224773	0.0314078	0.0130871	0.0121481	0.00916206	0.002916	0.000866465	7.23375e-05	1.2654e-05	
0.171429	0.388604	0.0198503	0.0148989	0.0151062	0.015596	0.0165494	0.0119293	0.0130992	0.0149236	0.0178914	0.023033	0.0322449	0.0136063	0.012681	0.0096245	0.00309238	0.000926386	7.79554e-05	1.36688e-05	
0.2	0.375048	0.0200599	0.01507	0.015294	0.015807	0.0167941	0.0121194	0.0133211	0.0151922	0.0182334	0.0235021	0.0329585	0.0140779	0.0131685	0.0100498	0.00325553	0.000981471	8.30878e-05	1.4589e-05	
0.228571	0.362512	0.0202076	0.015195	0.0154352	0.0159702	0.0169886	0.0122734	0.0135034	0.0154157	0.0185212	0.0239006	0.0335709	0.014508	0.0136162	0.0104421	0.00340689	0.00103231	8.77995e-05	1.5429e-05	
0.257143	0.350835	0.0203054	0.0152825	0.0155387	0.0160947	0.0171419	0.0123978	0.0136531	0.0156019	0.018764	0.0242402	0.0340977	0.0149012	0.0140281	0.0108045	0.00354757	0.00107935	9.21393e-05	1.61995e-05	
0.285714	0.339896	0.0203622	0.0153394	0.0156111	0.0161869	0.0172609	0.0124973	0.0137754	0.0157565	0.0189683	0.024529	0.0345503	0.0152609	0.0144073	0.0111395	0.00367843	0.00112293	9.61453e-05	1.69085e-05	
0.314286	0.329594	0.0203852	0.0153708	0.0156574	0.0162519	0.0173508	0.0125755	0.013874	0.0158839	0.0191393	0.0247736	0.0349376	0.0155899	0.0147563	0.0114493	0.0038002	0.00116334	9.98483e-05	1.75623e-05	
0.342857	0.319851	0.0203797	0.0153805	0.0156815	0.0162938	0.0174156	0.0126354	0.0139521	0.0159874	0.0192809	0.0249789	0.0352668	0.0158906	0.0150774	0.0117356	0.00391349	0.00120082	0.000103274	1.8166e-05	
0.371429	0.310603	0.0203501	0.0153719	0.0156866	0.0163156	0.0174586	0.012679	0.0140121	0.0160696	0.0193962	0.025149	0.0355435	0.0161648	0.0153725	0.012	0.00401881	0.00123557	0.000106443	1.87237e-05	
0.4	0.301799	0.0202999	0.0153473	0.0156753	0.0163199	0.0174822	0.0127084	0.0140559	0.0161328	0.019488	0.0252874	0.0357728	0.0164145	0.0156431	0.0122439	0.00411663	0.00126776	0.000109374	1.92391e-05	
0.428571	0.293397	0.0202318	0.015309	0.0156494	0.0163086	0.0174888	0.0127249	0.0140851	0.0161789	0.0195583	0.0253969	0.0359589	0.0166413	0.0158908	0.0124684	0.00420737	0.00129756	0.000112084	1.97152e-05	
0.457143	0.285359	0.0201483	0.0152585	0.0156108	0.0162835	0.01748	0.0127299	0.0141012	0.0162094	0.0196092	0.0254801	0.0361056	0.0168464	0.016117	0.0126747	0.0042914	0.0013251	0.000114587	2.01545e-05	
0.485714	0.277657	0.0200511	0.0151974	0.0155608	0.0162462	0.0174574	0.0127245	0.0141053	0.0162258	0.0196423	0.0255392	0.0362162	0.0170313	0.0163229	0.0128637	0.00436906	0.00135051	0.000116895	2.05595e-05	
0.514286	0.270265	0.019942	0.0151267	0.0155007	0.0161977	0.0174223	0.0127095	0.0140986	0.0162292	0.0196592	0.0255763	0.0362937	0.0171971	0.0165096	0.0130364	0.00444068	0.00137391	0.00011902	2.09322e-05	
0.542857	0.26316	0.0198223	0.0150476	0.0154315	0.0161393	0.0173759	0.0126859	0.0140819	0.0162207	0.0196611	0.0255931	0.0363406	0.0173449	0.0166781	0.0131937	0.00450655	0.00139541	0.000120972	2.12745e-05	
0.571429	0.256324	0.0196933	0.014961	0.0153542	0.0160719	0.0173192	0.0126545	0.0140562	0.0162013	0.0196493	0.0255912	0.0363595	0.0174758	0.0168295	0.0133363	0.00456695	0.0014151	0.00012276	2.1588e-05	
0.6	0.24974	0.019556	0.0148677	0.0152695	0.0159963	0.0172531	0.0126158	0.0140221	0.0161719	0.0196248	0.0255722	0.0363525	0.0175907	0.0169647	0.013465	0.00462213	0.00143308	0.000124394	2.18744e-05	
0.628571	0.243392	0.0194114	0.0147684	0.0151782	0.0159133	0.0171785	0.0125706	0.0139804	0.0161334	0.0195887	0.0255372	0.0363215	0.0176904	0.0170844	0.0135804	0.00467234	0.00144944	0.000125882	2.2135e-05	
0.657143	0.237267	0.0192602	0.0146637	0.0150811	0.0158236	0.0170962	0.0125193	0.0139316	0.0160863	0.0195418	0.0254876	0.0362684	0.0177757	0.0171895	0.0136833	0.00471782	0.00146425	0.000127231	2.23712e-05	
0.685714	0.231353	0.0191032	0.0145541	0.0149785	0.0157279	0.0170067	0.0124626	0.0138764	0.0160315	0.0194851	0.0254244	0.0361949	0.0178476	0.0172807	0.0137743	0.00475879	0.00147758	0.000128449	2.25843e-05	
0.714286	0.225638	0.0189411	0.0144403	0.0148712	0.0156267	0.0169109	0.0124007	0.0138153	0.0159695	0.0194192	0.0253487	0.0361024	0.0179066	0.0173588	0.0138538	0.00479544	0.00148952	0.000129541	2.27754e-05	
0.742857	0.220114	0.0187744	0.0143226	0.0147595	0.0155205	0.0168091	0.0123343	0.0137488	0.0159009	0.0193448	0.0252615	0.0359923	0.0179535	0.0174243	0.0139226	0.00482799	0.00150014	0.000130514	2.29457e-05	
0.771429	0.214769	0.0186038	0.0142015	0.014644	0.0154098	0.016702	0.0122636	0.0136773	0.0158261	0.0192627	0.0251635	0.035866	0.0179888	0.017478	0.0139811	0.00485662	0.00150948	0.000131374	2.3096e-05	
0.8	0.209597	0.0184297	0.0140775	0.014525	0.0152951	0.01659	0.0121891	0.0136012	0.0157458	0.0191733	0.0250556	0.0357247	0.0180133	0.0175204	0.0140298	0.00488151	0.00151762	0.000132126	2.32275e-05	
0.828571	0.204588	0.0182526	0.0139507	0.0144029	0.0151767	0.0164737	0.012111	0.0135209	0.0156603	0.0190773	0.0249386	0.0355694	0.0180275	0.017552	0.0140692	0.00490284	0.00152461	0.000132776	2.33411e-05	
0.857143	0.199735	0.0180729	0.0138216	0.014278	0.015055	0.0163533	0.0120297	0.0134367	0.0155701	0.0189752	0.0248131	0.0354012	0.0180319	0.0175735	0.0140997	0.00492077	0.00153051	0.000133329	2.34375e-05	
0.885714	0.195032	0.0178909	0.0136905	0.0141507	0.0149304	0.0162293	0.0119455	0.013349	0.0154755	0.0188674	0.0246797	0.0352211	0.018027	0.0175853	0.0141219	0.00493546	0.00153538	0.000133789	2.35177e-05	
0.914286	0.190472	0.017707	0.0135576	0.0140213	0.0148031	0.016102	0.0118586	0.0132581	0.0153769	0.0187544	0.0245392	0.0350299	0.0180134	0.017588	0.014136	0.00494706	0.00153925	0.000134161	2.35824e-05	
0.942857	0.186048	0.0175215	0.0134231	0.01389	0.0146736	0.0159717	0.0117693	0.0131643	0.0152746	0.0186366	0.0243919	0.0348285	0.0179915	0.0175819	0.0141425	0.00495571	0.00154218	0.000134449	2.36324e-05	
0.971429	0.181756	0.0173348	0.0132874	0.0137571	0.014542	0.0158389	0.0116778	0.0130677	0.0151689	0.0185144	0.0242385	0.0346176	0.0179617	0.0175675	0.0141417	0.00496156	0.00154422	0.000134657	2.36683e-05	
1	0.177589	0.017147	0.0131506	0.0136227	0.0144085	0.0157036	0.0115843	0.0129688	0.0150602	0.0183881	0.0240795	0.034398	0.0179245	0.0175453	0.0141341	0.00496474	0.0015454	0.00013479	2.3691e-05	
1.02857	0.173543	0.0169584	0.013013	0.0134872	0.0142735	0.0155663	0.011489	0.0128676	0.0149486	0.0182581	0.0239152	0.0341703	0.0178803	0.0175156	0.0141199	0.00496538	0.00154577	0.00013485	2.3701e-05	
1.05714	0.169613	0.0167693	0.0128746	0.0133507	0.0141371	0.0154271	0.0113921	0.0127644	0.0148345	0.0181247	0.0237461	0.0339353	0.0178294	0.0174789	0.0140996	0.00496359	0.00154537	0.000134842	2.3699e-05	
1.08571	0.165795	0.0165799	0.0127357	0.0132133	0.0139995	0.0152862	0.0112938	0.0126594	0.0147181	0.0179882	0.0235726	0.0336934	0.0177722	0.0174355	0.0140733	0.0049595	0.00154424	0.000134768	2.36855e-05	
1.11429	0.162083	0.0163902	0.0125964	0.0130753	0.013861	0.015144	0.0111942	0.0125528	0.0145995	0.0178489	0.0233951	0.0334452	0.0177091	0.0173857	0.0140415	0.00495322	0.00154242	0.000134632	2.36612e-05	
1.14286	0.158475	0.0162006	0.0124569	0.0129368	0.0137216	0.0150004	0.0110935	0.0124447	0.014479	0.0177069	0.023214	0.0331913	0.0176403	0.0173299	0.0140043	0.00494486	0.00153993	0.000134438	2.36265e-05	
1.17143	0.154966	0.0160112	0.0123173	0.012798	0.0135815	0.0148559	0.0109918	0.0123353	0.0143568	0.0175627	0.0230294	0.0329322	0.0175663	0.0172684	0.0139622	0.00493452	0.00153681	0.000134188	2.3582e-05	
1.2	0.151553	0.0158221	0.0121777	0.0126589	0.013441	0.0147104	0.0108892	0.0122247	0.014233	0.0174163	0.0228419	0.0326682	0.0174873	0.0172016	0.0139152	0.0049223	0.0015331	0.000133884	2.35282e-05	
1.22857	0.148231	0.0156334	0.0120382	0.0125197	0.0133	0.0145642	0.0107859	0.0121132	0.0141079	0.017268	0.0226515	0.0324	0.0174036	0.0171296	0.0138638	0.0049083	0.00152883	0.000133531	2.34656e-05	
1.25714	0.144999	0.0154454	0.0118989	0.0123805	0.0131588	0.0144174	0.0106819	0.0120008	0.0139816	0.017118	0.0224587	0.0321278	0.0173154	0.0170529	0.0138081	0.0048926	0.00152402	0.000133129	2.33946e-05	
1.28571	0.141852	0.015258	0.0117599	0.0122415	0.0130174	0.0142701	0.0105775	0.0118876	0.0138542	0.0169665	0.0222637	0.031852	0.0172231	0.0169716	0.0137484	0.00487531	0.0015187	0.000132683	2.33157e-05	
1.31429	0.138788	0.0150714	0.0116214	0.0121026	0.0128761	0.0141226	0.0104726	0.0117738	0.0137258	0.0168136	0.0220667	0.0315731	0.0171269	0.0168861	0.0136849	0.0048565	0.0015129	0.000132193	2.32293e-05	
1.34286	0.135804	0.0148858	0.0114833	0.011964	0.0127348	0.0139748	0.0103674	0.0116594	0.0135967	0.0166596	0.0218679	0.0312914	0.017027	0.0167965	0.0136178	0.00483625	0.00150665	0.000131664	2.31358e-05	
1.37143	0.132897	0.0147011	0.0113458	0.0118258	0.0125936	0.0138269	0.0102619	0.0115446	0.0134669	0.0165045	0.0216676	0.0310071	0.0169236	0.0167031	0.0135473	0.00481465	0.00149997	0.000131095	2.30356e-05	
1.4	0.130065	0.0145174	0.0112089	0.0116881	0.0124527	0.013679	0.0101563	0.0114295	0.0133365	0.0163486	0.0214659	0.0307206	0.0168171	0.0166062	0.0134736	0.00479176	0.00149288	0.000130491	2.29291e-05	
1.42857	0.127305	0.0143349	0.0110727	0.0115508	0.0123121	0.0135312	0.0100505	0.0113141	0.0132057	0.0161919	0.021263	0.0304322	0.0167075	0.0165059	0.0133969	0.00476766	0.00148542	0.000129853	2.28166e-05	
1.45714	0.124615	0.0141536	0.0109372	0.0114142	0.0121719	0.0133836	0.00994479	0.0111986	0.0130745	0.0160347	0.0210592	0.0301422	0.0165951	0.0164025	0.0133174	0.00474242	0.00147759	0.000129182	2.26984e-05	
1.48571	0.121992	0.0139735	0.0108025	0.0112782	0.0120322	0.0132362	0.00983909	0.0110829	0.012943	0.0158769	0.0208546	0.0298507	0.01648	0.0162961	0.0132353	0.0047161	0.00146942	0.000128481	2.25749e-05	
1.51429	0.119435	0.0137948	0.0106686	0.0111428	0.011893	0.0130892	0.00973349	0.0109673	0.0128114	0.0157188	0.0206494	0.0295581	0.0163625	0.016187	0.0131507	0.00468877	0.00146093	0.000127752	2.24464e-05	
1.54286	0.116941	0.0136174	0.0105357	0.0110083	0.0117545	0.0129426	0.00962805	0.0108517	0.0126797	0.0155604	0.0204436	0.0292646	0.0162428	0.0160753	0.0130637	0.00466049	0.00145214	0.000126996	2.23132e-05	
1.57143	0.114508	0.0134415	0.0104036	0.0108745	0.0116165	0.0127965	0.00952283	0.0107362	0.012548	0.0154019	0.0202375	0.0289703	0.0161209	0.0159612	0.0129746	0.00463131	0.00144307	0.000126214	2.21756e-05	
1.6	0.112135	0.013267	0.0102725	0.0107416	0.0114793	0.0126509	0.00941787	0.0106209	0.0124164	0.0152433	0.0200311	0.0286756	0.0159971	0.015845	0.0128835	0.0046013	0.00143374	0.000125409	2.20339e-05	
1.62857	0.109819	0.0130939	0.0101425	0.0106095	0.0113428	0.012506	0.00931323	0.0105058	0.0122849	0.0150847	0.0198247	0.0283806	0.0158715	0.0157266	0.0127905	0.00457051	0.00142416	0.000124582	2.18883e-05	
1.65714	0.107559	0.0129224	0.0100134	0.0104783	0.0112071	0.0123617	0.00920895	0.010391	0.0121536	0.0149263	0.0196183	0.0280854	0.0157443	0.0156063	0.0126957	0.00453899	0.00141435	0.000123734	2.17391e-05	
1.68571	0.105354	0.0127524	0.00988534	0.0103481	0.0110722	0.0122181	0.00910506	0.0102765	0.0120226	0.014768	0.019412	0.0277902	0.0156155	0.0154843	0.0125994	0.00450678	0.00140433	0.000122867	2.15865e-05	
1.71429	0.103201	0.012584	0.00975838	0.0102189	0.0109382	0.0120752	0.00900161	0.0101625	0.0118919	0.01461	0.0192059	0.0274953	0.0154854	0.0153606	0.0125015	0.00447394	0.0013941	0.000121982	2.14307e-05	
1.74286	0.101099	0.0124172	0.00963251	0.0100906	0.0108051	0.0119332	0.00889864	0.0100488	0.0117615	0.0144524	0.0190002	0.0272007	0.015354	0.0152355	0.0124022	0.00444051	0.0013837	0.000121081	2.12721e-05	
1.77143	0.0990465	0.012252	0.00950775	0.00996339	0.010673	0.0117919	0.00879617	0.0099356	0.0116316	0.0142952	0.0187949	0.0269066	0.0152216	0.015109	0.0123017	0.00440654	0.00137311	0.000120164	2.11107e-05	
1.8	0.0970422	0.0120885	0.00938412	0.00983721	0.0105417	0.0116516	0.00869423	0.0098229	0.0115022	0.0141384	0.0185901	0.0266131	0.0150881	0.0149813	0.0122001	0.00437206	0.00136238	0.000119232	2.09469e-05	
1.82857	0.0950846	0.0119266	0.00926164	0.00971209	0.0104115	0.0115121	0.00859286	0.00971075	0.0113733	0.0139822	0.0183859	0.0263203	0.0149537	0.0148524	0.0120973	0.00433712	0.00135149	0.000118288	2.07807e-05	
1.85714	0.0931724	0.0117663	0.00914031	0.00958806	0.0102823	0.0113736	0.00849208	0.00959917	0.011245	0.0138265	0.0181824	0.0260285	0.0148185	0.0147226	0.0119937	0.00430176	0.00134047	0.000117331	2.06124e-05	
1.88571	0.0913043	0.0116077	0.00902015	0.00946513	0.0101541	0.0112361	0.00839191	0.00948818	0.0111172	0.0136715	0.0179796	0.0257376	0.0146827	0.0145918	0.0118891	0.004266	0.00132933	0.000116364	2.04422e-05	
1.91429	0.0894791	0.0114508	0.00890118	0.00934331	0.010027	0.0110995	0.00829239	0.00937783	0.0109902	0.0135172	0.0177777	0.0254478	0.0145462	0.0144603	0.0117838	0.0042299	0.00131808	0.000115386	2.02703e-05	
1.94286	0.0876955	0.0112956	0.00878339	0.00922262	0.00990088	0.010964	0.00819352	0.00926814	0.0108637	0.0133636	0.0175766	0.0251592	0.0144093	0.0143281	0.0116778	0.00419347	0.00130673	0.000114399	2.00967e-05	
1.97143	0.0859525	0.011142	0.00866679	0.00910307	0.00977589	0.0108295	0.00809534	0.00915913	0.010738	0.0132108	0.0173765	0.0248719	0.0142719	0.0141953	0.0115712	0.00415676	0.00129528	0.000113404	1.99217e-05	
2	0.084249	0.0109902	0.0085514	0.00898466	0.009652	0.0106961	0.00799785	0.00905082	0.0106131	0.0130588	0.0171774	0.024586	0.0141342	0.0140619	0.0114641	0.00411979	0.00128376	0.000112402	1.97454e-05	
2.02857	0.0825838	0.01084	0.00843722	0.00886741	0.00952922	0.0105637	0.00790108	0.00894324	0.0104889	0.0129077	0.0169793	0.0243015	0.0139963	0.0139282	0.0113566	0.00408259	0.00127217	0.000111393	1.9568e-05	
2.05714	0.0809559	0.0106915	0.00832424	0.00875132	0.00940756	0.0104325	0.00780504	0.00883641	0.0103655	0.0127575	0.0167823	0.0240185	0.0138582	0.0137941	0.0112486	0.0040452	0.00126051	0.000110378	1.93896e-05	
2.08571	0.0793643	0.0105447	0.00821247	0.0086364	0.00928703	0.0103023	0.00770974	0.00873034	0.0102429	0.0126081	0.0165865	0.0237371	0.01372	0.0136597	0.0111404	0.00400763	0.0012488	0.000109358	1.92103e-05	
2.11429	0.0778081	0.0103996	0.00810192	0.00852265	0.00916765	0.0101733	0.00761521	0.00862506	0.0101211	0.0124598	0.0163919	0.0234574	0.0135818	0.0135252	0.0110319	0.00396992	0.00123704	0.000108334	1.90302e-05	
2.14286	0.0762864	0.0102562	0.00799258	0.00841008	0.00904941	0.0100454	0.00752144	0.00852057	0.0100002	0.0123124	0.0161985	0.0231794	0.0134436	0.0133905	0.0109233	0.00393209	0.00122524	0.000107306	1.88496e-05	
2.17143	0.0747981	0.0101145	0.00788446	0.00829868	0.00893233	0.0099187	0.00742845	0.00841689	0.00988017	0.012166	0.0160064	0.0229033	0.0133055	0.0132558	0.0108145	0.00389416	0.00121342	0.000106276	1.86684e-05	
2.2	0.0733425	0.00997445	0.00777755	0.00818847	0.0088164	0.00979313	0.00733625	0.00831404	0.00976104	0.0120206	0.0158156	0.0226289	0.0131676	0.0131212	0.0107057	0.00385615	0.00120157	0.000105243	1.84868e-05	
2.22857	0.0719187	0.00983607	0.00767184	0.00807944	0.00870164	0.00966872	0.00724484	0.00821203	0.00964283	0.0118764	0.0156261	0.0223565	0.0130299	0.0129866	0.0105968	0.00381809	0.0011897	0.000104208	1.83049e-05	
2.25714	0.0705259	0.00969935	0.00756735	0.00797159	0.00858805	0.00954548	0.00715425	0.00811086	0.00952554	0.0117331	0.015438	0.0220859	0.0128924	0.0128521	0.010488	0.00378	0.00117782	0.000103172	1.81228e-05	
2.28571	0.0691633	0.00956429	0.00746406	0.00786492	0.00847562	0.00942342	0.00706446	0.00801055	0.00940919	0.011591	0.0152513	0.0218174	0.0127553	0.0127179	0.0103794	0.00374189	0.00116594	0.000102136	1.79406e-05	
2.31429	0.0678302	0.00943087	0.00736197	0.00775943	0.00836437	0.00930255	0.0069755	0.00791111	0.00929379	0.01145	0.015066	0.0215509	0.0126186	0.0125838	0.0102708	0.00370379	0.00115406	0.0001011	1.77584e-05	
2.34286	0.0665257	0.00929909	0.00726108	0.00765511	0.00825429	0.00918287	0.00688736	0.00781254	0.00917936	0.0113101	0.0148821	0.0212864	0.0124823	0.0124501	0.0101624	0.00366571	0.00114218	0.000100063	1.75763e-05	
2.37143	0.0652492	0.00916894	0.00716137	0.00755197	0.00814538	0.00906438	0.00680004	0.00771486	0.00906591	0.0111714	0.0146997	0.0210241	0.0123464	0.0123168	0.0100543	0.00362766	0.00113032	9.90282e-05	1.73943e-05	
2.4	0.0639999	0.0090404	0.00706286	0.00745	0.00803764	0.00894708	0.00671356	0.00761806	0.00895343	0.0110338	0.0145188	0.0207639	0.0122111	0.0121838	0.00994644	0.00358968	0.00111847	9.79943e-05	1.72126e-05	
2.42857	0.0627773	0.00891348	0.00696552	0.0073492	0.00793106	0.00883098	0.00662792	0.00752215	0.00884195	0.0108974	0.0143394	0.0205058	0.0120763	0.0120513	0.00983889	0.00355176	0.00110665	9.69621e-05	1.70312e-05	
2.45714	0.0615806	0.00878815	0.00686935	0.00724956	0.00782566	0.00871608	0.00654311	0.00742714	0.00873147	0.0107622	0.0141616	0.0202499	0.0119421	0.0119192	0.00973168	0.00351393	0.00109485	9.59321e-05	1.68502e-05	
2.48571	0.0604091	0.0086644	0.00677436	0.00715108	0.00772142	0.00860237	0.00645914	0.00733303	0.008622	0.0106281	0.0139852	0.0199962	0.0118085	0.0117877	0.00962485	0.0034762	0.00108309	9.49046e-05	1.66696e-05	
2.51429	0.0592624	0.00854223	0.00668052	0.00705375	0.00761834	0.00848986	0.00637601	0.00723982	0.00851353	0.0104953	0.0138105	0.0197447	0.0116756	0.0116567	0.00951843	0.00343858	0.00107136	9.388e-05	1.64895e-05	
2.54286	0.0581398	0.00842162	0.00658783	0.00695756	0.00751642	0.00837855	0.00629373	0.00714752	0.00840608	0.0103636	0.0136372	0.0194955	0.0115433	0.0115264	0.00941245	0.00340108	0.00105966	9.28587e-05	1.631e-05	
2.57143	0.0570406	0.00830255	0.00649629	0.00686252	0.00741565	0.00826843	0.00621229	0.00705613	0.00829965	0.0102332	0.0134656	0.0192485	0.0114118	0.0113966	0.00930694	0.00336372	0.00104801	9.18409e-05	1.61311e-05	
2.6	0.0559644	0.00818502	0.00640588	0.00676861	0.00731603	0.00815951	0.00613169	0.00696565	0.00819424	0.010104	0.0132955	0.0190038	0.0112809	0.0112675	0.00920194	0.00332651	0.00103641	9.0827e-05	1.5953e-05	
2.62857	0.0549106	0.00806902	0.0063166	0.00667583	0.00721755	0.00805177	0.00605193	0.00687608	0.00808986	0.00997602	0.013127	0.0187613	0.0111509	0.0111391	0.00909746	0.00328946	0.00102485	8.98173e-05	1.57755e-05	
2.65714	0.0538786	0.00795452	0.00622844	0.00658417	0.00712021	0.00794521	0.00597301	0.00678743	0.00798651	0.00984927	0.0129601	0.0185212	0.0110217	0.0110114	0.00899353	0.00325257	0.00101335	8.88121e-05	1.55989e-05	
2.68571	0.0528679	0.00784151	0.0061414	0.00649362	0.007024	0.00783984	0.00589493	0.00669968	0.00788418	0.00972374	0.0127948	0.0182834	0.0108932	0.0108844	0.00889018	0.00321586	0.0010019	8.78116e-05	1.54231e-05	
2.71429	0.0518781	0.00772999	0.00605545	0.00640418	0.00692892	0.00773564	0.00581769	0.00661284	0.00778288	0.00959945	0.0126312	0.0180479	0.0107656	0.0107582	0.00878742	0.00317934	0.000990515	8.68161e-05	1.52481e-05	
2.74286	0.0509087	0.00761994	0.00597059	0.00631583	0.00683496	0.00763262	0.00574129	0.00652691	0.00768262	0.00947639	0.0124691	0.0178147	0.0106389	0.0106328	0.00868528	0.00314301	0.000979187	8.58257e-05	1.50741e-05	
2.77143	0.049959	0.00751134	0.00588682	0.00622857	0.00674212	0.00753077	0.00566572	0.00644189	0.00758338	0.00935456	0.0123086	0.0175838	0.010513	0.0105082	0.00858378	0.00310689	0.000967922	8.48409e-05	1.4901e-05	
2.8	0.0490288	0.00740417	0.00580413	0.0061424	0.00665038	0.00743007	0.00559097	0.00635778	0.00748517	0.00923397	0.0121498	0.0173553	0.0103881	0.0103845	0.00848293	0.00307097	0.000956724	8.38616e-05	1.4729e-05	
2.82857	0.0481176	0.00729844	0.00572249	0.0060573	0.00655974	0.00733053	0.00551706	0.00627457	0.00738799	0.00911461	0.0119925	0.0171291	0.010264	0.0102616	0.00838275	0.00303528	0.000945593	8.28883e-05	1.45579e-05	
2.85714	0.0472249	0.00719411	0.00564191	0.00597326	0.00647019	0.00723214	0.00544397	0.00619226	0.00729183	0.00899649	0.0118369	0.0169052	0.0101409	0.0101395	0.00828325	0.0029998	0.000934531	8.19209e-05	1.4388e-05	
2.88571	0.0463502	0.00709118	0.00556238	0.00589028	0.00638172	0.0071349	0.0053717	0.00611085	0.00719669	0.0088796	0.0116829	0.0166836	0.0100187	0.0100183	0.00818446	0.00296456	0.000923542	8.09597e-05	1.42191e-05	
2.91429	0.0454933	0.00698963	0.00548388	0.00580834	0.00629433	0.00703879	0.00530025	0.00603033	0.00710258	0.00876394	0.0115304	0.0164644	0.00989747	0.00989807	0.00808639	0.00292955	0.000912627	8.0005e-05	1.40513e-05	
2.94286	0.0446536	0.00688945	0.00540641	0.00572744	0.00620801	0.00694381	0.00522961	0.00595071	0.00700948	0.00864951	0.0113796	0.0162475	0.0097772	0.00977871	0.00798904	0.00289479	0.000901787	7.90567e-05	1.38847e-05	
2.97143	0.0438307	0.00679062	0.00532995	0.00564757	0.00612275	0.00684995	0.00515977	0.00587197	0.00691739	0.0085363	0.0112304	0.0160329	0.00965791	0.00966029	0.00789243	0.00286027	0.000891024	7.81151e-05	1.37193e-05	
3	0.0430244	0.00669312	0.0052545	0.00556872	0.00603854	0.0067572	0.00509074	0.00579412	0.00682632	0.00842432	0.0110828	0.0158206	0.00953961	0.0095428	0.00779658	0.002826	0.000880339	7.71803e-05	1.3555e-05	
3.02857	0.0422342	0.00659695	0.00518004	0.00549087	0.00595538	0.00666557	0.00502251	0.00571714	0.00673625	0.00831355	0.0109368	0.0156107	0.00942231	0.00942626	0.00770148	0.00279199	0.000869735	7.62524e-05	1.3392e-05	
3.05714	0.0414598	0.00650209	0.00510656	0.00541403	0.00587324	0.00657503	0.00495508	0.00564104	0.00664718	0.00820399	0.0107924	0.015403	0.00930601	0.00931069	0.00760716	0.00275824	0.000859211	7.53315e-05	1.32302e-05	
3.08571	0.0407008	0.00640852	0.00503406	0.00533818	0.00579214	0.00648559	0.00488843	0.00556581	0.00655911	0.00809564	0.0106496	0.0151976	0.00919072	0.00919608	0.00751362	0.00272475	0.00084877	7.44177e-05	1.30697e-05	
3.11429	0.0399569	0.00631623	0.00496252	0.00526331	0.00571205	0.00639722	0.00482257	0.00549145	0.00647203	0.00798849	0.0105083	0.0149946	0.00907645	0.00908245	0.00742086	0.00269153	0.000838412	7.35112e-05	1.29104e-05	
3.14286	0.0392277	0.00622521	0.00489194	0.00518941	0.00563296	0.00630994	0.00475749	0.00541794	0.00638594	0.00788254	0.0103686	0.0147937	0.00896321	0.00896981	0.0073289	0.00265858	0.000828138	7.2612e-05	1.27524e-05	
3.17143	0.0385129	0.00613543	0.0048223	0.00511647	0.00555488	0.00622371	0.00469318	0.00534529	0.00630083	0.00777779	0.0102305	0.0145952	0.00885099	0.00885816	0.00723774	0.0026259	0.00081795	7.17203e-05	1.25957e-05	
3.2	0.0378122	0.00604689	0.0047536	0.00504449	0.00547779	0.00613855	0.00462964	0.00527349	0.00621669	0.00767421	0.010094	0.0143989	0.00873981	0.00874751	0.00714738	0.00259349	0.000807847	7.0836e-05	1.24404e-05	
3.22857	0.0371253	0.00595957	0.00468582	0.00497345	0.00540167	0.00605443	0.00456686	0.00520253	0.00613353	0.00757182	0.00995897	0.0142049	0.00862967	0.00863786	0.00705784	0.00256137	0.000797832	6.99592e-05	1.22864e-05	
3.25714	0.0364518	0.00587346	0.00461895	0.00490334	0.00532653	0.00597136	0.00450484	0.00513241	0.00605133	0.0074706	0.0098255	0.0140131	0.00852058	0.00852922	0.00696911	0.00252952	0.000787904	6.909e-05	1.21337e-05	
3.28571	0.0357916	0.00578853	0.00455298	0.00483415	0.00525235	0.00588931	0.00444357	0.00506312	0.00597009	0.00737055	0.00969357	0.0138235	0.00841252	0.0084216	0.0068812	0.00249796	0.000778064	6.82286e-05	1.19823e-05	
3.31429	0.0351442	0.00570479	0.00448791	0.00476588	0.00517912	0.00580829	0.00438304	0.00499466	0.0058898	0.00727165	0.00956316	0.0136361	0.00830551	0.00831499	0.00679411	0.00246668	0.000768313	6.73748e-05	1.18323e-05	
3.34286	0.0345095	0.00562221	0.00442371	0.00469851	0.00510683	0.00572828	0.00432325	0.00492701	0.00581046	0.00717391	0.00943427	0.0134509	0.00819955	0.0082094	0.00670784	0.00243569	0.00075865	6.65287e-05	1.16837e-05	
3.37143	0.0338871	0.00554078	0.00436039	0.00463203	0.00503548	0.00564928	0.00426419	0.00486018	0.00573205	0.00707731	0.00930689	0.0132679	0.00809464	0.00810483	0.00662241	0.00240498	0.000749078	6.56905e-05	1.15365e-05	
3.4	0.0332768	0.00546048	0.00429794	0.00456644	0.00496505	0.00557126	0.00420586	0.00479416	0.00565458	0.00698185	0.009181	0.0130871	0.00799077	0.00800128	0.0065378	0.00237456	0.000739595	6.48601e-05	1.13906e-05	
3.42857	0.0326783	0.0053813	0.00423633	0.00450172	0.00489554	0.00549424	0.00414825	0.00472894	0.00557803	0.00688751	0.0090566	0.0129084	0.00788796	0.00789875	0.00645403	0.00234443	0.000730202	6.40375e-05	1.12461e-05	
3.45714	0.0320914	0.00530323	0.00417557	0.00443787	0.00482693	0.00541819	0.00409136	0.00466451	0.0055024	0.0067943	0.00893367	0.0127318	0.00778619	0.00779725	0.00637108	0.00231459	0.000720899	6.32228e-05	1.1103e-05	
3.48571	0.0315158	0.00522626	0.00411564	0.00437487	0.00475922	0.0053431	0.00403517	0.00460087	0.00542769	0.00670219	0.00881221	0.0125574	0.00768547	0.00769678	0.00628897	0.00228503	0.000711687	6.2416e-05	1.09612e-05	
3.51429	0.0309513	0.00515036	0.00405653	0.00431272	0.0046924	0.00526898	0.00397968	0.00453801	0.00535387	0.0066112	0.0086922	0.0123851	0.00758579	0.00759732	0.00620769	0.00225577	0.000702565	6.16171e-05	1.08209e-05	
3.54286	0.0303976	0.00507554	0.00399823	0.0042514	0.00462645	0.0051958	0.00392489	0.00447592	0.00528095	0.00652129	0.00857364	0.0122149	0.00748715	0.00749889	0.00612724	0.0022268	0.000693535	6.0826e-05	1.06819e-05	
3.57143	0.0298545	0.00500176	0.00394074	0.00419091	0.00456137	0.00512356	0.00387079	0.0044146	0.00520892	0.00643248	0.00845651	0.0120467	0.00738956	0.00740148	0.00604762	0.00219812	0.000684594	6.00429e-05	1.05444e-05	
3.6	0.0293219	0.00492902	0.00388404	0.00413124	0.00449715	0.00505225	0.00381736	0.00435405	0.00513778	0.00634474	0.0083408	0.0118806	0.007293	0.00730508	0.00596883	0.00216973	0.000675745	5.92678e-05	1.04082e-05	
3.62857	0.0287994	0.00485731	0.00382812	0.00407237	0.00443377	0.00498186	0.00376462	0.00429424	0.0050675	0.00625807	0.0082265	0.0117166	0.00719748	0.00720971	0.00589087	0.00214163	0.000666986	5.85005e-05	1.02734e-05	
3.65714	0.0282869	0.00478661	0.00377298	0.0040143	0.00437124	0.00491237	0.00371254	0.00423519	0.0049981	0.00617246	0.0081136	0.0115545	0.00710299	0.00711535	0.00581374	0.00211382	0.000658318	5.77411e-05	1.014e-05	
3.68571	0.0277841	0.00471691	0.0037186	0.00395702	0.00430954	0.00484379	0.00366112	0.00417687	0.00492955	0.0060879	0.00800209	0.0113945	0.00700953	0.007022	0.00573743	0.0020863	0.00064974	5.69896e-05	1.0008e-05	
3.71429	0.0272909	0.0046482	0.00366497	0.00390052	0.00424865	0.0047761	0.00361036	0.00411928	0.00486185	0.00600439	0.00789195	0.0112365	0.0069171	0.00692966	0.00566194	0.00205907	0.000641253	5.6246e-05	9.87741e-06	
3.74286	0.026807	0.00458046	0.00361209	0.00384479	0.00418858	0.00470929	0.00356025	0.00406242	0.004795	0.00592191	0.00778318	0.0110805	0.00682568	0.00683832	0.00558727	0.00203212	0.000632856	5.55103e-05	9.74818e-06	
3.77143	0.0263323	0.00451369	0.00355995	0.00378982	0.00412932	0.00464336	0.00351078	0.00400629	0.00472898	0.00584045	0.00767576	0.0109264	0.00673527	0.00674799	0.00551341	0.00200547	0.000624548	5.47824e-05	9.62032e-06	
3.8	0.0258666	0.00444786	0.00350853	0.0037356	0.00407084	0.00457829	0.00346195	0.00395086	0.00466379	0.00576001	0.00756968	0.0107742	0.00664588	0.00665865	0.00544037	0.0019791	0.00061633	5.40623e-05	9.49384e-06	
3.82857	0.0254096	0.00438297	0.00345783	0.00368213	0.00401315	0.00451407	0.00341375	0.00389614	0.00459943	0.00568057	0.00746493	0.010624	0.00655749	0.0065703	0.00536814	0.00195302	0.000608201	5.335e-05	9.36873e-06	
3.85714	0.0249612	0.004319	0.00340784	0.00362939	0.00395624	0.00445069	0.00336617	0.00384211	0.00453587	0.00560213	0.00736149	0.0104757	0.00647011	0.00648294	0.00529671	0.00192722	0.000600161	5.26455e-05	9.24498e-06	
3.88571	0.0245213	0.00425594	0.00335855	0.00357737	0.00390009	0.00438815	0.00331921	0.00378878	0.00447312	0.00552468	0.00725935	0.0103292	0.00638371	0.00639657	0.00522609	0.00190171	0.00059221	5.19487e-05	9.12259e-06	
3.91429	0.0240896	0.00419379	0.00330995	0.00352607	0.0038447	0.00432644	0.00327285	0.00373613	0.00441116	0.0054482	0.00715851	0.0101847	0.00629831	0.00631117	0.00515627	0.00187648	0.000584347	5.12596e-05	9.00156e-06	
3.94286	0.023666	0.00413252	0.00326203	0.00347547	0.00379006	0.00426554	0.0032271	0.00368416	0.00434999	0.00537269	0.00705894	0.0100419	0.00621389	0.00622675	0.00508723	0.00185153	0.000576572	5.05782e-05	8.88188e-06	
3.97143	0.0232504	0.00407212	0.00321478	0.00342557	0.00373615	0.00420545	0.00318195	0.00363285	0.00428961	0.00529814	0.00696064	0.00990104	0.00613044	0.00614329	0.00501899	0.00182686	0.000568884	4.99045e-05	8.76354e-06	
4	0.0228424	0.00401259	0.0031682	0.00337637	0.00368298	0.00414616	0.00313739	0.00358222	0.00422999	0.00522454	0.0068636	0.00976197	0.00604797	0.00606079	0.00495154	0.00180247	0.000561283	4.92383e-05	8.64653e-06	
4.02857	0.0224421	0.00395392	0.00312227	0.00332784	0.00363053	0.00408766	0.00309341	0.00353223	0.00417115	0.00515188	0.0067678	0.00962469	0.00596645	0.00597925	0.00488486	0.00177836	0.000553769	4.85797e-05	8.53086e-06	
4.05714	0.0220493	0.00389608	0.00307699	0.00327998	0.00357879	0.00402994	0.00305001	0.0034829	0.00411306	0.00508015	0.00667322	0.00948919	0.0058859	0.00589866	0.00481896	0.00175452	0.000546341	4.79287e-05	8.4165e-06	
4.08571	0.0216637	0.00383907	0.00303235	0.00323279	0.00352776	0.00397299	0.00300718	0.00343421	0.00405571	0.00500934	0.00657987	0.00935546	0.0058063	0.00581901	0.00475383	0.00173095	0.000538998	4.72851e-05	8.30346e-06	
4.11429	0.0212853	0.00378288	0.00298834	0.00318626	0.00347742	0.0039168	0.00296492	0.00338615	0.00399911	0.00493944	0.00648771	0.00922346	0.00572764	0.0057403	0.00468947	0.00170766	0.00053174	4.66489e-05	8.19173e-06	
4.14286	0.0209139	0.0037275	0.00294495	0.00314037	0.00342777	0.00386136	0.00292321	0.00333872	0.00394325	0.00487045	0.00639675	0.00909319	0.00564992	0.00566252	0.00462587	0.00168464	0.000524567	4.60201e-05	8.08129e-06	
4.17143	0.0205493	0.00367292	0.00290217	0.00309512	0.0033788	0.00380667	0.00288206	0.00329191	0.00388811	0.00480235	0.00630697	0.00896462	0.00557313	0.00558567	0.00456302	0.00166189	0.000517478	4.53987e-05	7.97215e-06	
4.2	0.0201915	0.00361912	0.00286	0.0030505	0.00333051	0.00375272	0.00284145	0.00324572	0.00383369	0.00473513	0.00621836	0.00883774	0.00549726	0.00550973	0.00450092	0.00163941	0.000510472	4.47846e-05	7.86428e-06	
4.22857	0.0198403	0.00356609	0.00281843	0.0030065	0.00328287	0.00369949	0.00280138	0.00320014	0.00377997	0.00466878	0.0061309	0.00871253	0.00542231	0.0054347	0.00443957	0.00161719	0.000503549	4.41777e-05	7.75769e-06	
4.25714	0.0194956	0.00351383	0.00277745	0.00296312	0.00323589	0.00364698	0.00276185	0.00315515	0.00372696	0.0046033	0.00604459	0.00858898	0.00534827	0.00536057	0.00437896	0.00159524	0.000496708	4.3578e-05	7.65236e-06	
4.28571	0.0191571	0.00346232	0.00273705	0.00292035	0.00318955	0.00359518	0.00272284	0.00311076	0.00367465	0.00453868	0.0059594	0.00846705	0.00527513	0.00528734	0.00431907	0.00157354	0.000489949	4.29854e-05	7.54829e-06	
4.31429	0.0188249	0.00341156	0.00269722	0.00287817	0.00314386	0.00354408	0.00268436	0.00306696	0.00362302	0.0044749	0.00587534	0.00834675	0.00520288	0.005215	0.00425992	0.00155211	0.00048327	4.23999e-05	7.44546e-06	
4.34286	0.0184988	0.00336153	0.00265796	0.00283659	0.00309879	0.00349368	0.00264639	0.00302374	0.00357208	0.00441195	0.00579238	0.00822804	0.00513152	0.00514354	0.00420149	0.00153093	0.000476673	4.18215e-05	7.34387e-06	
4.37143	0.0181787	0.00331222	0.00261926	0.00279558	0.00305434	0.00344396	0.00260893	0.00298109	0.0035218	0.00434984	0.00571051	0.00811091	0.00506103	0.00507296	0.00414377	0.00151001	0.000470155	4.12501e-05	7.24351e-06	
4.4	0.0178644	0.00326362	0.00258111	0.00275516	0.00301051	0.00339491	0.00257197	0.00293901	0.00347219	0.00428854	0.00562973	0.00799535	0.00499142	0.00500324	0.00408676	0.00148935	0.000463716	4.06855e-05	7.14436e-06	
4.42857	0.0175558	0.00321573	0.0025435	0.0027153	0.00296729	0.00334654	0.00253551	0.00289749	0.00342324	0.00422806	0.00555002	0.00788133	0.00492267	0.00493438	0.00403045	0.00146893	0.000457355	4.01279e-05	7.04642e-06	
4.45714	0.0172529	0.00316853	0.00250643	0.002676	0.00292466	0.00329882	0.00249954	0.00285653	0.00337493	0.00416837	0.00547136	0.00776884	0.00485478	0.00486638	0.00397484	0.00144877	0.000451073	3.9577e-05	6.94968e-06	
4.48571	0.0169554	0.00312201	0.00246989	0.00263726	0.00288263	0.00325176	0.00246406	0.00281612	0.00332727	0.00410948	0.00539375	0.00765786	0.00478773	0.00479922	0.00391992	0.00142885	0.000444867	3.90329e-05	6.85412e-06	
4.51429	0.0166634	0.00307617	0.00243387	0.00259906	0.00284118	0.00320533	0.00242906	0.00277624	0.00328025	0.00405136	0.00531718	0.00754837	0.00472152	0.00473289	0.00386569	0.00140918	0.000438739	3.84956e-05	6.75974e-06	
4.54286	0.0163767	0.00303099	0.00239837	0.0025614	0.00280031	0.00315955	0.00239453	0.0027369	0.00323385	0.00399402	0.00524163	0.00744036	0.00465615	0.0046674	0.00381214	0.00138975	0.000432686	3.79648e-05	6.66653e-06	
4.57143	0.0160951	0.00298647	0.00236338	0.00252428	0.00276	0.00311439	0.00236047	0.00269809	0.00318807	0.00393745	0.00516709	0.0073338	0.00459159	0.00460273	0.00375926	0.00137056	0.000426708	3.74407e-05	6.57448e-06	
4.6	0.0158187	0.00294259	0.00232888	0.00248767	0.00272026	0.00306985	0.00232687	0.00265981	0.0031429	0.00388163	0.00509354	0.00722869	0.00452786	0.00453887	0.00370704	0.00135161	0.000420805	3.6923e-05	6.48357e-06	
4.62857	0.0155473	0.00289935	0.00229488	0.00245159	0.00268107	0.00302593	0.00229373	0.00262204	0.00309834	0.00382656	0.00502099	0.00712501	0.00446493	0.00447582	0.00365548	0.0013329	0.000414976	3.64119e-05	6.3938e-06	
4.65714	0.0152807	0.00285674	0.00226137	0.00241601	0.00264243	0.00298261	0.00226103	0.00258478	0.00305438	0.00377222	0.00494941	0.00702273	0.00440281	0.00441356	0.00360458	0.00131443	0.00040922	3.59071e-05	6.30515e-06	
4.68571	0.015019	0.00281474	0.00222834	0.00238094	0.00260432	0.00293988	0.00222879	0.00254802	0.00301101	0.00371862	0.0048788	0.00692184	0.00434147	0.0043521	0.00355433	0.00129618	0.000403536	3.54087e-05	6.21762e-06	
4.71429	0.014762	0.00277336	0.00219578	0.00234637	0.00256676	0.00289775	0.00219698	0.00251176	0.00296822	0.00366573	0.00480914	0.00682233	0.00428092	0.00429142	0.00350471	0.00127817	0.000397925	3.49166e-05	6.1312e-06	
4.74286	0.0145096	0.00273258	0.00216369	0.00231229	0.00252971	0.00285619	0.00216561	0.002476	0.00292601	0.00361356	0.00474042	0.00672418	0.00422115	0.00423152	0.00345573	0.00126038	0.000392384	3.44307e-05	6.04586e-06	
4.77143	0.0142617	0.00269239	0.00213206	0.00227869	0.00249319	0.00281521	0.00213467	0.00244072	0.00288437	0.0035621	0.00467263	0.00662737	0.00416214	0.00417238	0.00340738	0.00124282	0.000386914	3.3951e-05	5.96162e-06	
4.8	0.0140183	0.00265279	0.00210088	0.00224557	0.00245717	0.0027748	0.00210416	0.00240592	0.0028433	0.00351132	0.00460576	0.00653188	0.0041039	0.004114	0.00335965	0.00122549	0.000381514	3.34774e-05	5.87844e-06	
4.82857	0.0137792	0.00261376	0.00207016	0.00221292	0.00242167	0.00273495	0.00207406	0.00237159	0.00280278	0.00346124	0.0045398	0.0064377	0.00404641	0.00405638	0.00331254	0.00120837	0.000376182	3.30098e-05	5.79633e-06	
4.85714	0.0135444	0.00257531	0.00203988	0.00218073	0.00238666	0.00269565	0.00204437	0.00233773	0.00276281	0.00341183	0.00447474	0.00634482	0.00398966	0.0039995	0.00326604	0.00119148	0.00037092	3.25483e-05	5.71527e-06	
4.88571	0.0133138	0.00253741	0.00201003	0.002149	0.00235214	0.0026569	0.0020151	0.00230434	0.00272339	0.0033631	0.00441056	0.00625321	0.00393365	0.00394336	0.00322014	0.0011748	0.000365724	3.20926e-05	5.63525e-06	
4.91429	0.0130874	0.00250007	0.00198061	0.00211773	0.00231811	0.00261868	0.00198622	0.0022714	0.0026845	0.00331503	0.00434727	0.00616287	0.00387837	0.00388794	0.00317483	0.00115833	0.000360596	3.16429e-05	5.55627e-06	
4.94286	0.0128649	0.00246327	0.00195162	0.0020869	0.00228456	0.002581	0.00195775	0.00223891	0.00264614	0.00326761	0.00428483	0.00607377	0.00382381	0.00383325	0.00313012	0.00114208	0.000355534	3.11989e-05	5.4783e-06	
4.97143	0.0126465	0.002427	0.00192304	0.0020565	0.00225148	0.00254384	0.00192966	0.00220687	0.00260831	0.00322084	0.00422325	0.00598591	0.00376997	0.00377927	0.00308599	0.00112604	0.000350538	3.07607e-05	5.40134e-06	
5	0.0124319	0.00239127	0.00189488	0.00202655	0.00221887	0.00250719	0.00190197	0.00217527	0.00257099	0.00317471	0.00416252	0.00589926	0.00371683	0.003726	0.00304243	0.00111021	0.000345607	3.03282e-05	5.32538e-06	
5.02857	0.0122211	0.00235606	0.00186712	0.00199702	0.00218672	0.00247106	0.00187466	0.0021441	0.00253418	0.0031292	0.00410261	0.0058138	0.00366439	0.00367342	0.00299945	0.00109458	0.000340739	2.99013e-05	5.25042e-06	
5.05714	0.0120141	0.00232136	0.00183977	0.00196791	0.00215502	0.00243544	0.00184772	0.00211336	0.00249788	0.00308433	0.00404354	0.00572954	0.00361264	0.00362154	0.00295704	0.00107916	0.000335936	2.94799e-05	5.17642e-06	
5.08571	0.0118107	0.00228717	0.00181281	0.00193922	0.00212378	0.00240031	0.00182116	0.00208304	0.00246208	0.00304006	0.00398527	0.00564644	0.00356157	0.00357034	0.00291518	0.00106394	0.000331195	2.90641e-05	5.1034e-06	
5.11429	0.0116109	0.00225348	0.00178624	0.00191094	0.00209297	0.00236567	0.00179497	0.00205314	0.00242676	0.0029964	0.00392781	0.0055645	0.00351118	0.00351981	0.00287388	0.00104892	0.000326517	2.86537e-05	5.03133e-06	
5.14286	0.0114147	0.00222028	0.00176005	0.00188306	0.0020626	0.00233152	0.00176914	0.00202366	0.00239194	0.00295335	0.00387114	0.00548371	0.00346145	0.00346995	0.00283312	0.0010341	0.000321899	2.82487e-05	4.96021e-06	
5.17143	0.0112219	0.00218757	0.00173424	0.00185559	0.00203266	0.00229784	0.00174367	0.00199458	0.00235759	0.00291088	0.00381525	0.00540403	0.00341239	0.00342076	0.0027929	0.00101947	0.000317343	2.78491e-05	4.89003e-06	
5.2	0.0110326	0.00215533	0.00170881	0.0018285	0.00200314	0.00226464	0.00171855	0.00196591	0.00232372	0.002869	0.00376014	0.00532547	0.00336398	0.00337221	0.00275322	0.00100503	0.000312847	2.74547e-05	4.82077e-06	
5.22857	0.0108466	0.00212357	0.00168374	0.00180181	0.00197404	0.0022319	0.00169379	0.00193763	0.00229031	0.0028277	0.00370579	0.00524801	0.00331621	0.00332431	0.00271407	0.000990787	0.000308411	2.70655e-05	4.75243e-06	
5.25714	0.0106638	0.00209227	0.00165904	0.0017755	0.00194536	0.00219963	0.00166937	0.00190974	0.00225736	0.00278697	0.00365219	0.00517163	0.00326908	0.00327705	0.00267544	0.00097673	0.000304033	2.66815e-05	4.68499e-06	
5.28571	0.0104843	0.00206143	0.0016347	0.00174956	0.00191708	0.0021678	0.00164529	0.00188224	0.00222487	0.0027468	0.00359934	0.00509632	0.00322258	0.00323042	0.00263732	0.000962861	0.000299713	2.63026e-05	4.61845e-06	
5.31429	0.0103079	0.00203104	0.00161071	0.001724	0.0018892	0.00213643	0.00162154	0.00185512	0.00219283	0.00270719	0.00354722	0.00502206	0.0031767	0.00318442	0.00259972	0.000949175	0.000295451	2.59287e-05	4.55279e-06	
5.34286	0.0101346	0.00200109	0.00158706	0.00169881	0.00186172	0.00210549	0.00159813	0.00182838	0.00216124	0.00266812	0.00349582	0.00494885	0.00313144	0.00313903	0.00256262	0.000935673	0.000291246	2.55598e-05	4.48801e-06	
5.37143	0.00996437	0.00197159	0.00156376	0.00167397	0.00183463	0.00207499	0.00157504	0.00180201	0.00213008	0.0026296	0.00344515	0.00487667	0.00308679	0.00309424	0.00252602	0.00092235	0.000287097	2.51958e-05	4.4241e-06	
5.4	0.00979711	0.00194251	0.0015408	0.0016495	0.00180793	0.00204492	0.00155228	0.00177601	0.00209935	0.00259161	0.00339517	0.0048055	0.00304273	0.00305006	0.00248991	0.000909205	0.000283004	2.48367e-05	4.36103e-06	
5.42857	0.00963278	0.00191387	0.00151817	0.00162537	0.00178161	0.00201528	0.00152984	0.00175037	0.00206905	0.00255415	0.0033459	0.00473533	0.00299928	0.00300648	0.00245429	0.000896237	0.000278965	2.44824e-05	4.29882e-06	
5.45714	0.00947132	0.00188564	0.00149587	0.0016016	0.00175566	0.00198605	0.00150771	0.00172508	0.00203917	0.00251721	0.00329731	0.00466615	0.0029564	0.00296348	0.00241915	0.000883443	0.00027498	2.41329e-05	4.23744e-06	
5.48571	0.00931268	0.00185782	0.00147389	0.00157816	0.00173008	0.00195724	0.00148589	0.00170016	0.00200971	0.00248079	0.00324941	0.00459795	0.00291411	0.00292107	0.00238448	0.00087082	0.00027105	2.3788e-05	4.17688e-06	
5.51429	0.0091568	0.00183042	0.00145223	0.00155506	0.00170487	0.00192883	0.00146437	0.00167557	0.00198066	0.00244487	0.00320217	0.00453071	0.00287239	0.00287923	0.00235029	0.000858368	0.000267172	2.34478e-05	4.11714e-06	
5.54286	0.00900365	0.00180341	0.00143089	0.0015323	0.00168001	0.00190082	0.00144316	0.00165134	0.00195201	0.00240945	0.00315559	0.00446441	0.00283124	0.00283795	0.00231656	0.000846083	0.000263346	2.31122e-05	4.0582e-06	
5.57143	0.00885316	0.00177681	0.00140986	0.00150986	0.00165552	0.00187322	0.00142225	0.00162744	0.00192377	0.00237453	0.00310967	0.00439906	0.00279064	0.00279724	0.00228328	0.000833964	0.000259573	2.27811e-05	4.00006e-06	
5.6	0.00870529	0.00175059	0.00138913	0.00148775	0.00163137	0.001846	0.00140163	0.00160387	0.00189591	0.00234009	0.00306439	0.00433463	0.0027506	0.00275707	0.00225046	0.00082201	0.00025585	2.24545e-05	3.94271e-06	
5.62857	0.00855999	0.00172475	0.0013687	0.00146596	0.00160756	0.00181916	0.0013813	0.00158064	0.00186845	0.00230614	0.00301975	0.00427111	0.0027111	0.00271746	0.00221809	0.000810217	0.000252178	2.21323e-05	3.88613e-06	
5.65714	0.00841721	0.0016993	0.00134858	0.00144448	0.0015841	0.00179271	0.00136126	0.00155773	0.00184137	0.00227266	0.00297574	0.0042085	0.00267215	0.00267838	0.00218616	0.000798584	0.000248555	2.18145e-05	3.83033e-06	
5.68571	0.00827691	0.00167422	0.00132874	0.00142331	0.00156097	0.00176663	0.0013415	0.00153515	0.00181467	0.00223965	0.00293234	0.00414677	0.00263372	0.00263984	0.00215466	0.000787109	0.000244982	2.1501e-05	3.77528e-06	
5.71429	0.00813904	0.0016495	0.00130919	0.00140244	0.00153817	0.00174092	0.00132202	0.00151288	0.00178835	0.0022071	0.00288956	0.00408591	0.00259582	0.00260183	0.0021236	0.000775791	0.000241458	2.11918e-05	3.72098e-06	
5.74286	0.00800356	0.00162515	0.00128993	0.00138188	0.0015157	0.00171558	0.00130281	0.00149092	0.00176239	0.00217501	0.00284737	0.00402593	0.00255843	0.00256433	0.00209296	0.000764626	0.000237981	2.08868e-05	3.66741e-06	
5.77143	0.00787042	0.00160116	0.00127095	0.00136161	0.00149355	0.0016906	0.00128388	0.00146927	0.0017368	0.00214337	0.00280579	0.00396679	0.00252156	0.00252735	0.00206274	0.000753614	0.000234552	2.05859e-05	3.61458e-06	
5.8	0.00773958	0.00157752	0.00125224	0.00134164	0.00147172	0.00166597	0.00126521	0.00144793	0.00171156	0.00211218	0.00276479	0.0039085	0.0024852	0.00249087	0.00203293	0.000742752	0.00023117	2.02892e-05	3.56248e-06	
5.82857	0.00761101	0.00155423	0.00123381	0.00132195	0.0014502	0.00164169	0.00124681	0.00142689	0.00168669	0.00208142	0.00272437	0.00385103	0.00244933	0.0024549	0.00200354	0.000732039	0.000227834	1.99965e-05	3.51108e-06	
5.85714	0.00748465	0.00153128	0.00121564	0.00130255	0.00142899	0.00161775	0.00122866	0.00140614	0.00166216	0.0020511	0.00268451	0.00379438	0.00241396	0.00241942	0.00197455	0.000721473	0.000224544	1.97078e-05	3.46039e-06	
5.88571	0.00736046	0.00150866	0.00119774	0.00128343	0.00140809	0.00159416	0.00121078	0.00138569	0.00163797	0.0020212	0.00264523	0.00373855	0.00237908	0.00238442	0.00194596	0.000711051	0.000221299	1.94231e-05	3.41039e-06	
5.91429	0.00723842	0.00148638	0.0011801	0.00126459	0.00138748	0.0015709	0.00119314	0.00136552	0.00161413	0.00199172	0.0026065	0.0036835	0.00234467	0.00234991	0.00191776	0.000700772	0.000218099	1.91423e-05	3.36108e-06	
5.94286	0.00711848	0.00146442	0.00116272	0.00124602	0.00136717	0.00154798	0.00117576	0.00134564	0.00159062	0.00196266	0.00256831	0.00362925	0.00231074	0.00231588	0.00188996	0.000690635	0.000214942	1.88653e-05	3.31245e-06	
5.97143	0.00700059	0.00144279	0.00114559	0.00122772	0.00134715	0.00152538	0.00115862	0.00132604	0.00156744	0.00193401	0.00253067	0.00357576	0.00227728	0.00228231	0.00186253	0.000680636	0.000211829	1.85922e-05	3.26448e-06	
6	0.00688473	0.00142148	0.00112871	0.00120968	0.00132742	0.0015031	0.00114173	0.00130672	0.00154459	0.00190576	0.00249356	0.00352304	0.00224428	0.00224921	0.00183549	0.000670776	0.000208759	1.83228e-05	3.21718e-06	
6.02857	0.00677087	0.00140047	0.00111208	0.0011919	0.00130797	0.00148114	0.00112507	0.00128767	0.00152207	0.00187791	0.00245698	0.00347108	0.00221174	0.00221657	0.00180882	0.000661051	0.000205731	1.80571e-05	3.17053e-06	
6.05714	0.00665895	0.00137978	0.00109569	0.00117438	0.0012888	0.00145949	0.00110865	0.00126889	0.00149986	0.00185046	0.00242092	0.00341986	0.00217965	0.00218438	0.00178252	0.000651461	0.000202745	1.77951e-05	3.12452e-06	
6.08571	0.00654895	0.00135939	0.00107954	0.00115712	0.00126991	0.00143816	0.00109246	0.00125037	0.00147796	0.00182339	0.00238537	0.00336937	0.002148	0.00215263	0.00175659	0.000642003	0.000199801	1.75367e-05	3.07915e-06	
6.11429	0.00644083	0.0013393	0.00106362	0.0011401	0.00125129	0.00141712	0.00107651	0.00123212	0.00145638	0.00179671	0.00235032	0.0033196	0.00211679	0.00212132	0.00173101	0.000632675	0.000196897	1.72819e-05	3.0344e-06	
6.14286	0.00633456	0.00131951	0.00104794	0.00112333	0.00123293	0.00139639	0.00106078	0.00121412	0.0014351	0.0017704	0.00231577	0.00327055	0.00208601	0.00209045	0.00170579	0.000623477	0.000194033	1.70306e-05	2.99027e-06	
6.17143	0.00623011	0.0013	0.00103248	0.00110681	0.00121484	0.00137595	0.00104527	0.00119638	0.00141412	0.00174447	0.00228171	0.0032222	0.00205566	0.00206001	0.00168093	0.000614406	0.000191209	1.67828e-05	2.94676e-06	
6.2	0.00612744	0.00128079	0.00101726	0.00109052	0.00119701	0.00135581	0.00102999	0.0011789	0.00139343	0.0017189	0.00224814	0.00317454	0.00202574	0.00202999	0.0016564	0.00060546	0.000188424	1.65384e-05	2.90384e-06	
6.22857	0.00602652	0.00126185	0.00100225	0.00107447	0.00117944	0.00133595	0.00101492	0.00116165	0.00137304	0.0016937	0.00221505	0.00312756	0.00199623	0.00200039	0.00163222	0.000596639	0.000185677	1.62974e-05	2.86153e-06	
6.25714	0.00592733	0.00124319	0.00098746	0.00105865	0.00116212	0.00131637	0.00100006	0.00114466	0.00135294	0.00166885	0.00218242	0.00308126	0.00196713	0.0019712	0.00160838	0.00058794	0.000182969	1.60597e-05	2.8198e-06	
6.28571	0.00582982	0.00122481	0.000972887	0.00104306	0.00114505	0.00129708	0.000985422	0.0011279	0.00133312	0.00164435	0.00215026	0.00303563	0.00193843	0.00194241	0.00158487	0.000579362	0.000180298	1.58254e-05	2.77864e-06	
6.31429	0.00573397	0.0012067	0.000958527	0.0010277	0.00112822	0.00127806	0.000970988	0.00111139	0.00131359	0.00162021	0.00211856	0.00299064	0.00191014	0.00191403	0.00156168	0.000570903	0.000177665	1.55943e-05	2.73806e-06	
6.34286	0.00563975	0.00118885	0.000944377	0.00101256	0.00111164	0.00125932	0.000956759	0.0010951	0.00129433	0.0015964	0.00208731	0.00294631	0.00188224	0.00188604	0.00153882	0.000562561	0.000175068	1.53664e-05	2.69805e-06	
6.37143	0.00554713	0.00117127	0.000930433	0.000997642	0.0010953	0.00124084	0.000942733	0.00107905	0.00127534	0.00157293	0.00205651	0.00290261	0.00185473	0.00185844	0.00151628	0.000554336	0.000172507	1.51417e-05	2.65859e-06	
6.4	0.00545609	0.00115394	0.000916692	0.000982938	0.00107919	0.00122262	0.000928907	0.00106323	0.00125663	0.0015498	0.00202615	0.00285954	0.0018276	0.00183123	0.00149406	0.000546225	0.000169982	1.49201e-05	2.61968e-06	
6.42857	0.00536659	0.00113687	0.000903153	0.000968447	0.00106331	0.00120467	0.000915278	0.00104763	0.00123817	0.001527	0.00199621	0.00281708	0.00180085	0.0018044	0.00147214	0.000538226	0.000167492	1.47016e-05	2.58131e-06	
6.45714	0.0052786	0.00112005	0.00088981	0.000954167	0.00104766	0.00118697	0.000901843	0.00103226	0.00121999	0.00150451	0.00196671	0.00277524	0.00177447	0.00177794	0.00145053	0.00053034	0.000165037	1.44861e-05	2.54348e-06	
6.48571	0.00519211	0.00110347	0.000876663	0.000940093	0.00103224	0.00116953	0.000888599	0.0010171	0.00120205	0.00148235	0.00193763	0.002734	0.00174847	0.00175185	0.00142922	0.000522563	0.000162616	1.42737e-05	2.50617e-06	
6.51429	0.00510708	0.00108714	0.000863707	0.000926224	0.00101704	0.00115234	0.000875545	0.00100215	0.00118438	0.00146051	0.00190896	0.00269335	0.00172283	0.00172613	0.00140822	0.000514895	0.000160229	1.40642e-05	2.46939e-06	
6.54286	0.00502349	0.00107105	0.000850941	0.000912556	0.00100206	0.00113539	0.000862676	0.000987424	0.00116695	0.00143897	0.0018807	0.00265329	0.00169754	0.00170077	0.0013875	0.000507333	0.000157875	1.38576e-05	2.43312e-06	
6.57143	0.00494131	0.0010552	0.00083836	0.000899086	0.000987294	0.00111869	0.000849991	0.000972904	0.00114978	0.00141774	0.00185285	0.0026138	0.00167261	0.00167576	0.00136708	0.000499877	0.000155554	1.36539e-05	2.39735e-06	
6.6	0.00486052	0.00103958	0.000825963	0.000885811	0.000972741	0.00110222	0.000837487	0.00095859	0.00113284	0.00139681	0.00182539	0.00257488	0.00164803	0.0016511	0.00134694	0.000492526	0.000153265	1.34531e-05	2.36208e-06	
6.62857	0.00478109	0.00102418	0.000813747	0.000872729	0.000958398	0.00108599	0.000825161	0.000944479	0.00111615	0.00137618	0.00179832	0.00253652	0.00162379	0.00162679	0.00132709	0.000485276	0.000151008	1.3255e-05	2.32731e-06	
6.65714	0.004703	0.00100902	0.00080171	0.000859836	0.000944262	0.00107	0.000813011	0.00093057	0.00109969	0.00135585	0.00177164	0.00249871	0.0015999	0.00160281	0.00130751	0.000478128	0.000148783	1.30597e-05	2.29302e-06	
6.68571	0.00462623	0.000994075	0.000789848	0.000847131	0.000930329	0.00105423	0.000801034	0.000916858	0.00108347	0.0013358	0.00174535	0.00246144	0.00157633	0.00157918	0.00128821	0.00047108	0.000146589	1.28672e-05	2.25921e-06	
6.71429	0.00455075	0.00097935	0.000778159	0.00083461	0.000916598	0.00103869	0.000789229	0.000903341	0.00106748	0.00131604	0.00171943	0.00242471	0.0015531	0.00155587	0.00126917	0.00046413	0.000144426	1.26773e-05	2.22587e-06	
6.74286	0.00447654	0.000964842	0.00076664	0.00082227	0.000903064	0.00102337	0.000777591	0.000890017	0.00105172	0.00129656	0.00169387	0.00238851	0.00153019	0.00153289	0.00125041	0.000457278	0.000142293	1.24901e-05	2.193e-06	
6.77143	0.00440358	0.000950546	0.000755289	0.000810109	0.000889725	0.00100827	0.00076612	0.000876882	0.00103618	0.00127735	0.00166869	0.00235283	0.00150761	0.00151023	0.00123191	0.000450521	0.000140189	1.23055e-05	2.16059e-06	
6.8	0.00433184	0.00093646	0.000744104	0.000798125	0.000876578	0.000993384	0.000754812	0.000863935	0.00102086	0.00125842	0.00164386	0.00231766	0.00148534	0.00148789	0.00121366	0.000443858	0.000138116	1.21235e-05	2.12863e-06	
6.82857	0.00426131	0.000922581	0.000733082	0.000786314	0.000863621	0.000978713	0.000743666	0.000851171	0.00100576	0.00123976	0.00161939	0.002283	0.00146338	0.00146586	0.00119568	0.000437289	0.000136071	1.1944e-05	2.09711e-06	
6.85714	0.00419196	0.000908905	0.000722221	0.000774674	0.00085085	0.000964253	0.000732678	0.000838589	0.000990869	0.00122137	0.00159527	0.00224884	0.00144173	0.00144414	0.00117794	0.000430811	0.000134054	1.17671e-05	2.06604e-06	
6.88571	0.00412377	0.000895429	0.000711518	0.000763203	0.000838263	0.000949999	0.000721848	0.000826186	0.000976194	0.00120323	0.00157149	0.00221516	0.00142038	0.00142273	0.00116045	0.000424424	0.000132066	1.15926e-05	2.0354e-06	
6.91429	0.00405672	0.000882151	0.00070097	0.000751898	0.000825857	0.00093595	0.000711171	0.00081396	0.000961728	0.00118536	0.00154805	0.00218197	0.00139933	0.00140161	0.00114321	0.000418126	0.000130106	1.14205e-05	2.00519e-06	
6.94286	0.0039908	0.000869068	0.000690577	0.000740757	0.000813631	0.000922102	0.000700647	0.000801907	0.000947467	0.00116773	0.00152495	0.00214926	0.00137858	0.00138079	0.00112621	0.000411915	0.000128173	1.12508e-05	1.9754e-06	
6.97143	0.00392598	0.000856176	0.000680335	0.000729778	0.00080158	0.000908452	0.000690273	0.000790026	0.000933409	0.00115036	0.00150217	0.00211701	0.00135812	0.00136026	0.00110945	0.000405792	0.000126267	1.10836e-05	1.94603e-06	
7	0.00386224	0.000843473	0.000670241	0.000718957	0.000789702	0.000894997	0.000680047	0.000778314	0.00091955	0.00113324	0.00147972	0.00208523	0.00133794	0.00134002	0.00109292	0.000399754	0.000124387	1.09186e-05	1.91706e-06	
7.02857	0.00379957	0.000830956	0.000660295	0.000708293	0.000777996	0.000881735	0.000669967	0.000766769	0.000905888	0.00111636	0.00145759	0.00205391	0.00131805	0.00132006	0.00107663	0.0003938	0.000122534	1.07559e-05	1.8885e-06	
7.05714	0.00373795	0.000818622	0.000650494	0.000697783	0.000766457	0.000868662	0.00066003	0.000755387	0.00089242	0.00109972	0.00143578	0.00202303	0.00129843	0.00130039	0.00106056	0.000387929	0.000120706	1.05955e-05	1.86034e-06	
7.08571	0.00367735	0.000806468	0.000640835	0.000687425	0.000755085	0.000855777	0.000650235	0.000744167	0.000879143	0.00108331	0.00141427	0.0019926	0.00127909	0.00128098	0.00104472	0.00038214	0.000118904	1.04374e-05	1.83257e-06	
7.11429	0.00361776	0.000794492	0.000631317	0.000677217	0.000743876	0.000843075	0.000640579	0.000733107	0.000866055	0.00106714	0.00139308	0.0019626	0.00126002	0.00126185	0.00102909	0.000376431	0.000117128	1.02814e-05	1.80519e-06	
7.14286	0.00355917	0.000782692	0.000621937	0.000667157	0.000732829	0.000830555	0.000631061	0.000722203	0.000853152	0.0010512	0.00137218	0.00193303	0.00124121	0.00124298	0.00101369	0.000370802	0.000115375	1.01277e-05	1.77818e-06	
7.17143	0.00350155	0.000771064	0.000612693	0.000657242	0.00072194	0.000818214	0.000621678	0.000711454	0.000840432	0.00103548	0.00135158	0.00190388	0.00122267	0.00122438	0.000998501	0.000365251	0.000113648	9.976e-06	1.75156e-06	
7.2	0.00344489	0.000759605	0.000603584	0.00064747	0.000711207	0.000806049	0.000612429	0.000700858	0.000827892	0.00101999	0.00133128	0.00187516	0.00120439	0.00120603	0.000983523	0.000359777	0.000111944	9.82646e-06	1.7253e-06	
7.22857	0.00338917	0.000748314	0.000594606	0.000637839	0.000700628	0.000794057	0.000603311	0.000690412	0.00081553	0.00100471	0.00131126	0.00184684	0.00118636	0.00118794	0.000968755	0.000354379	0.000110264	9.67899e-06	1.69941e-06	
7.25714	0.00333438	0.000737188	0.00058576	0.000628347	0.000690202	0.000782237	0.000594322	0.000680114	0.000803343	0.000989654	0.00129153	0.00181892	0.00116858	0.00117011	0.000954191	0.000349056	0.000108607	9.53357e-06	1.67387e-06	
7.28571	0.0032805	0.000726225	0.000577041	0.000618992	0.000679924	0.000770585	0.000585461	0.000669962	0.000791328	0.00097481	0.00127208	0.00179141	0.00115105	0.00115252	0.000939831	0.000343807	0.000106973	9.39016e-06	1.64869e-06	
7.31429	0.00322751	0.000715421	0.000568449	0.000609773	0.000669794	0.000759099	0.000576726	0.000659954	0.000779483	0.000960175	0.0012529	0.00176428	0.00113376	0.00113517	0.000925669	0.00033863	0.000105362	9.24873e-06	1.62386e-06	
7.34286	0.0031754	0.000704774	0.000559982	0.000600686	0.00065981	0.000747777	0.000568115	0.000650087	0.000767805	0.000945747	0.001234	0.00173754	0.00111671	0.00111807	0.000911704	0.000333525	0.000103773	9.10926e-06	1.59937e-06	
7.37143	0.00312415	0.000694283	0.000551637	0.000591729	0.000649968	0.000736616	0.000559626	0.00064036	0.000756292	0.000931522	0.00121536	0.00171118	0.0010999	0.0011012	0.000897932	0.00032849	0.000102206	8.97171e-06	1.57522e-06	
7.4	0.00307375	0.000683945	0.000543413	0.000582902	0.000640267	0.000725614	0.000551257	0.00063077	0.000744941	0.000917498	0.00119699	0.0016852	0.00108333	0.00108457	0.000884351	0.000323524	0.00010066	8.83605e-06	1.5514e-06	
7.42857	0.00302419	0.000673757	0.000535308	0.000574202	0.000630704	0.000714768	0.000543007	0.000621315	0.000733751	0.000903672	0.00117887	0.00165959	0.00106698	0.00106816	0.000870958	0.000318627	9.91363e-05	8.70226e-06	1.52791e-06	
7.45714	0.00297544	0.000663717	0.00052732	0.000565627	0.000621279	0.000704076	0.000534873	0.000611994	0.000722718	0.000890041	0.00116102	0.00163433	0.00105086	0.00105198	0.000857749	0.000313797	9.76331e-05	8.57031e-06	1.50474e-06	
7.48571	0.0029275	0.000653823	0.000519448	0.000557175	0.000611988	0.000693536	0.000526855	0.000602804	0.00071184	0.000876601	0.00114341	0.00160944	0.00103496	0.00103603	0.000844722	0.000309034	9.61505e-05	8.44016e-06	1.48189e-06	
7.51429	0.00288036	0.000644073	0.000511689	0.000548845	0.000602829	0.000683145	0.000518949	0.000593744	0.000701115	0.00086335	0.00112605	0.0015849	0.00101928	0.00102029	0.000831874	0.000304335	9.46881e-05	8.3118e-06	1.45935e-06	
7.54286	0.00283399	0.000634465	0.000504042	0.000540634	0.000593801	0.000672901	0.000511155	0.000584811	0.000690541	0.000850285	0.00110894	0.0015607	0.00100381	0.00100477	0.000819202	0.000299701	9.32458e-05	8.18519e-06	1.43712e-06	
7.57143	0.00278838	0.000624996	0.000496506	0.00053254	0.000584902	0.000662803	0.000503471	0.000576003	0.000680114	0.000837403	0.00109206	0.00153684	0.000988562	0.000989465	0.000806704	0.00029513	9.18231e-05	8.06031e-06	1.41519e-06	
7.6	0.00274353	0.000615664	0.000489078	0.000524563	0.000576129	0.000652847	0.000495895	0.000567319	0.000669834	0.000824702	0.00107542	0.00151332	0.00097352	0.000974367	0.000794376	0.000290621	9.04197e-05	7.93712e-06	1.39357e-06	
7.62857	0.00269942	0.000606467	0.000481757	0.0005167	0.000567481	0.000643032	0.000488426	0.000558757	0.000659698	0.000812178	0.00105902	0.00149013	0.000958683	0.000959475	0.000782217	0.000286173	8.90355e-05	7.8156e-06	1.37223e-06	
7.65714	0.00265603	0.000597404	0.000474542	0.000508949	0.000558956	0.000633355	0.000481061	0.000550314	0.000649703	0.000799828	0.00104284	0.00146727	0.000944049	0.000944786	0.000770222	0.000281786	8.76699e-05	7.69573e-06	1.35118e-06	
7.68571	0.00261335	0.000588472	0.00046743	0.000501309	0.000550552	0.000623815	0.0004738	0.00054199	0.000639848	0.000787651	0.0010269	0.00144473	0.000929615	0.000930296	0.000758391	0.000277457	8.63228e-05	7.57747e-06	1.33042e-06	
7.71429	0.00257138	0.000579668	0.00046042	0.000493778	0.000542267	0.000614409	0.00046664	0.000533782	0.00063013	0.000775644	0.00101117	0.0014225	0.000915376	0.000916003	0.000746719	0.000273187	8.49938e-05	7.4608e-06	1.30993e-06	
7.74286	0.0025301	0.000570992	0.000453511	0.000486354	0.000534099	0.000605136	0.000459581	0.000525688	0.000620546	0.000763803	0.000995659	0.00140058	0.000901331	0.000901902	0.000735205	0.000268975	8.36826e-05	7.3457e-06	1.28973e-06	
7.77143	0.0024895	0.000562441	0.000446701	0.000479036	0.000526047	0.000595992	0.00045262	0.000517707	0.000611096	0.000752126	0.000980365	0.00137896	0.000887477	0.000887992	0.000723846	0.000264818	8.2389e-05	7.23214e-06	1.26979e-06	
7.8	0.00244956	0.000554013	0.000439989	0.000471822	0.000518108	0.000586977	0.000445757	0.000509837	0.000601777	0.000740611	0.000965283	0.00135764	0.000873809	0.000874269	0.000712638	0.000260717	8.11127e-05	7.12009e-06	1.25011e-06	
7.82857	0.00241027	0.000545707	0.000433372	0.00046471	0.000510282	0.000578088	0.000438989	0.000502076	0.000592587	0.000729254	0.000950409	0.00133662	0.000860325	0.00086073	0.000701581	0.000256671	7.98532e-05	7.00952e-06	1.2307e-06	
7.85714	0.00237163	0.00053752	0.00042685	0.0004577	0.000502565	0.000569323	0.000432315	0.000494422	0.000583524	0.000718054	0.000935741	0.00131589	0.000847022	0.000847371	0.000690671	0.000252678	7.86105e-05	6.90042e-06	1.21154e-06	
7.88571	0.00233363	0.000529451	0.000420421	0.000450788	0.000494957	0.00056068	0.000425733	0.000486874	0.000574585	0.000707009	0.000921274	0.00129545	0.000833897	0.00083419	0.000679905	0.000248737	7.73841e-05	6.79276e-06	1.19264e-06	
7.91429	0.00229624	0.000521497	0.000414083	0.000443975	0.000487456	0.000552158	0.000419243	0.000479431	0.000565769	0.000696114	0.000907005	0.00127528	0.000820947	0.000821184	0.000669282	0.000244849	7.61739e-05	6.68651e-06	1.17399e-06	
7.94286	0.00225947	0.000513658	0.000407836	0.000437257	0.00048006	0.000543754	0.000412842	0.000472089	0.000557075	0.000685369	0.000892932	0.0012554	0.000808169	0.00080835	0.000658798	0.000241011	7.49794e-05	6.58164e-06	1.15557e-06	
7.97143	0.0022233	0.00050593	0.000401677	0.000430635	0.000472767	0.000535467	0.00040653	0.000464849	0.000548499	0.00067477	0.00087905	0.00123578	0.00079556	0.000795684	0.000648451	0.000237223	7.38005e-05	6.47814e-06	1.1374e-06	
8	0.00218771	0.000498313	0.000395605	0.000424105	0.000465576	0.000527295	0.000400305	0.000457707	0.00054004	0.000664316	0.000865357	0.00121643	0.000783118	0.000783184	0.00063824	0.000233484	7.26368e-05	6.37597e-06	1.11946e-06	
8.02857	0.00215271	0.000490805	0.00038962	0.000417667	0.000458486	0.000519235	0.000394165	0.000450664	0.000531696	0.000654003	0.00085185	0.00119734	0.000770839	0.000770847	0.00062816	0.000229793	7.14881e-05	6.27512e-06	1.10176e-06	
8.05714	0.00211828	0.000483403	0.000383719	0.00041132	0.000451494	0.000511287	0.000388109	0.000443716	0.000523465	0.00064383	0.000838525	0.00117851	0.000758721	0.00075867	0.000618211	0.00022615	7.03541e-05	6.17555e-06	1.08427e-06	
8.08571	0.00208442	0.000476107	0.000377902	0.000405061	0.000444599	0.000503448	0.000382136	0.000436862	0.000515346	0.000633794	0.000825379	0.00115993	0.00074676	0.000746651	0.000608389	0.000222553	6.92345e-05	6.07725e-06	1.06702e-06	
8.11429	0.0020511	0.000468915	0.000372166	0.00039889	0.000437799	0.000495716	0.000376244	0.000430102	0.000507336	0.000623893	0.00081241	0.0011416	0.000734954	0.000734785	0.000598693	0.000219001	6.81291e-05	5.98019e-06	1.04997e-06	
8.14286	0.00201832	0.000461824	0.000366511	0.000392805	0.000431093	0.00048809	0.000370432	0.000423432	0.000499434	0.000614124	0.000799614	0.00112352	0.000723301	0.000723071	0.000589119	0.000215494	6.70375e-05	5.88435e-06	1.03315e-06	
8.17143	0.00198608	0.000454834	0.000360935	0.000386804	0.00042448	0.000480568	0.000364699	0.000416853	0.000491638	0.000604486	0.000786988	0.00110567	0.000711797	0.000711506	0.000579666	0.000212031	6.59596e-05	5.7897e-06	1.01653e-06	
8.2	0.00195437	0.000447943	0.000355438	0.000380887	0.000417957	0.000473149	0.000359043	0.000410362	0.000483945	0.000594976	0.000774529	0.00108806	0.000700439	0.000700087	0.000570331	0.000208611	6.4895e-05	5.69622e-06	1.00012e-06	
8.22857	0.00192316	0.000441149	0.000350017	0.000375051	0.000411524	0.00046583	0.000353464	0.000403957	0.000476355	0.000585591	0.000762234	0.00107068	0.000689226	0.00068881	0.000561112	0.000205232	6.38434e-05	5.60389e-06	9.83905e-07	
8.25714	0.00189247	0.00043445	0.000344671	0.000369296	0.000405179	0.00045861	0.000347959	0.000397638	0.000468865	0.00057633	0.000750101	0.00105353	0.000678154	0.000677674	0.000552007	0.000201895	6.28047e-05	5.51267e-06	9.6789e-07	
8.28571	0.00186227	0.000427845	0.0003394	0.00036362	0.00039892	0.000451488	0.000342527	0.000391403	0.000461474	0.000567191	0.000738126	0.0010366	0.00066722	0.000666676	0.000543012	0.000198598	6.17785e-05	5.42256e-06	9.52068e-07	
8.31429	0.00183256	0.000421333	0.000334202	0.000358022	0.000392746	0.00044446	0.000337168	0.00038525	0.00045418	0.00055817	0.000726306	0.00101989	0.000656422	0.000655812	0.000534127	0.000195341	6.07645e-05	5.33351e-06	9.36435e-07	
8.34286	0.00180334	0.000414912	0.000329076	0.000352501	0.000386656	0.000437527	0.00033188	0.000379177	0.000446982	0.000549267	0.000714639	0.0010034	0.000645758	0.00064508	0.000525348	0.000192122	5.97625e-05	5.24552e-06	9.20986e-07	
8.37143	0.00177458	0.00040858	0.00032402	0.000347054	0.000380648	0.000430686	0.000326662	0.000373185	0.000439877	0.000540479	0.000703122	0.000987111	0.000635223	0.000634478	0.000516673	0.000188941	5.87722e-05	5.15856e-06	9.05718e-07	
8.4	0.0017463	0.000402336	0.000319034	0.000341682	0.00037472	0.000423936	0.000321512	0.00036727	0.000432863	0.000531803	0.000691751	0.000971032	0.000624817	0.000624002	0.000508101	0.000185796	5.77934e-05	5.07259e-06	8.90625e-07	
8.42857	0.00171846	0.000396178	0.000314116	0.000336383	0.000368871	0.000417275	0.000316429	0.000361432	0.00042594	0.000523238	0.000680525	0.000955154	0.000614536	0.00061365	0.000499628	0.000182688	5.68258e-05	4.98761e-06	8.75705e-07	
8.45714	0.00169108	0.000390106	0.000309265	0.000331155	0.000363101	0.000410702	0.000311413	0.000355669	0.000419105	0.000514781	0.00066944	0.000939475	0.000604378	0.000603419	0.000491252	0.000179615	5.5869e-05	4.90358e-06	8.60952e-07	
8.48571	0.00166414	0.000384117	0.00030448	0.000325997	0.000357407	0.000404214	0.000306461	0.00034998	0.000412357	0.000506431	0.000658492	0.000923989	0.000594339	0.000593306	0.000482971	0.000176576	5.49229e-05	4.82048e-06	8.46362e-07	
8.51429	0.00163764	0.00037821	0.000299759	0.000320908	0.000351788	0.000397811	0.000301573	0.000344364	0.000405694	0.000498185	0.000647681	0.000908693	0.000584418	0.000583309	0.000474783	0.00017357	5.39871e-05	4.73829e-06	8.31932e-07	
8.54286	0.00161156	0.000372384	0.000295103	0.000315887	0.000346242	0.00039149	0.000296747	0.000338818	0.000399114	0.000490042	0.000637002	0.000893583	0.000574612	0.000573425	0.000466686	0.000170597	5.30615e-05	4.65698e-06	8.17657e-07	
8.57143	0.0015859	0.000366637	0.000290509	0.000310932	0.000340769	0.000385251	0.000291983	0.000333342	0.000392616	0.000481999	0.000626454	0.000878654	0.000564918	0.000563651	0.000458676	0.000167656	5.21456e-05	4.57653e-06	8.03532e-07	
8.6	0.00156066	0.000360969	0.000285976	0.000306042	0.000335367	0.000379091	0.000287279	0.000327934	0.000386198	0.000474053	0.000616032	0.000863903	0.000555333	0.000553985	0.000450753	0.000164745	5.12393e-05	4.49691e-06	7.89553e-07	
8.62857	0.00153582	0.000355376	0.000281503	0.000301217	0.000330035	0.00037301	0.000282633	0.000322593	0.000379859	0.000466204	0.000605735	0.000849325	0.000545855	0.000544423	0.000442913	0.000161864	5.03421e-05	4.41809e-06	7.75717e-07	
8.65714	0.00151137	0.000349859	0.00027709	0.000296454	0.000324771	0.000367005	0.000278045	0.000317318	0.000373596	0.000458449	0.00059556	0.000834917	0.000536481	0.000534964	0.000435153	0.000159013	4.9454e-05	4.34006e-06	7.62017e-07	
8.68571	0.00148733	0.000344416	0.000272735	0.000291753	0.000319574	0.000361075	0.000273514	0.000312107	0.000367409	0.000450785	0.000585503	0.000820674	0.000527208	0.000525604	0.000427473	0.000156189	4.85745e-05	4.26279e-06	7.48451e-07	
8.71429	0.00146366	0.000339045	0.000268436	0.000287113	0.000314443	0.000355218	0.000269038	0.000306958	0.000361295	0.000443211	0.000575563	0.000806592	0.000518035	0.00051634	0.000419868	0.000153392	4.77034e-05	4.18625e-06	7.35013e-07	
8.74286	0.00144038	0.000333745	0.000264194	0.000282532	0.000309376	0.000349434	0.000264616	0.000301871	0.000355253	0.000435725	0.000565736	0.000792668	0.000508957	0.000507169	0.000412338	0.000150621	4.68403e-05	4.11041e-06	7.21698e-07	
8.77143	0.00141746	0.000328514	0.000260006	0.000278009	0.000304372	0.00034372	0.000260247	0.000296844	0.000349282	0.000428325	0.000556019	0.000778896	0.000499973	0.00049809	0.000404879	0.000147876	4.5985e-05	4.03524e-06	7.08503e-07	
8.8	0.00139492	0.000323353	0.000255872	0.000273542	0.00029943	0.000338075	0.00025593	0.000291876	0.000343379	0.000421008	0.00054641	0.000765274	0.00049108	0.000489099	0.000397488	0.000145155	4.51372e-05	3.96073e-06	6.95421e-07	
8.82857	0.00137273	0.000318258	0.00025179	0.000269132	0.000294548	0.000332498	0.000251663	0.000286965	0.000337542	0.000413773	0.000536906	0.000751796	0.000482275	0.000480192	0.000390164	0.000142457	4.42965e-05	3.88684e-06	6.82449e-07	
8.85714	0.0013509	0.000313229	0.00024776	0.000264776	0.000289725	0.000326986	0.000247446	0.00028211	0.000331771	0.000406617	0.000527504	0.00073846	0.000473555	0.000471368	0.000382904	0.000139781	4.34626e-05	3.81354e-06	6.6958e-07	
8.88571	0.00132942	0.000308264	0.000243781	0.000260473	0.00028496	0.000321539	0.000243277	0.000277309	0.000326064	0.000399539	0.000518202	0.000725259	0.000464918	0.000462623	0.000375705	0.000137127	4.26352e-05	3.7408e-06	6.56811e-07	
8.91429	0.00130827	0.000303362	0.000239851	0.000256223	0.000280251	0.000316154	0.000239155	0.000272561	0.000320418	0.000392535	0.000508995	0.000712191	0.00045636	0.000453955	0.000368565	0.000134493	4.1814e-05	3.66859e-06	6.44135e-07	
8.94286	0.00128747	0.000298522	0.000235968	0.000252023	0.000275597	0.000310831	0.000235079	0.000267865	0.000314833	0.000385605	0.000499882	0.00069925	0.000447879	0.00044536	0.00036148	0.000131878	4.09985e-05	3.59689e-06	6.31546e-07	
8.97143	0.00126699	0.000293742	0.000232134	0.000247873	0.000270997	0.000305567	0.000231047	0.00026322	0.000309306	0.000378745	0.00049086	0.000686433	0.000439472	0.000436834	0.000354449	0.000129281	4.01885e-05	3.52565e-06	6.19041e-07	
9	0.00124684	0.000289021	0.000228345	0.000243772	0.000266449	0.000300362	0.000227059	0.000258623	0.000303836	0.000371954	0.000481924	0.000673734	0.000431135	0.000428376	0.000347467	0.000126701	3.93836e-05	3.45485e-06	6.06611e-07	
9.02857	0.00122701	0.000284358	0.000224601	0.000239718	0.000261952	0.000295213	0.000223112	0.000254073	0.000298421	0.000365229	0.000473074	0.00066115	0.000422867	0.000419982	0.000340534	0.000124136	3.85833e-05	3.38445e-06	5.94252e-07	
9.05714	0.00120749	0.000279751	0.000220901	0.00023571	0.000257505	0.000290118	0.000219207	0.00024957	0.000293058	0.000358568	0.000464304	0.000648676	0.000414663	0.000411648	0.000333644	0.000121586	3.77873e-05	3.31441e-06	5.81957e-07	
9.08571	0.00118827	0.0002752	0.000217243	0.000231747	0.000253106	0.000285077	0.000215341	0.00024511	0.000287747	0.000351968	0.000455612	0.000636307	0.000406521	0.000403371	0.000326796	0.00011905	3.69952e-05	3.24469e-06	5.6972e-07	
9.11429	0.00116937	0.000270701	0.000213627	0.000227827	0.000248753	0.000280088	0.000211513	0.000240694	0.000282486	0.000345428	0.000446996	0.000624038	0.000398438	0.000395148	0.000319986	0.000116525	3.62065e-05	3.17527e-06	5.57532e-07	
9.14286	0.00115075	0.000266255	0.000210052	0.00022395	0.000244446	0.000275148	0.000207722	0.000236318	0.000277272	0.000338945	0.00043845	0.000611864	0.000390409	0.000386975	0.000313211	0.000114011	3.54208e-05	3.10608e-06	5.45387e-07	
9.17143	0.00113244	0.000261859	0.000206516	0.000220114	0.000240182	0.000270256	0.000203967	0.000231983	0.000272103	0.000332516	0.000429973	0.00059978	0.000382432	0.000378849	0.000306468	0.000111506	3.46375e-05	3.0371e-06	5.33278e-07	
9.2	0.0011144	0.000257513	0.000203017	0.000216317	0.00023596	0.00026541	0.000200245	0.000227685	0.000266978	0.000326139	0.00042156	0.00058778	0.000374503	0.000370765	0.000299753	0.000109009	3.38563e-05	2.96826e-06	5.21195e-07	
9.22857	0.00109665	0.000253215	0.000199556	0.000212559	0.00023178	0.000260609	0.000196556	0.000223423	0.000261894	0.000319811	0.000413208	0.00057586	0.000366618	0.00036272	0.000293062	0.000106518	3.30765e-05	2.89953e-06	5.09131e-07	
9.25714	0.00107918	0.000248963	0.00019613	0.000208837	0.000227638	0.00025585	0.000192899	0.000219196	0.00025685	0.000313529	0.000404913	0.000564014	0.000358774	0.000354709	0.000286392	0.000104032	3.22975e-05	2.83085e-06	4.97076e-07	
9.28571	0.00106198	0.000244755	0.000192738	0.000205151	0.000223534	0.000251132	0.00018927	0.000215002	0.000251842	0.00030729	0.000396671	0.000552234	0.000350966	0.000346729	0.000279739	0.000101549	3.15189e-05	2.76216e-06	4.85019e-07	
9.31429	0.00104505	0.000240591	0.000189379	0.000201499	0.000219465	0.000246452	0.00018567	0.000210838	0.00024687	0.000301092	0.000388478	0.000540516	0.000343191	0.000338774	0.000273098	9.90668e-05	3.07399e-05	2.6934e-06	4.7295e-07	
9.34286	0.00102837	0.000236469	0.000186052	0.000197879	0.00021543	0.000241809	0.000182096	0.000206703	0.000241929	0.000294931	0.00038033	0.000528852	0.000335443	0.00033084	0.000266464	9.65838e-05	2.99598e-05	2.6245e-06	4.60858e-07	
9.37143	0.00101196	0.000232386	0.000182755	0.00019429	0.000211427	0.0002372	0.000178547	0.000202595	0.000237018	0.000288804	0.000372221	0.000517236	0.000327719	0.000322922	0.000259835	9.4098e-05	2.91779e-05	2.55539e-06	4.48729e-07	
9.4	0.0009958	0.000228341	0.000179487	0.00019073	0.000207454	0.000232622	0.00017502	0.000198511	0.000232134	0.000282707	0.000364148	0.00050566	0.000320013	0.000315015	0.000253203	9.16071e-05	2.83934e-05	2.486e-06	4.3655e-07	
9.42857	0.000979888	0.000224333	0.000176245	0.000187198	0.00020351	0.000228074	0.000171514	0.000194449	0.000227274	0.000276637	0.000356105	0.000494116	0.000312319	0.000307112	0.000246564	8.91089e-05	2.76054e-05	2.41622e-06	4.24305e-07	
9.45714	0.000964218	0.000220358	0.000173029	0.00018369	0.000199591	0.000223553	0.000168027	0.000190407	0.000222435	0.00027059	0.000348086	0.000482596	0.000304633	0.000299208	0.000239912	8.66006e-05	2.68129e-05	2.34598e-06	4.11977e-07	
9.48571	0.000948787	0.000216416	0.000169836	0.000180207	0.000195695	0.000219056	0.000164556	0.000186381	0.000217614	0.000264562	0.000340087	0.000471091	0.000296948	0.000291297	0.000233241	8.40796e-05	2.60149e-05	2.27515e-06	3.99546e-07	
9.51429	0.00093359	0.000212503	0.000166665	0.000176744	0.000191821	0.000214579	0.000161099	0.00018237	0.000212807	0.000258547	0.000332099	0.000459591	0.000289258	0.00028337	0.000226543	8.15428e-05	2.52101e-05	2.20362e-06	3.86992e-07	
9.54286	0.000918621	0.000208617	0.000163513	0.000173299	0.000187964	0.00021012	0.000157653	0.00017837	0.000208011	0.000252542	0.000324116	0.000448084	0.000281554	0.00027542	0.000219812	7.89868e-05	2.43973e-05	2.13125e-06	3.74289e-07	
9.57143	0.000903877	0.000204755	0.000160378	0.000169871	0.000184122	0.000205675	0.000154216	0.000174378	0.00020322	0.00024654	0.000316132	0.00043656	0.00027383	0.000267438	0.000213039	7.6408e-05	2.3575e-05	2.05789e-06	3.6141e-07	
9.6	0.000889352	0.000200915	0.000157257	0.000166456	0.000180292	0.00020124	0.000150784	0.000170389	0.000198431	0.000240535	0.000308136	0.000425005	0.000266076	0.000259414	0.000206214	7.38021e-05	2.27415e-05	1.98336e-06	3.48321e-07	
9.62857	0.00087504	0.000197091	0.000154147	0.00016305	0.000176469	0.000196809	0.000147353	0.000166399	0.000193638	0.000234521	0.00030012	0.000413404	0.000258282	0.000251338	0.000199328	7.11645e-05	2.18949e-05	1.90745e-06	3.34985e-07	
9.65714	0.000860937	0.00019328	0.000151045	0.000159648	0.000172649	0.000192378	0.000143919	0.000162404	0.000188835	0.000228489	0.000292073	0.00040174	0.000250437	0.000243198	0.000192368	6.84898e-05	2.1033e-05	1.82992e-06	3.21357e-07	
9.68571	0.000847037	0.000189477	0.000147945	0.000156247	0.000168825	0.000187939	0.000140477	0.000158396	0.000184014	0.00022243	0.000283982	0.000389994	0.000242528	0.000234978	0.00018532	6.57718e-05	2.01533e-05	1.7505e-06	3.07381e-07	
9.71429	0.000833333	0.000185675	0.000144843	0.00015284	0.000164991	0.000183484	0.00013702	0.000154369	0.000179166	0.000216333	0.000275831	0.000378144	0.00023454	0.000226662	0.000178168	6.3003e-05	1.92527e-05	1.66883e-06	2.92991e-07	
9.74286	0.000819819	0.000181867	0.000141732	0.00014942	0.000161138	0.000179004	0.00013354	0.000150312	0.00017428	0.000210184	0.000267602	0.00036616	0.000226455	0.000218231	0.000170893	6.01749e-05	1.83276e-05	1.58451e-06	2.78106e-07	
9.77143	0.000806488	0.000178042	0.000138603	0.000145977	0.000157256	0.000174484	0.000130028	0.000146215	0.000169342	0.000203965	0.00025927	0.000354008	0.00021825	0.000209661	0.000163471	5.72766e-05	1.73735e-05	1.49702e-06	2.6262e-07	
9.8	0.00079333	0.00017419	0.000135446	0.000142498	0.000153329	0.000169909	0.000126469	0.000142062	0.000164333	0.000197651	0.000250805	0.000341641	0.000209896	0.000200922	0.000155874	5.42947e-05	1.63848e-05	1.40574e-06	2.464e-07	
9.82857	0.000780337	0.000170293	0.000132248	0.000138969	0.00014934	0.000165255	0.000122846	0.00013783	0.000159226	0.000191209	0.00024216	0.000328996	0.000201354	0.000191972	0.000148064	5.12121e-05	1.53542e-05	1.30983e-06	2.29266e-07	
9.85714	0.000767495	0.000166334	0.00012899	0.000135368	0.000145264	0.000160492	0.000119134	0.000133492	0.000153986	0.000184595	0.000233274	0.000315979	0.000192565	0.000182756	0.00013999	4.80057e-05	1.4272e-05	1.20817e-06	2.10971e-07	
9.88571	0.000754792	0.000162285	0.00012565	0.000131668	0.000141067	0.00015558	0.000115299	0.000129005	0.000148561	0.000177739	0.000224053	0.000302448	0.000183441	0.000173184	0.000131577	4.4643e-05	1.31243e-05	1.09919e-06	1.91161e-07	
9.91429	0.000742209	0.000158113	0.000122198	0.000127832	0.000136704	0.00015046	0.000111295	0.000124311	0.000142877	0.000170542	0.000214354	0.00028818	0.000173835	0.000163104	0.000122699	4.10738e-05	1.18897e-05	9.80507e-07	1.69286e-07	
9.94286	0.000729726	0.000153775	0.000118591	0.000123811	0.000132114	0.000145054	0.000107053	0.000119327	0.000136823	0.000162855	0.000203954	0.00027281	0.000163492	0.000152236	0.000113104	3.72032e-05	1.05318e-05	8.48017e-07	1.44398e-07	
9.97143	0.000717315	0.00014921	0.000114775	0.000119536	0.00012721	0.00013925	0.000102477	0.000113929	0.000130238	0.000154447	0.000192503	0.000255722	0.000151953	0.000140025	0.000102215	3.27858e-05	8.96622e-06	6.93014e-07	1.14442e-07	
10	0.000704942	0.000144343	0.000110678	0.000114917	0.000121877	0.00013289	9.74296e-05	0.000107938	0.000122877	0.000144965	0.000179433	0.000235865	0.000138366	0.000125317	8.85451e-05	2.69467e-05	6.77232e-06	4.69016e-07	6.87785e-08	
