Fluxo Escalar FINAL	ITER= 24	Erro= 9.45204e-007	RaioEspextral= 0.290762
____________________________________________
Pos	Fluxo Escalar MultiGrupo
____________________________________________
 		g= 1		g= 2		g= 3		g= 4		g= 5		g= 6		g= 7		g= 8		g= 9		g= 10		g= 11		g= 12		g= 13		g= 14		g= 15		g= 16		g= 17		g= 18		g= 19		
0	0.507947	0.0159624	0.0119068	0.0119964	0.0122934	0.0129299	0.00924023	0.010065	0.0113599	0.0134659	0.0170836	0.0233899	0.00920375	0.00821521	0.00576475	0.00163429	0.000412045	2.81306e-005	4.12427e-006	
0.1	0.444629	0.0181889	0.0136461	0.0138267	0.0142607	0.0151121	0.0108789	0.0119316	0.0135768	0.0162568	0.0209028	0.0292019	0.0119027	0.0110071	0.00824054	0.00258824	0.000758748	6.23281e-005	1.0822e-005	
0.2	0.392171	0.0194964	0.014682	0.0149316	0.0154658	0.016469	0.0119089	0.0131137	0.0149873	0.0180333	0.023319	0.0328334	0.0139244	0.0130741	0.0100139	0.0032482	0.000979785	8.29429e-005	1.45634e-005	
0.3	0.348354	0.0201493	0.0152171	0.0155204	0.0161287	0.0172389	0.0125072	0.0138118	0.0158312	0.0191045	0.0247773	0.0350196	0.0154185	0.014609	0.0113318	0.00374853	0.00114583	9.82123e-005	1.72737e-005	
0.4	0.311447	0.0203402	0.0153985	0.0157441	0.0164076	0.0175928	0.0127995	0.0141674	0.0162757	0.0196827	0.0255756	0.0362314	0.0164999	0.0157392	0.0123192	0.00413563	0.00127339	0.00010983	1.93195e-005	
0.5	0.280094	0.0202087	0.0153326	0.0157119	0.0164163	0.0176532	0.0128754	0.0142808	0.0164383	0.0199144	0.0259144	0.0367744	0.0172565	0.0165531	0.0130496	0.0044322	0.00137047	0.00011864	2.08665e-005	
0.6	0.253232	0.019856	0.0150961	0.0155024	0.0162369	0.0175077	0.012799	0.0142231	0.0164015	0.0199014	0.0259304	0.0368504	0.0177554	0.017115	0.0135727	0.00465343	0.00144258	0.000125189	2.20146e-005	
0.7	0.230026	0.0193547	0.0147443	0.015172	0.015928	0.0172192	0.0126158	0.0140449	0.0162236	0.0197149	0.0257175	0.0365951	0.0180487	0.0174732	0.0139251	0.0048112	0.00149396	0.000129876	2.28352e-005	
0.8	0.209816	0.0187573	0.0143169	0.0147613	0.0155317	0.0168326	0.0123586	0.0137823	0.015946	0.0194051	0.0253414	0.0361019	0.0181767	0.0176652	0.0141361	0.00491544	0.001528	0.000133013	2.33837e-005	
0.9	0.192081	0.0181011	0.0138422	0.0142992	0.0150782	0.0163803	0.0120508	0.0134611	0.0155986	0.0190079	0.0248484	0.0354361	0.0181716	0.017721	0.0142295	0.00497456	0.00154754	0.000134856	2.37049e-005	
1	0.176405	0.0174127	0.0133403	0.0138064	0.014589	0.0158853	0.0117091	0.0131001	0.0152025	0.0185489	0.0242717	0.034645	0.0180587	0.0176649	0.0142252	0.00499576	0.00155495	0.000135617	2.38364e-005	
1.1	0.162457	0.0167107	0.0128255	0.0132975	0.0140796	0.0153643	0.0113459	0.0127126	0.0147735	0.018047	0.0236358	0.0337631	0.0178586	0.0175168	0.0141399	0.00498519	0.00155224	0.000135476	2.38096e-005	
1.2	0.149971	0.0160083	0.0123078	0.0127828	0.0135609	0.0148293	0.0109699	0.0123087	0.0143228	0.0175159	0.0229585	0.0328165	0.0175883	0.0172934	0.0139876	0.00494816	0.00154112	0.000134584	2.36512e-005	
1.3	0.138734	0.0153143	0.0117941	0.0122697	0.0130406	0.0142889	0.0105875	0.0118954	0.0138589	0.016966	0.0222536	0.031825	0.0172615	0.0170086	0.0137805	0.00488921	0.00152304	0.000133073	2.3384e-005	
1.4	0.128569	0.0146349	0.0112891	0.0117631	0.0125243	0.0137491	0.0102034	0.0114782	0.0133881	0.0164052	0.0215314	0.0308042	0.0168898	0.0166741	0.0135287	0.00481222	0.00149925	0.000131051	2.30274e-005	
1.5	0.119335	0.013974	0.0107961	0.0112666	0.0120157	0.0132145	0.00982105	0.0110609	0.0129152	0.0158395	0.0208001	0.0297663	0.0164828	0.0162999	0.0132409	0.00472054	0.00147082	0.000128614	2.2598e-005	
1.6	0.110914	0.0133341	0.0103172	0.0107825	0.0115177	0.0126883	0.00944292	0.0106467	0.0124438	0.0152734	0.020066	0.0287211	0.0160486	0.0158944	0.0129246	0.00461705	0.00143865	0.000125843	2.211e-005	
1.7	0.103209	0.0127168	0.00985357	0.0103122	0.0110321	0.0121727	0.0090709	0.0102377	0.0119767	0.0147106	0.0193342	0.0276764	0.015594	0.015465	0.0125861	0.00450419	0.00140353	0.000122807	2.15757e-005	
1.8	0.0961372	0.0121228	0.00940607	0.00985685	0.01056	0.0116694	0.00870637	0.00983567	0.0115161	0.014154	0.0186087	0.0266385	0.0151249	0.0150177	0.0122308	0.00438409	0.00136613	0.000119565	2.10053e-005	
1.9	0.089631	0.0115523	0.00897502	0.00941689	0.0101023	0.0111795	0.00835032	0.00944183	0.0110635	0.0136058	0.0178927	0.0256125	0.014646	0.0145577	0.0118633	0.00425854	0.00132701	0.000116169	2.04078e-005	
2	0.0836315	0.0110052	0.00856049	0.00899261	0.00965949	0.0107038	0.00800349	0.00905716	0.0106204	0.0130678	0.0171888	0.0246025	0.0141614	0.0140895	0.0114876	0.00412909	0.00128666	0.00011266	1.97907e-005	
2.1	0.0780885	0.0104811	0.00816237	0.00858403	0.00923177	0.0102428	0.0076664	0.00868239	0.0101878	0.0125413	0.016499	0.0236117	0.0136748	0.0136169	0.011107	0.00399706	0.0012455	0.000109076	1.91605e-005	
2.2	0.0729586	0.00997955	0.00778041	0.00819107	0.00881924	0.00979675	0.00733939	0.00831804	0.00976621	0.0120275	0.0158249	0.0226429	0.0131889	0.0131431	0.0107244	0.00386356	0.00120388	0.000105448	1.85228e-005	
2.3	0.0682041	0.00949993	0.00741429	0.0078135	0.00842184	0.00936583	0.00702269	0.00796447	0.00935639	0.0115272	0.0151679	0.021698	0.0127063	0.0126709	0.0103421	0.00372955	0.00116209	0.000101804	1.78821e-005	
2.4	0.0637918	0.00904155	0.0070636	0.00745106	0.00803942	0.00895003	0.00671644	0.00762194	0.00895867	0.0110409	0.0145288	0.0207785	0.0122291	0.0122024	0.00996215	0.00359584	0.00112039	9.81646e-005	1.72424e-005	
2.5	0.0596927	0.00860369	0.00672791	0.00710341	0.00767176	0.0085493	0.00642067	0.00729058	0.00857334	0.0105693	0.0139083	0.0198857	0.0117588	0.0117396	0.00958627	0.00346309	0.001079	9.45496e-005	1.66071e-005	
2.6	0.0558807	0.00818563	0.00640677	0.00677018	0.00731859	0.00816348	0.00613537	0.00697045	0.00820055	0.0101124	0.0133071	0.0190204	0.0112971	0.0112841	0.00921584	0.00333187	0.00103808	9.09746e-005	1.59788e-005	
2.7	0.0523327	0.00778664	0.00609969	0.00645096	0.00697961	0.00779235	0.00586045	0.00666155	0.00784036	0.00967061	0.0127253	0.0181831	0.0108449	0.0108372	0.00885202	0.00320266	0.000997781	8.74527e-005	1.53599e-005	
2.8	0.0490279	0.00740597	0.0058062	0.00614534	0.00665446	0.00743566	0.0055958	0.00636379	0.00749278	0.00924387	0.0121631	0.0173742	0.0104032	0.0104	0.00849575	0.00307583	0.000958233	8.39948e-005	1.47523e-005	
2.9	0.0459474	0.0070429	0.00552582	0.00585291	0.00634279	0.00709313	0.00534126	0.00607707	0.00715774	0.00883219	0.0116206	0.0165936	0.00997285	0.00997325	0.0081478	0.00295171	0.000919529	8.06096e-005	1.41575e-005	
3	0.0430742	0.00669673	0.00525807	0.00557323	0.00604422	0.00676441	0.00509666	0.00580124	0.00683509	0.00843547	0.0110976	0.0158413	0.00955428	0.00955768	0.00780875	0.00283054	0.000881748	7.73042e-005	1.35768e-005	
3.1	0.040393	0.00636676	0.00500247	0.00530586	0.00575836	0.00644918	0.00486177	0.0055361	0.00652468	0.00805355	0.0105941	0.0151172	0.00914795	0.00915378	0.00747907	0.00271252	0.000844951	7.4084e-005	1.3011e-005	
3.2	0.0378897	0.00605233	0.00475857	0.00505038	0.00548481	0.00614706	0.00463639	0.00528144	0.0062263	0.00768622	0.0101097	0.0144208	0.00875415	0.00876192	0.0071591	0.0025978	0.000809185	7.09535e-005	1.2461e-005	
3.3	0.0355513	0.00575276	0.00452589	0.00480636	0.00522317	0.00585768	0.00442027	0.00503703	0.00593971	0.00733323	0.00964419	0.0137517	0.00837306	0.00838236	0.00684906	0.0024865	0.000774486	6.79155e-005	1.19273e-005	
3.4	0.033366	0.00546744	0.004304	0.00457337	0.00497304	0.00558065	0.00421315	0.0048026	0.00566464	0.00699428	0.00919716	0.0131095	0.00800477	0.00801526	0.00654912	0.00237868	0.000740875	6.49724e-005	1.14103e-005	
3.5	0.031323	0.00519574	0.00409246	0.00435099	0.00473401	0.00531557	0.00401477	0.00457791	0.00540081	0.00666904	0.00876821	0.0124934	0.0076493	0.00766066	0.00625934	0.0022744	0.000708369	6.21254e-005	1.09102e-005	
3.6	0.0294123	0.00493708	0.00389084	0.00413881	0.00450568	0.00506207	0.00382488	0.00436266	0.00514793	0.00635719	0.0083569	0.0119029	0.00730658	0.00731857	0.00597973	0.00217368	0.000676972	5.93752e-005	1.04271e-005	
3.7	0.0276247	0.00469087	0.00369873	0.00393644	0.00428766	0.00481973	0.00364319	0.00415657	0.00490569	0.00605835	0.00796277	0.0113373	0.00697651	0.00698891	0.00571024	0.0020765	0.000646684	5.67218e-005	9.96099e-006	
3.8	0.0259517	0.00445656	0.00351572	0.00374347	0.00407956	0.00458817	0.00346943	0.00395936	0.00467375	0.00577215	0.00758532	0.0107959	0.00665892	0.00667156	0.00545079	0.00198287	0.0006175	5.41647e-005	9.51183e-006	
3.9	0.0243855	0.00423363	0.00334142	0.00355952	0.00388099	0.00436699	0.00330333	0.00377073	0.00445181	0.0054982	0.00722407	0.0102779	0.00635361	0.00636633	0.00520123	0.00189272	0.000589407	5.1703e-005	9.07943e-006	
4	0.0229188	0.00402155	0.00317547	0.00338421	0.00369157	0.0041558	0.00314463	0.0035904	0.00423953	0.00523612	0.00687849	0.0097826	0.00606035	0.00607303	0.00496141	0.00180603	0.000562391	4.93353e-005	8.66356e-006	
4.1	0.0215449	0.00381983	0.00301748	0.00321719	0.00351095	0.00395422	0.00299304	0.00341806	0.00403658	0.00498551	0.00654806	0.00930924	0.00577887	0.0057914	0.00473113	0.00172273	0.000536433	4.70601e-005	8.26395e-006	
4.2	0.0202575	0.003628	0.00286711	0.0030581	0.00333875	0.00376189	0.0028483	0.00325343	0.00384264	0.00474597	0.00623228	0.00885705	0.0055089	0.0055212	0.00451019	0.00164275	0.000511511	4.48756e-005	7.88027e-006	
4.3	0.0190508	0.00344559	0.00272402	0.00290659	0.00317463	0.00357842	0.00271015	0.00309622	0.00365737	0.00451711	0.00593062	0.00842528	0.00525012	0.00526213	0.00429835	0.00156602	0.000487603	4.27797e-005	7.51216e-006	
4.4	0.0179196	0.00327218	0.00258788	0.00276233	0.00301824	0.00340346	0.00257833	0.00294615	0.00348046	0.00429854	0.00564256	0.00801317	0.00500223	0.0050139	0.00409537	0.00149246	0.000464683	4.07702e-005	7.15924e-006	
4.5	0.0168588	0.00310733	0.00245837	0.00262501	0.00286927	0.00323667	0.00245259	0.00280294	0.00331159	0.00408987	0.00536759	0.00761996	0.0047649	0.00477618	0.00390099	0.00142198	0.000442723	3.88449e-005	6.82109e-006	
4.6	0.0158637	0.00295065	0.0023352	0.00249432	0.00272738	0.00307769	0.00233268	0.00266632	0.00315043	0.00389073	0.00510521	0.00724493	0.00453781	0.00454867	0.00371497	0.00135448	0.000421697	3.70012e-005	6.49729e-006	
4.7	0.0149301	0.00280174	0.00221806	0.00236995	0.00259227	0.00292621	0.00221836	0.00253602	0.0029967	0.00370073	0.00485493	0.00688735	0.00432061	0.00433103	0.00353702	0.00128989	0.000401575	3.52367e-005	6.18741e-006	
4.8	0.014054	0.00266023	0.00210667	0.00225162	0.00246363	0.00278189	0.0021094	0.00241178	0.00285008	0.00351951	0.00461626	0.00654651	0.00411297	0.00412294	0.00336689	0.00122811	0.000382329	3.35489e-005	5.89099e-006	
4.9	0.0132316	0.00252578	0.00200078	0.00213906	0.00234119	0.00264443	0.00200557	0.00229336	0.00271029	0.00334672	0.00438873	0.00622172	0.00391455	0.00392406	0.0032043	0.00116904	0.000363929	3.19352e-005	5.6076e-006	
5	0.0124594	0.00239804	0.00190011	0.00203199	0.00222465	0.00251352	0.00190664	0.0021805	0.00257704	0.003182	0.00417188	0.00591231	0.00372503	0.00373407	0.00304898	0.00111259	0.000346346	3.0393e-005	5.33677e-006	
5.1	0.0117343	0.00227669	0.00180442	0.00193016	0.00211376	0.00238889	0.00181242	0.00207296	0.00245005	0.00302502	0.00396525	0.00561762	0.00354406	0.00355265	0.00290067	0.00105866	0.00032955	2.89198e-005	5.07806e-006	
5.2	0.0110532	0.00216141	0.00171347	0.00183334	0.00200826	0.00227024	0.00172269	0.00197053	0.00232906	0.00287545	0.00376841	0.00533702	0.00337132	0.00337945	0.0027591	0.00100717	0.000313513	2.75131e-005	4.83102e-006	
5.3	0.0104134	0.00205191	0.00162704	0.00174127	0.00190789	0.0021573	0.00163724	0.00187296	0.0022138	0.00273297	0.00358095	0.00506989	0.0032065	0.00321418	0.00262401	0.00095802	0.000298205	2.61703e-005	4.59521e-006	
5.4	0.00981205	0.00194791	0.00154491	0.00165375	0.00181242	0.00204983	0.0015559	0.00178006	0.00210403	0.00259727	0.00340244	0.00481564	0.00304928	0.00305652	0.00249515	0.000911118	0.000283598	2.48889e-005	4.37019e-006	
5.5	0.00924689	0.00184914	0.00146687	0.00157054	0.00172162	0.00194756	0.00147847	0.0016916	0.00199951	0.00246805	0.00323249	0.00457368	0.00289934	0.00290615	0.00237226	0.000866376	0.000269665	2.36666e-005	4.15555e-006	
5.6	0.00871559	0.00175533	0.00139273	0.00149145	0.00163527	0.00185026	0.00140478	0.0016074	0.00189999	0.00234502	0.00307072	0.00434347	0.00275639	0.00276278	0.0022551	0.000823708	0.000256378	2.25009e-005	3.95084e-006	
5.7	0.00821602	0.00166625	0.00132228	0.00141628	0.00155316	0.0017577	0.00133466	0.00152725	0.00180526	0.00222791	0.00291677	0.00412447	0.00262013	0.00262613	0.00214343	0.000783027	0.00024371	2.13895e-005	3.75568e-006	
5.8	0.0077462	0.00158166	0.00125536	0.00134484	0.0014751	0.00166965	0.00126793	0.00145098	0.00171509	0.00211645	0.00277027	0.00391615	0.00249028	0.00249589	0.00203702	0.00074425	0.000231636	2.03301e-005	3.56965e-006	
5.9	0.00730427	0.00150133	0.00119179	0.00127694	0.00140087	0.00158591	0.00120445	0.0013784	0.00162929	0.00201038	0.00263089	0.00371804	0.00236657	0.00237181	0.00193564	0.000707298	0.00022013	1.93205e-005	3.39238e-006	
6	0.0068885	0.00142505	0.0011314	0.00121243	0.00133031	0.00150626	0.00114406	0.00130934	0.00154764	0.00190944	0.00249829	0.00352965	0.00224873	0.0022536	0.00183907	0.00067209	0.000209168	1.83587e-005	3.22348e-006	
6.1	0.00649727	0.00135263	0.00107404	0.00115112	0.00126324	0.00143052	0.00108662	0.00124364	0.00146995	0.00181341	0.00237216	0.00335051	0.00213649	0.00214102	0.0017471	0.000638551	0.000198725	1.74424e-005	3.06258e-006	
6.2	0.00612906	0.00128386	0.00101955	0.00109287	0.00119949	0.00135851	0.00103199	0.00118114	0.00139604	0.00172206	0.0022522	0.0031802	0.0020296	0.00203381	0.00165952	0.000606607	0.00018878	1.65697e-005	2.90934e-006	
6.3	0.00578245	0.00121857	0.000967801	0.00103752	0.00113889	0.00129003	0.000980026	0.00112169	0.00132573	0.00163516	0.00213811	0.00301829	0.00192783	0.00193173	0.00157614	0.000576187	0.000179309	1.57386e-005	2.76341e-006	
6.4	0.00545613	0.00115657	0.000918647	0.000984932	0.00108129	0.00122492	0.000930611	0.00106515	0.00125885	0.0015525	0.00202961	0.00286437	0.00183095	0.00183454	0.00149676	0.000547221	0.000170292	1.49473e-005	2.62446e-006	
6.5	0.00514885	0.00109771	0.000871962	0.000934968	0.00102654	0.00116302	0.000883618	0.00101137	0.00119524	0.00147388	0.00192644	0.00271806	0.00173871	0.00174202	0.00142119	0.000519642	0.000161706	1.41939e-005	2.49216e-006	
6.6	0.00485945	0.00104181	0.00082762	0.000887497	0.000974516	0.00110417	0.000838932	0.000960218	0.00113474	0.00139911	0.00182834	0.00257899	0.00165092	0.00165396	0.00134927	0.000493387	0.000153533	1.34766e-005	2.36621e-006	
6.7	0.00458685	0.000988746	0.000785504	0.000842397	0.000925069	0.00104822	0.00079644	0.000911574	0.00107719	0.001328	0.00173506	0.00244679	0.00156735	0.00157013	0.00128082	0.000468392	0.000145752	1.27938e-005	2.24632e-006	
6.8	0.00433003	0.000938357	0.000745503	0.000799547	0.000878075	0.000995026	0.000756035	0.000865314	0.00102246	0.00126037	0.00164636	0.00232114	0.00148781	0.00149034	0.00121567	0.000444599	0.000138346	1.21438e-005	2.13218e-006	
6.9	0.00408804	0.00089051	0.000707508	0.000758834	0.000833411	0.000944458	0.000717614	0.000821319	0.000970413	0.00119606	0.00156203	0.0022017	0.00141211	0.0014144	0.00115366	0.00042195	0.000131296	1.1525e-005	2.02354e-006	
7	0.00385999	0.000845077	0.000671419	0.000720153	0.000790961	0.000896381	0.000681079	0.000779479	0.000920908	0.00113489	0.00148184	0.00208817	0.00134006	0.00134212	0.00109464	0.000400389	0.000124585	1.0936e-005	1.92011e-006	
7.1	0.00364504	0.000801933	0.000637139	0.000683399	0.000750615	0.000850673	0.000646337	0.000739687	0.000873824	0.00107671	0.00140558	0.00198024	0.00127148	0.00127332	0.00103846	0.000379863	0.000118195	1.03752e-005	1.82165e-006	
7.2	0.00344241	0.00076096	0.000604575	0.000648475	0.000712265	0.000807214	0.000613298	0.000701841	0.000829039	0.00102138	0.00133306	0.00187763	0.00120619	0.00120782	0.000984984	0.000360319	0.000112113	9.84128e-006	1.7279e-006	
7.3	0.00325136	0.000722049	0.000573639	0.000615287	0.000675812	0.00076589	0.000581876	0.000665842	0.000786437	0.000968744	0.00126409	0.00178006	0.00114404	0.00114546	0.000934072	0.00034171	0.00010632	9.33287e-006	1.63863e-006	
7.4	0.0030712	0.000685091	0.000544248	0.000583748	0.000641157	0.000726595	0.00055199	0.000631598	0.000745908	0.00091867	0.00119849	0.00168727	0.00108486	0.00108609	0.000885591	0.000323986	0.000100804	8.84865e-006	1.55361e-006	
7.5	0.0029013	0.000649986	0.000516322	0.000553772	0.00060821	0.000689223	0.000523561	0.000599018	0.000707345	0.000871027	0.00113607	0.00159902	0.0010285	0.00102953	0.000839416	0.000307101	9.55486e-005	8.38736e-006	1.47262e-006	
7.6	0.00274104	0.000616637	0.000489785	0.000525278	0.000576881	0.000653675	0.000496513	0.000568018	0.000670648	0.000825687	0.00107668	0.00151505	0.000974817	0.000975651	0.000795424	0.000291011	9.05409e-005	7.94778e-006	1.39544e-006	
7.7	0.00258985	0.000584953	0.000464565	0.000498189	0.000547088	0.000619858	0.000470777	0.000538514	0.000635719	0.00078253	0.00102015	0.00143515	0.000923662	0.000924303	0.000753496	0.000275673	8.57672e-005	7.52872e-006	1.32186e-006	
7.8	0.0024472	0.000554847	0.000440592	0.000472431	0.000518749	0.000587681	0.000446281	0.000510428	0.000602465	0.000741439	0.000966335	0.00135909	0.000874901	0.000875349	0.000713518	0.000261045	8.12145e-005	7.12905e-006	1.25168e-006	
7.9	0.00231259	0.000526234	0.000417801	0.000447935	0.000491787	0.000557056	0.000422962	0.000483686	0.000570795	0.000702304	0.000915077	0.00128665	0.000828401	0.000828653	0.00067538	0.000247086	7.68701e-005	6.74765e-006	1.18472e-006	
8	0.00218555	0.000499035	0.000396128	0.000424632	0.000466129	0.000527901	0.000400754	0.000458213	0.000540623	0.000665015	0.000866237	0.00121762	0.000784033	0.000784086	0.000638973	0.000233758	7.27217e-005	6.38344e-006	1.12077e-006	
8.1	0.00206563	0.000473174	0.000375513	0.000402458	0.000441704	0.000500134	0.000379599	0.00043394	0.000511868	0.000629471	0.000819679	0.00115182	0.000741673	0.00074152	0.000604193	0.00022102	6.87573e-005	6.03536e-006	1.05966e-006	
8.2	0.00195242	0.000448578	0.000355898	0.000381351	0.000418444	0.000473681	0.000359436	0.0004108	0.000484447	0.000595571	0.000775268	0.00108905	0.0007012	0.000700832	0.000570937	0.000208836	6.49649e-005	5.70238e-006	1.0012e-006	
8.3	0.00184553	0.000425178	0.000337228	0.000361251	0.000396284	0.000448465	0.000340209	0.000388727	0.000458284	0.000563217	0.000732876	0.00102912	0.000662495	0.000661902	0.000539103	0.000197168	6.1333e-005	5.38345e-006	9.45202e-007	
8.4	0.00174459	0.000402905	0.000319448	0.000342101	0.000375159	0.000424414	0.000321863	0.000367658	0.000433303	0.000532317	0.000692378	0.000971852	0.000625444	0.000624609	0.000508591	0.000185979	5.78499e-005	5.07756e-006	8.91497e-007	
8.5	0.00164924	0.000381695	0.000302507	0.000323845	0.000355008	0.000401459	0.000304344	0.000347532	0.000409431	0.000502778	0.000653651	0.000917065	0.000589931	0.000588837	0.000479303	0.000175231	5.45039e-005	4.78368e-006	8.39901e-007	
8.6	0.00155918	0.000361483	0.000286354	0.000306427	0.000335771	0.000379531	0.0002876	0.000328288	0.000386595	0.000474509	0.000616574	0.000864586	0.000555843	0.000554468	0.000451139	0.000164888	5.12833e-005	4.50077e-006	7.90232e-007	
8.7	0.00147408	0.000342209	0.000270938	0.000289793	0.000317388	0.00035856	0.000271578	0.000309864	0.000364723	0.000447421	0.000581028	0.000814241	0.000523068	0.000521385	0.000423996	0.00015491	4.81759e-005	4.22776e-006	7.423e-007	
8.8	0.00139366	0.00032381	0.000256211	0.000273891	0.000299799	0.00033848	0.000256226	0.000292202	0.000343743	0.000421423	0.000546892	0.000765853	0.00049149	0.000489468	0.000397773	0.000145259	4.5169e-005	3.96352e-006	6.9591e-007	
8.9	0.00131764	0.000306225	0.000242123	0.000258666	0.000282945	0.00031922	0.000241491	0.000275239	0.000323581	0.000396423	0.000514043	0.000719245	0.000460994	0.000458595	0.000372362	0.000135892	4.22495e-005	3.70687e-006	6.50853e-007	
9	0.00124576	0.000289392	0.000228623	0.000244061	0.000266761	0.00030071	0.000227317	0.00025891	0.00030416	0.000372324	0.000482353	0.000674231	0.000431457	0.000428639	0.00034765	0.000126764	3.94027e-005	3.4565e-006	6.06902e-007	
9.1	0.00117778	0.000273247	0.000215658	0.000230021	0.000251185	0.000282872	0.000213646	0.000243149	0.000285399	0.000349026	0.000451686	0.000630613	0.000402749	0.000399463	0.000323514	0.000117827	3.66125e-005	3.21097e-006	5.638e-007	
9.2	0.00111346	0.000257723	0.000203173	0.000216482	0.000236145	0.000265626	0.000200414	0.00022788	0.000267208	0.000326414	0.000421891	0.000588171	0.000374729	0.000370919	0.000299822	0.000109026	3.38606e-005	2.96859e-006	5.21254e-007	
9.3	0.00105257	0.000242747	0.000191107	0.000203377	0.000221564	0.000248881	0.000187549	0.00021302	0.000249485	0.00030436	0.000392796	0.000546654	0.000347232	0.000342839	0.000276422	0.000100297	3.11251e-005	2.72733e-006	4.78906e-007	
9.4	0.000994891	0.000228241	0.000179393	0.00019063	0.000207354	0.00023253	0.000174968	0.000198471	0.000232112	0.000282711	0.000364193	0.000505757	0.000320062	0.000315019	0.000253136	9.15643e-005	2.83787e-005	2.4846e-006	4.36306e-007	
9.5	0.000940221	0.000214114	0.000167955	0.000178153	0.000193413	0.000216451	0.000162573	0.000184113	0.000214941	0.000261281	0.000335823	0.000465092	0.000292968	0.000287205	0.000229739	8.27328e-005	2.55861e-005	2.23697e-006	3.92845e-007	
9.6	0.00088835	0.000200263	0.000156702	0.000165843	0.000179618	0.000200495	0.000150242	0.000169802	0.000197789	0.000239826	0.000307349	0.00042414	0.000265608	0.000259041	0.000205928	7.36771e-005	2.26986e-005	1.97948e-006	3.47637e-007	
9.7	0.000839075	0.000186567	0.000145528	0.000153574	0.000165818	0.000184473	0.000137821	0.000155348	0.000180419	0.000218029	0.000278311	0.000382166	0.000237491	0.000229999	0.000181236	6.42118e-005	1.96433e-005	1.70438e-006	2.99258e-007	
9.8	0.00079219	0.000172879	0.000134301	0.000141191	0.000151825	0.000168148	0.000125112	0.000140506	0.00016251	0.000195455	0.000248064	0.000338095	0.000207861	0.000199222	0.000154842	5.40084e-005	1.62983e-005	1.39809e-006	2.45049e-007	
9.9	0.000747485	0.000159019	0.00012286	0.000128499	0.000137398	0.000151213	0.000111853	0.000124946	0.000143631	0.000171498	0.000215679	0.000290292	0.000175518	0.000165225	0.000125105	4.23085e-005	1.23871e-005	1.03135e-006	1.78735e-007	
10	0.00070474	0.000144766	0.000111001	0.000115251	0.000122226	0.000133263	9.76949e-005	0.000108221	0.000123182	0.000145296	0.000179789	0.000236219	0.000138474	0.0001253	8.83846e-005	2.68322e-005	6.72025e-006	4.63782e-007	6.77745e-008	