Fluxo Escalar FINAL	ITER= 24	Erro= 9.44875e-007	RaioEspextral= 0.290782
____________________________________________
Pos	Fluxo Escalar MultiGrupo
____________________________________________
 		g= 1		g= 2		g= 3		g= 4		g= 5		g= 6		g= 7		g= 8		g= 9		g= 10		g= 11		g= 12		g= 13		g= 14		g= 15		g= 16		g= 17		g= 18		g= 19		
0	0.507947	0.0159391	0.0118752	0.011953	0.0122378	0.0128606	0.00918487	0.00999963	0.0112803	0.013364	0.0169441	0.0231866	0.00916991	0.00818977	0.00575832	0.00163793	0.000414465	2.83954e-005	4.17812e-006	
0.04	0.471388	0.0175066	0.0130781	0.0131978	0.0135519	0.0142908	0.0102414	0.011187	0.0126716	0.0150924	0.0192776	0.0266813	0.0106372	0.00968509	0.0070698	0.00213956	0.000600773	4.71502e-005	8.01428e-006	
0.08	0.441345	0.0185678	0.0138944	0.0140448	0.014449	0.01527	0.010966	0.0120015	0.013624	0.0162691	0.0208491	0.0289941	0.0117406	0.0107857	0.00799271	0.00247306	0.000712296	5.75138e-005	9.89296e-006	
0.12	0.416004	0.019285	0.0144508	0.0146273	0.0150721	0.0159575	0.0114791	0.0125821	0.0143067	0.0171161	0.0219826	0.030668	0.0126425	0.0116942	0.00876858	0.00276624	0.00081603	6.77285e-005	1.1852e-005	
0.16	0.394124	0.0197642	0.0148288	0.0150295	0.01551	0.0164498	0.0118521	0.0130092	0.0148147	0.0177527	0.0228429	0.031955	0.0134124	0.0124803	0.00944909	0.00302521	0.000903584	7.57535e-005	1.32504e-005	
0.2	0.374845	0.0200753	0.0150815	0.0153054	0.0158186	0.0168062	0.0121279	0.0133302	0.0152024	0.0182454	0.0235172	0.0329791	0.0140837	0.0131735	0.0100537	0.00325693	0.000982083	8.3197e-005	1.46299e-005	
0.24	0.357572	0.0202648	0.0152434	0.01549	0.0160335	0.0170639	0.0123331	0.013574	0.0155022	0.0186325	0.0240545	0.0338069	0.0146743	0.0137893	0.0105939	0.0034656	0.00105203	8.9607e-005	1.57387e-005	
0.28	0.341884	0.0203641	0.0153378	0.0156063	0.0161782	0.0172471	0.0124845	0.0137586	0.0157342	0.0189376	0.0244842	0.0344781	0.0151957	0.0143378	0.0110777	0.00365408	0.0011149	9.54265e-005	1.67918e-005	
0.32	0.32748	0.0203946	0.0153804	0.0156699	0.0162681	0.0173718	0.0125932	0.0138958	0.0159116	0.019176	0.0248254	0.035019	0.015656	0.0148263	0.0115113	0.00382451	0.00117145	0.00010059	1.76877e-005	
0.36	0.314143	0.0203715	0.0153824	0.0156917	0.0163141	0.017449	0.012667	0.0139941	0.0160435	0.0193583	0.0250917	0.0354486	0.0160617	0.0152608	0.0118996	0.00397854	0.00122234	0.000105245	1.85176e-005	
0.4	0.301712	0.0203056	0.0153516	0.0156794	0.0163241	0.0174866	0.0127115	0.0140593	0.0161367	0.0194926	0.0252935	0.0357818	0.016418	0.0156463	0.0122465	0.00411752	0.0012681	0.000109407	1.92425e-005	
0.44	0.290064	0.020205	0.0152938	0.015639	0.0163038	0.0174909	0.012731	0.0140961	0.0161964	0.0195852	0.0254388	0.0360305	0.0167291	0.0159869	0.0125556	0.00424263	0.00130916	0.000113142	1.9903e-005	
0.48	0.279106	0.0200757	0.0152135	0.0155748	0.0162578	0.0174664	0.0127288	0.0141082	0.0162268	0.019641	0.0255345	0.0362046	0.0169991	0.0162863	0.0128297	0.00435487	0.0013459	0.000116478	2.04854e-005	
0.52	0.268763	0.0199226	0.0151143	0.0154904	0.0161898	0.017417	0.0127078	0.0140986	0.0162314	0.0196644	0.0255862	0.0363127	0.0172312	0.0165477	0.0130715	0.00445514	0.00137866	0.000119452	2.1009e-005	
0.56	0.258975	0.0197493	0.014999	0.0153886	0.0161026	0.0173459	0.0126701	0.0140699	0.0162131	0.019659	0.0255987	0.0363621	0.0174284	0.0167738	0.0132833	0.00454425	0.00140773	0.000122091	2.14703e-005	
0.6	0.249691	0.019559	0.01487	0.0152719	0.0159988	0.0172558	0.0126178	0.0140243	0.0161746	0.019628	0.0255765	0.0363589	0.0175936	0.0169675	0.0134673	0.00462294	0.00143337	0.000124421	2.18794e-005	
0.64	0.240871	0.0193543	0.0147292	0.0151422	0.0158805	0.017149	0.0125527	0.0139638	0.016118	0.0195742	0.0255231	0.0363089	0.017729	0.0171309	0.0136253	0.0046919	0.00145582	0.000126464	2.22367e-005	
0.68	0.232478	0.0191375	0.0145783	0.0150014	0.0157497	0.0170275	0.0124761	0.0138899	0.0160454	0.0195001	0.0254419	0.0362169	0.017837	0.0172662	0.0137592	0.00475174	0.0014753	0.00012824	2.25481e-005	
0.72	0.22448	0.0189104	0.0144188	0.014851	0.0156078	0.0168932	0.0123895	0.0138043	0.0159585	0.0194077	0.0253358	0.0360871	0.0179196	0.0173755	0.0138706	0.00480306	0.00149202	0.000129769	2.28153e-005	
0.76	0.216849	0.0186746	0.014252	0.0146924	0.0154565	0.0167475	0.0122939	0.0137082	0.0158588	0.019299	0.0252074	0.0359236	0.0179786	0.0174605	0.0139611	0.00484641	0.00150615	0.000131067	2.30425e-005	
0.8	0.209562	0.0184317	0.014079	0.0145266	0.0152968	0.016592	0.0121906	0.0136028	0.0157478	0.0191757	0.0250589	0.0357296	0.0180159	0.0175229	0.0140319	0.00488228	0.00151788	0.000132149	2.32316e-005	
0.84	0.202595	0.0181828	0.0139008	0.0143547	0.01513	0.0164278	0.0120803	0.0134892	0.0156266	0.0190394	0.0248924	0.0355083	0.0180329	0.0175643	0.0140845	0.00491117	0.00152735	0.000133031	2.33856e-005	
0.88	0.195929	0.0179291	0.0137182	0.0141778	0.0149571	0.0162561	0.0119639	0.0133683	0.0154965	0.0188915	0.0247099	0.0352624	0.0180311	0.0175861	0.0141201	0.00493352	0.00153473	0.000133726	2.35068e-005	
0.92	0.189546	0.0176716	0.013532	0.0139965	0.0147789	0.0160778	0.0118422	0.013241	0.0153584	0.0187332	0.024513	0.0349946	0.018012	0.0175898	0.0141399	0.00494976	0.00154015	0.000134247	2.35973e-005	
0.96	0.183428	0.0174111	0.013343	0.0138116	0.0145962	0.0158938	0.0117158	0.013108	0.0152132	0.0185657	0.0243032	0.034707	0.0179768	0.0175765	0.0141448	0.00496028	0.00154374	0.000134605	2.36593e-005	
1	0.177561	0.0171483	0.0131517	0.0136239	0.0144098	0.0157051	0.0115854	0.01297	0.0150617	0.0183899	0.024082	0.0344017	0.0179267	0.0175475	0.014136	0.00496546	0.00154563	0.00013481	2.36947e-005	
1.04	0.171931	0.0168841	0.0129587	0.0134338	0.0142203	0.0155121	0.0114515	0.0128277	0.0149047	0.0182069	0.0238505	0.0340807	0.0178628	0.017504	0.0141144	0.00496565	0.00154593	0.000134875	2.37052e-005	
1.08	0.166524	0.0166189	0.0127644	0.0132418	0.0140282	0.0153158	0.0113145	0.0126816	0.0147428	0.0180174	0.0236099	0.0337456	0.0177862	0.0174468	0.0140809	0.00496118	0.00154475	0.000134807	2.36926e-005	
1.12	0.161329	0.0163534	0.0125694	0.0130486	0.0138342	0.0151165	0.0111751	0.0125323	0.0145768	0.0178223	0.0233613	0.0333981	0.0176978	0.0173771	0.0140363	0.00495238	0.00154219	0.000134617	2.36584e-005	
1.16	0.156334	0.0160879	0.0123739	0.0128544	0.0136386	0.0149149	0.0110334	0.0123802	0.014407	0.0176221	0.0231056	0.0330395	0.0175985	0.0172957	0.0139814	0.00493954	0.00153834	0.000134313	2.36042e-005	
1.2	0.15153	0.015823	0.0121784	0.0126597	0.0134418	0.0147114	0.01089	0.0122257	0.0142342	0.0174177	0.0228438	0.0326711	0.0174892	0.0172036	0.0139169	0.00492294	0.00153331	0.000133903	2.35314e-005	
1.24	0.146906	0.015559	0.0119831	0.0124648	0.0132444	0.0145065	0.0107451	0.0120692	0.0140586	0.0172095	0.0225765	0.0322943	0.0173707	0.0171014	0.0138437	0.00490284	0.00152717	0.000133393	2.34413e-005	
1.28	0.142453	0.0152962	0.0117883	0.0122699	0.0130465	0.0143005	0.0105991	0.0119111	0.0138807	0.0169982	0.0223046	0.0319101	0.0172437	0.0169901	0.0137623	0.0048795	0.00152	0.000132793	2.33352e-005	
1.32	0.138164	0.0150349	0.0115943	0.0120755	0.0128485	0.0140939	0.0104522	0.0117517	0.013701	0.0167841	0.0220287	0.0315195	0.017109	0.0168703	0.0136733	0.00485316	0.00151188	0.000132107	2.32142e-005	
1.36	0.134031	0.0147754	0.0114012	0.0118816	0.0126507	0.0138868	0.0103047	0.0115913	0.0135198	0.0165678	0.0217494	0.0311234	0.0169671	0.0167427	0.0135774	0.00482403	0.00150288	0.000131343	2.30794e-005	
1.4	0.130046	0.014518	0.0112093	0.0116886	0.0124533	0.0136797	0.0101568	0.0114302	0.0133373	0.0163497	0.0214673	0.0307228	0.0168187	0.0166079	0.0134751	0.00479232	0.00149306	0.000130507	2.29319e-005	
1.44	0.126202	0.0142627	0.0110188	0.0114966	0.0122566	0.0134728	0.0100088	0.0112686	0.013154	0.0161301	0.021183	0.0303185	0.0166644	0.0164665	0.0133669	0.00475824	0.0014825	0.000129604	2.27727e-005	
1.48	0.122493	0.0140099	0.0108298	0.0113058	0.0120607	0.0132663	0.00986073	0.0111067	0.0129701	0.0159095	0.0208969	0.0299111	0.0165047	0.0163192	0.0132533	0.00472197	0.00147125	0.000128639	2.26026e-005	
1.52	0.118914	0.0137596	0.0106423	0.0111163	0.0118658	0.0130604	0.00971286	0.0109447	0.0127858	0.015688	0.0206095	0.0295014	0.0163402	0.0161664	0.0131348	0.0046837	0.00145936	0.000127617	2.24227e-005	
1.56	0.115457	0.013512	0.0104567	0.0109283	0.0116721	0.0128554	0.00956533	0.0107829	0.0126014	0.0154662	0.0203211	0.0290899	0.0161713	0.0160086	0.0130118	0.00464358	0.00144689	0.000126544	2.22336e-005	
1.6	0.112119	0.0132673	0.0102728	0.0107419	0.0114797	0.0126515	0.00941829	0.0106214	0.012417	0.0152441	0.0200322	0.0286773	0.0159985	0.0158464	0.0128847	0.00460178	0.00143389	0.000125423	2.20363e-005	
1.64	0.108893	0.0130254	0.0100909	0.0105572	0.0112888	0.0124486	0.00927186	0.0104603	0.0122329	0.0150221	0.0197432	0.0282641	0.0158221	0.0156801	0.012754	0.00455845	0.00142041	0.000124258	2.18313e-005	
1.68	0.105775	0.0127865	0.00991109	0.0103743	0.0110995	0.0122472	0.00912617	0.0102998	0.0120493	0.0148004	0.0194542	0.0278508	0.0156426	0.0155102	0.0126199	0.00451372	0.00140649	0.000123055	2.16194e-005	
1.72	0.102762	0.0125508	0.00973331	0.0101934	0.0109119	0.0120471	0.00898131	0.0101401	0.0118663	0.0145791	0.0191657	0.0274377	0.0154604	0.015337	0.0124829	0.00446773	0.00139217	0.000121815	2.14013e-005	
1.76	0.0998473	0.0123181	0.00955769	0.0100144	0.010726	0.0118487	0.0088374	0.0099812	0.011684	0.0143586	0.0188778	0.0270255	0.0152758	0.015161	0.0123432	0.00442061	0.0013775	0.000120544	2.11776e-005	
1.8	0.0970283	0.0120886	0.00938427	0.0098374	0.010542	0.0116519	0.00869451	0.00982326	0.0115027	0.014139	0.0185909	0.0266143	0.0150892	0.0149825	0.0122011	0.00437246	0.0013625	0.000119244	2.09488e-005	
1.84	0.0943009	0.0118624	0.00921309	0.00966252	0.0103599	0.0114569	0.00855274	0.00966637	0.0113223	0.0139204	0.0183052	0.0262047	0.0149008	0.0148018	0.012057	0.00432341	0.00134722	0.000117917	2.07155e-005	
1.88	0.0916614	0.0116394	0.0090442	0.00948978	0.0101799	0.0112638	0.00841214	0.00951063	0.0111431	0.013703	0.0180208	0.0257968	0.0147109	0.0146192	0.0119111	0.00427356	0.00133169	0.000116568	2.04783e-005	
1.92	0.0891064	0.0114197	0.00887761	0.00931921	0.0100018	0.0110726	0.00827278	0.00935612	0.0109652	0.0134869	0.0177381	0.025391	0.0145198	0.014435	0.0117636	0.00422299	0.00131593	0.000115199	2.02374e-005	
1.96	0.0866326	0.0112033	0.00871335	0.00915086	0.00982591	0.0108834	0.00813473	0.00920291	0.0107886	0.0132723	0.0174571	0.0249876	0.0143278	0.0142495	0.0116148	0.00417182	0.00129998	0.000113813	1.99936e-005	
2	0.084237	0.0109902	0.00855145	0.00898475	0.00965214	0.0106963	0.00799804	0.00905106	0.0106134	0.0130592	0.017178	0.0245869	0.0141351	0.0140629	0.011465	0.00412012	0.00128386	0.000112411	1.97471e-005	
2.04	0.0819166	0.0107804	0.00839191	0.0088209	0.00948054	0.0105113	0.00786274	0.00890063	0.0104397	0.0128479	0.0169009	0.0241889	0.0139419	0.0138755	0.0113142	0.00406797	0.00126761	0.000110996	1.94983e-005	
2.08	0.0796685	0.0105739	0.00823474	0.00865934	0.00931115	0.0103284	0.00772889	0.00875169	0.0102676	0.0126383	0.0166261	0.023794	0.0137484	0.0136875	0.0111628	0.00401546	0.00125124	0.000109571	1.92477e-005	
2.12	0.0774901	0.0103708	0.00807996	0.00850008	0.00914399	0.0101478	0.00759652	0.00860427	0.0100971	0.0124305	0.0163536	0.0234024	0.0135549	0.0134991	0.0110109	0.00396265	0.00123477	0.000108137	1.89956e-005	
2.16	0.0753788	0.0101709	0.00792755	0.00834312	0.00897908	0.00996938	0.00746567	0.00845843	0.00992829	0.0122247	0.0160835	0.0230142	0.0133614	0.0133105	0.0108587	0.00390962	0.00121824	0.000106696	1.87423e-005	
2.2	0.0733321	0.00997437	0.00777752	0.00818848	0.00881645	0.00979323	0.00733635	0.00831419	0.00976124	0.0120209	0.015816	0.0226295	0.0131683	0.0131219	0.0107063	0.00385641	0.00120165	0.00010525	1.84881e-005	
2.24	0.0713478	0.00978109	0.00762986	0.00803615	0.0086561	0.00961936	0.0072086	0.00817159	0.00959598	0.0118192	0.015551	0.0222486	0.0129755	0.0129335	0.0105539	0.00380311	0.00118503	0.000103801	1.82333e-005	
2.28	0.0694236	0.00959106	0.00748457	0.00788614	0.00849803	0.0094478	0.00708243	0.00803066	0.00943254	0.0116196	0.0152888	0.0218715	0.0127834	0.0127454	0.0104017	0.00374975	0.00116839	0.00010235	1.79782e-005	
2.32	0.0675574	0.00940426	0.00734163	0.00773844	0.00834226	0.00927857	0.00695787	0.00789142	0.00927097	0.0114221	0.0150294	0.0214983	0.0125919	0.0125577	0.0102497	0.00369639	0.00115175	0.000100899	1.77231e-005	
2.36	0.0657471	0.00922067	0.00720104	0.00759304	0.00818879	0.00911166	0.00683492	0.00775391	0.0091113	0.0112269	0.0147728	0.0211292	0.0124013	0.0123707	0.0100981	0.00364309	0.00113513	9.94482e-005	1.74682e-005	
2.4	0.0639908	0.00904026	0.00706277	0.00744995	0.00803761	0.0089471	0.0067136	0.00761812	0.00895354	0.011034	0.0145191	0.0207642	0.0122116	0.0121844	0.00994696	0.00358988	0.00111854	9.8e-005	1.72136e-005	
2.44	0.0622867	0.008863	0.00692682	0.00730914	0.00788873	0.00878488	0.00659392	0.00748409	0.00879773	0.0108433	0.0142683	0.0204035	0.0120231	0.011999	0.00979644	0.00353681	0.00110199	9.65553e-005	1.69597e-005	
2.48	0.0606328	0.00868886	0.00679316	0.0071706	0.00774213	0.00862501	0.00647589	0.00735182	0.00864389	0.010655	0.0140206	0.020047	0.0118356	0.0118145	0.00964664	0.00348392	0.00108549	9.5115e-005	1.67065e-005	
2.52	0.0590276	0.0085178	0.00666178	0.00703433	0.0075978	0.00846748	0.0063595	0.00722132	0.00849202	0.010469	0.0137758	0.0196949	0.0116495	0.0116311	0.00949762	0.00343124	0.00106907	9.36803e-005	1.64544e-005	
2.56	0.0574693	0.00834981	0.00653265	0.00690031	0.00745575	0.0083123	0.00624476	0.0070926	0.00834215	0.0102853	0.0135342	0.0193472	0.0114647	0.0114489	0.00934949	0.00337881	0.00105272	9.22521e-005	1.62034e-005	
2.6	0.0559564	0.00818483	0.00640576	0.00676851	0.00731595	0.00815946	0.00613168	0.00696566	0.00819428	0.0101041	0.0132956	0.0190039	0.0112813	0.0112679	0.00920232	0.00332666	0.00103646	9.08313e-005	1.59537e-005	
2.64	0.0544874	0.00802283	0.00628108	0.00663892	0.00717839	0.00800895	0.00602024	0.00684051	0.00804842	0.00992522	0.0130602	0.0186652	0.0110995	0.0110883	0.00905618	0.00327483	0.00102029	8.94187e-005	1.57055e-005	
2.68	0.0530608	0.00786379	0.00615858	0.00651152	0.00704306	0.00786075	0.00591045	0.00671714	0.00790457	0.00974878	0.0128278	0.0183309	0.0109192	0.0109101	0.00891113	0.00322332	0.00100423	8.80151e-005	1.54588e-005	
2.72	0.0516752	0.00770765	0.00603825	0.0063863	0.00690994	0.00771487	0.00580231	0.00659556	0.00776275	0.00957476	0.0125987	0.0180011	0.0107405	0.0107334	0.00876725	0.00317218	0.000988284	8.66211e-005	1.52139e-005	
2.76	0.0503293	0.00755438	0.00592006	0.00626322	0.00677902	0.00757128	0.0056958	0.00647576	0.00762294	0.00940315	0.0123726	0.017676	0.0105636	0.0105583	0.00862459	0.00312143	0.000972458	8.52375e-005	1.49707e-005	
2.8	0.0490218	0.00740395	0.00580397	0.00614226	0.00665026	0.00742998	0.00559092	0.00635774	0.00748515	0.00923396	0.0121498	0.0173553	0.0103883	0.0103848	0.00848319	0.00307108	0.000956758	8.38647e-005	1.47295e-005	
2.84	0.0477514	0.0072563	0.00568998	0.00602341	0.00652367	0.00729094	0.00548767	0.00624149	0.00734937	0.0090672	0.0119301	0.0170392	0.0102149	0.0102129	0.00834311	0.00302116	0.000941192	8.25034e-005	1.44903e-005	
2.88	0.046517	0.00711142	0.00557804	0.00590664	0.0063992	0.00715414	0.00538603	0.00612701	0.00721559	0.00890285	0.0117135	0.0167277	0.0100433	0.0100427	0.00820439	0.00297168	0.000925764	8.11541e-005	1.42532e-005	
2.92	0.0453174	0.00696924	0.00546814	0.00579193	0.00627685	0.00701958	0.00528598	0.00601428	0.00708382	0.00874091	0.0115001	0.0164208	0.00987353	0.00987435	0.00806706	0.00292267	0.00091048	7.98172e-005	1.40183e-005	
2.96	0.0441515	0.00682974	0.00536024	0.00567924	0.00615659	0.00688723	0.00518753	0.00590329	0.00695404	0.00858138	0.0112899	0.0161184	0.00970568	0.00970775	0.00793117	0.00287413	0.000895345	7.84932e-005	1.37857e-005	
3	0.0430182	0.00669287	0.00525432	0.00556856	0.0060384	0.00675707	0.00509066	0.00579404	0.00682625	0.00842425	0.0110828	0.0158205	0.00953976	0.00954299	0.00779675	0.00282608	0.000880362	7.71823e-005	1.35554e-005	
3.04	0.0419165	0.0065586	0.00515035	0.00545986	0.00592225	0.00662909	0.00499536	0.00568652	0.00670042	0.0082695	0.0108788	0.0155272	0.0093758	0.00938008	0.00766381	0.00277852	0.000865536	7.5885e-005	1.33274e-005	
3.08	0.0408454	0.00642688	0.00504831	0.00535311	0.00580812	0.00650325	0.00490161	0.0055807	0.00657656	0.00811712	0.0106779	0.0152384	0.00921381	0.00921907	0.0075324	0.00273149	0.00085087	7.46016e-005	1.3102e-005	
3.12	0.039804	0.00629767	0.00494815	0.00524828	0.00569599	0.00637953	0.0048094	0.00547659	0.00645464	0.00796711	0.0104801	0.014954	0.00905382	0.00905997	0.00740252	0.00268497	0.000836367	7.33323e-005	1.2879e-005	
3.16	0.0387914	0.00617093	0.00484986	0.00514536	0.00558583	0.00625792	0.00471871	0.00537415	0.00633466	0.00781944	0.0102855	0.0146742	0.00889584	0.00890281	0.00727421	0.00263898	0.00082203	7.20774e-005	1.26585e-005	
3.2	0.0378066	0.00604663	0.00475341	0.00504431	0.00547762	0.00613839	0.00462954	0.00527339	0.00621659	0.0076741	0.0100938	0.0143987	0.00873988	0.0087476	0.00714747	0.00259354	0.000807861	7.08372e-005	1.24406e-005	
3.24	0.0368489	0.00592472	0.00465877	0.00494511	0.00537133	0.00602092	0.00454185	0.00517428	0.00610042	0.00753107	0.00990524	0.0141277	0.00858596	0.00859436	0.00702232	0.00254863	0.000793862	6.96117e-005	1.22253e-005	
3.28	0.0359173	0.00580516	0.00456591	0.00484773	0.00526693	0.00590547	0.00445565	0.0050768	0.00598615	0.00739033	0.00971967	0.013861	0.00843408	0.0084431	0.00689877	0.00250428	0.000780035	6.84011e-005	1.20126e-005	
3.32	0.0350111	0.00568791	0.00447481	0.00475215	0.00516441	0.00579204	0.00437091	0.00498095	0.00587374	0.00725187	0.00953709	0.0135986	0.00828426	0.00829383	0.00677684	0.00246049	0.000766381	6.72057e-005	1.18026e-005	
3.36	0.0341295	0.00557294	0.00438543	0.00465833	0.00506373	0.00568058	0.00428761	0.0048867	0.00576318	0.00711567	0.00935748	0.0133406	0.00813648	0.00814656	0.00665652	0.00241725	0.000752903	6.60255e-005	1.15953e-005	
3.4	0.0332718	0.00546021	0.00429774	0.00456625	0.00496487	0.00557109	0.00420574	0.00479404	0.00565445	0.00698169	0.00918081	0.0130868	0.00799077	0.0080013	0.00653783	0.00237458	0.0007396	6.48606e-005	1.13907e-005	
3.44	0.0324373	0.00534967	0.00421173	0.00447589	0.0048678	0.00546352	0.00412529	0.00470295	0.00554754	0.00684993	0.00900705	0.0128372	0.00784711	0.00785803	0.00642076	0.00233247	0.000726474	6.37111e-005	1.11887e-005	
3.48	0.0316253	0.0052413	0.00412736	0.00438721	0.00477251	0.00535786	0.00404623	0.0046134	0.00544242	0.00672036	0.00883617	0.0125918	0.0077055	0.00771678	0.00630533	0.00229093	0.000713525	6.2577e-005	1.09895e-005	
3.52	0.030835	0.00513504	0.00404461	0.0043002	0.00467895	0.00525408	0.00396854	0.0045254	0.00533907	0.00659296	0.00866815	0.0123506	0.00756594	0.00757753	0.00619152	0.00224996	0.000700753	6.14584e-005	1.0793e-005	
3.56	0.030066	0.00503087	0.00396344	0.00421482	0.00458711	0.00515215	0.00389222	0.0044389	0.00523748	0.0064677	0.00850296	0.0121134	0.00742842	0.00744029	0.00607935	0.00220956	0.00068816	6.03553e-005	1.05992e-005	
3.6	0.0293175	0.00492875	0.00388384	0.00413105	0.00449695	0.00505206	0.00381723	0.00435391	0.00513762	0.00634456	0.00834057	0.0118803	0.00729294	0.00730504	0.0059688	0.00216972	0.000675744	5.92677e-005	1.04082e-005	
3.64	0.0285889	0.00482864	0.00380577	0.00404886	0.00440847	0.00495376	0.00374357	0.00427039	0.00503948	0.00622351	0.00818094	0.0116512	0.00715949	0.00717179	0.00585988	0.00213046	0.000663506	5.81956e-005	1.02199e-005	
3.68	0.0278797	0.0047305	0.00372922	0.00396822	0.00432162	0.00485724	0.00367122	0.00418833	0.00494303	0.00610454	0.00802404	0.011426	0.00702806	0.00704052	0.00575257	0.00209177	0.000651445	5.7139e-005	1.00343e-005	
3.72	0.0271892	0.00463431	0.00365414	0.00388912	0.00423638	0.00476247	0.00360015	0.00410771	0.00484825	0.00598762	0.00786984	0.0112048	0.00689864	0.00691123	0.00564688	0.00205364	0.000639562	5.60979e-005	9.85139e-006	
3.76	0.0265171	0.00454001	0.00358052	0.00381153	0.00415273	0.00466943	0.00353036	0.00402851	0.00475513	0.00587271	0.00771831	0.0109874	0.00677121	0.00678391	0.00554279	0.00201608	0.000627855	5.50721e-005	9.67122e-006	
3.8	0.0258626	0.00444759	0.00350833	0.00373541	0.00407065	0.00457809	0.00346181	0.00395071	0.00466363	0.00575981	0.00756942	0.0107738	0.00664577	0.00665855	0.0054403	0.00197908	0.000616324	5.40617e-005	9.49374e-006	
3.84	0.0252254	0.004357	0.00343755	0.00366075	0.0039901	0.00448841	0.0033945	0.00387429	0.00457374	0.00564887	0.00742313	0.010564	0.0065223	0.00653514	0.00533939	0.00194264	0.000604967	5.30666e-005	9.31896e-006	
3.88	0.0246049	0.00426822	0.00336815	0.00358752	0.00391106	0.00440039	0.00332841	0.00379924	0.00448543	0.00553988	0.00727941	0.010358	0.00640079	0.00641365	0.00524006	0.00190676	0.000593785	5.20868e-005	9.14684e-006	
3.92	0.0240006	0.0041812	0.00330011	0.0035157	0.00383351	0.00431399	0.00326351	0.00372553	0.00439869	0.00543281	0.00713822	0.0101556	0.00628121	0.00629409	0.0051423	0.00187144	0.000582776	5.1122e-005	8.97738e-006	
3.96	0.0234121	0.00409591	0.0032334	0.00344526	0.00375743	0.00422919	0.0031998	0.00365314	0.00431349	0.00532764	0.00699954	0.00995678	0.00616356	0.00617643	0.0050461	0.00183666	0.000571939	5.01723e-005	8.81057e-006	
4	0.0228389	0.00401233	0.003168	0.00337617	0.00368278	0.00414596	0.00313724	0.00358206	0.00422982	0.00522433	0.00686332	0.00976156	0.00604782	0.00606066	0.00495143	0.00180244	0.000561273	4.92374e-005	8.64638e-006	
4.04	0.0222806	0.00393042	0.00310389	0.00330842	0.00360955	0.00406427	0.00307584	0.00351226	0.00414764	0.00512286	0.00672954	0.00956987	0.00593397	0.00594676	0.0048583	0.00176875	0.000550776	4.83175e-005	8.48479e-006	
4.08	0.0217369	0.00385015	0.00304103	0.00324199	0.00353771	0.00398411	0.00301555	0.00344373	0.00406694	0.00502321	0.00659816	0.00938165	0.00582199	0.00583472	0.00476668	0.00173561	0.000540448	4.74122e-005	8.32579e-006	
4.12	0.0212071	0.00377149	0.00297942	0.00317684	0.00346724	0.00390544	0.00295638	0.00337645	0.0039877	0.00492535	0.00646914	0.00919685	0.00571186	0.00572452	0.00467657	0.001703	0.000530287	4.65215e-005	8.16935e-006	
4.16	0.0206911	0.0036944	0.00291902	0.00311295	0.00339811	0.00382825	0.00289831	0.0033104	0.00390989	0.00482926	0.00634246	0.00901542	0.00560357	0.00561614	0.00458794	0.00167092	0.000520291	4.56453e-005	8.01545e-006	
4.2	0.0201884	0.00361886	0.00285981	0.00305031	0.00333031	0.00375251	0.0028413	0.00324556	0.0038335	0.00473491	0.00621807	0.00883732	0.00549709	0.00550956	0.00450079	0.00163937	0.000510458	4.47834e-005	7.86408e-006	
4.24	0.0196985	0.00354484	0.00280178	0.00298889	0.0032638	0.00367819	0.00278536	0.00318191	0.0037585	0.00464226	0.00609595	0.00866248	0.00539241	0.00540477	0.0044151	0.00160833	0.000500789	4.39357e-005	7.7152e-006	
4.28	0.0192213	0.00347231	0.00274489	0.00292866	0.00319857	0.00360528	0.00273046	0.00311943	0.00368487	0.00455131	0.00597606	0.00849088	0.0052895	0.00530174	0.00433085	0.00157781	0.000491279	4.31021e-005	7.56878e-006	
4.32	0.0187563	0.00340125	0.00268914	0.00286962	0.0031346	0.00353374	0.00267658	0.00305811	0.0036126	0.00446202	0.00585836	0.00832245	0.00518835	0.00520046	0.00424803	0.00154781	0.000481929	4.22824e-005	7.42482e-006	
4.36	0.0183031	0.00333161	0.00263449	0.00281173	0.00307185	0.00346356	0.0026237	0.00299792	0.00354165	0.00437436	0.00574283	0.00815714	0.00508893	0.00510091	0.00416662	0.0015183	0.000472737	4.14765e-005	7.28327e-006	
4.4	0.0178615	0.00326338	0.00258092	0.00275497	0.00301032	0.00339471	0.00257182	0.00293885	0.00347201	0.00428832	0.00562943	0.00799491	0.00499123	0.00500306	0.00408661	0.0014893	0.0004637	4.06842e-005	7.14412e-006	
4.44	0.0174312	0.00319652	0.00252843	0.00269933	0.00294998	0.00332717	0.00252092	0.00288088	0.00340365	0.00420386	0.00551813	0.00783571	0.00489522	0.00490689	0.00400797	0.00146079	0.000454817	3.99053e-005	7.00733e-006	
4.48	0.0170117	0.00313102	0.00247698	0.00264478	0.0028908	0.00326091	0.00247097	0.00282399	0.00333657	0.00412096	0.00540889	0.0076795	0.00480087	0.00481239	0.0039307	0.00143276	0.000446086	3.91398e-005	6.87288e-006	
4.52	0.016603	0.00306684	0.00242655	0.0025913	0.00283277	0.00319592	0.00242197	0.00276817	0.00327073	0.00403961	0.00530169	0.00752621	0.00470818	0.00471953	0.00385477	0.00140522	0.000437505	3.83874e-005	6.74075e-006	
4.56	0.0162045	0.00300396	0.00237713	0.00253888	0.00277587	0.00313218	0.00237389	0.00271339	0.00320612	0.00395976	0.00519648	0.00737581	0.00461711	0.0046283	0.00378017	0.00137815	0.000429073	3.7648e-005	6.6109e-006	
4.6	0.0158161	0.00294235	0.0023287	0.00248749	0.00272007	0.00306965	0.00232672	0.00265965	0.00314271	0.0038814	0.00509324	0.00722826	0.00452765	0.00453867	0.00370688	0.00135156	0.000420788	3.69215e-005	6.4833e-006	
4.64	0.0154376	0.002882	0.00228124	0.00243712	0.00266536	0.00300833	0.00228045	0.00260691	0.0030805	0.00380451	0.00499194	0.00708349	0.00443978	0.00445062	0.00363488	0.00132543	0.000412647	3.62077e-005	6.35793e-006	
4.68	0.0150685	0.00282286	0.00223473	0.00238774	0.00261172	0.00294818	0.00223506	0.00255517	0.00301945	0.00372905	0.00489254	0.00694147	0.00435347	0.00436413	0.00356416	0.00129976	0.000404649	3.55063e-005	6.23476e-006	
4.72	0.0147087	0.00276493	0.00218915	0.00233934	0.00255912	0.00288919	0.00219053	0.00250441	0.00295955	0.00365502	0.00479502	0.00680216	0.00426869	0.00427917	0.0034947	0.00127453	0.000396793	3.48173e-005	6.11376e-006	
4.76	0.014358	0.00270817	0.00214448	0.00229189	0.00250755	0.00283134	0.00214685	0.00245461	0.00290078	0.00358237	0.00469934	0.00666549	0.00418544	0.00419574	0.00342648	0.00124976	0.000389075	3.41406e-005	5.99491e-006	
4.8	0.014016	0.00265257	0.00210071	0.00224539	0.00245699	0.00277461	0.00210401	0.00240576	0.00284311	0.0035111	0.00460546	0.00653144	0.00410369	0.0041138	0.00335948	0.00122543	0.000381495	3.34758e-005	5.87816e-006	
4.84	0.0136825	0.00259809	0.00205782	0.00219981	0.00240742	0.00271897	0.00206199	0.00235783	0.00278654	0.00344117	0.00451337	0.00639996	0.00402341	0.00403333	0.00329369	0.00120153	0.00037405	3.28229e-005	5.7635e-006	
4.88	0.0133574	0.00254473	0.0020158	0.00215514	0.00235883	0.00266441	0.00202078	0.00231082	0.00273105	0.00337257	0.00442303	0.006271	0.00394458	0.00395432	0.00322909	0.00117806	0.000366739	3.21816e-005	5.65089e-006	
4.92	0.0130404	0.00249245	0.00197461	0.00211135	0.00231119	0.00261091	0.00198035	0.00226471	0.0026766	0.00330527	0.00433441	0.00614452	0.00386719	0.00387674	0.00316567	0.00115501	0.000359559	3.15519e-005	5.5403e-006	
4.96	0.0127313	0.00244123	0.00193426	0.00206844	0.00226448	0.00255845	0.00194071	0.00221948	0.0026232	0.00323925	0.00424749	0.00602048	0.00379121	0.00380057	0.00310339	0.00113237	0.000352509	3.09336e-005	5.43171e-006	
5	0.0124298	0.00239106	0.00189472	0.00202638	0.0022187	0.002507	0.00190183	0.00217511	0.00257081	0.00317449	0.00416222	0.00589883	0.00371661	0.00372578	0.00304226	0.00111015	0.000345587	3.03265e-005	5.32509e-006	
5.04	0.0121358	0.00234191	0.00185597	0.00198516	0.00217381	0.00245656	0.0018637	0.0021316	0.00251942	0.00311096	0.00407859	0.00577953	0.00364339	0.00365237	0.00298224	0.00108833	0.000338791	2.97304e-005	5.22041e-006	
5.08	0.0118491	0.00229376	0.00181801	0.00194476	0.00212982	0.00240711	0.00182631	0.00208892	0.00246902	0.00304865	0.00399657	0.00566255	0.00357151	0.00358031	0.00292333	0.00106691	0.000332119	2.91451e-005	5.11763e-006	
5.12	0.0115695	0.00224659	0.00178081	0.00190517	0.00208669	0.00235862	0.00178964	0.00204706	0.00241958	0.00298753	0.00391612	0.00554783	0.00350096	0.00350957	0.00286551	0.00104588	0.000325569	2.85706e-005	5.01674e-006	
5.16	0.0112967	0.00220039	0.00174437	0.00186637	0.00204441	0.00231107	0.00175368	0.00200601	0.0023711	0.00292758	0.00383723	0.00543535	0.00343172	0.00344014	0.00280875	0.00102523	0.000319139	2.80066e-005	4.91769e-006	
5.2	0.0110307	0.00215513	0.00170866	0.00182835	0.00200297	0.00226446	0.00171842	0.00196575	0.00232354	0.00286879	0.00375985	0.00532506	0.00336376	0.003372	0.00275305	0.00100497	0.000312828	2.7453e-005	4.82047e-006	
5.24	0.0107712	0.00211079	0.00167367	0.00179108	0.00196235	0.00221876	0.00168384	0.00192627	0.0022769	0.00281113	0.00368397	0.00521691	0.00329706	0.00330512	0.00269838	0.000985079	0.000306633	2.69096e-005	4.72505e-006	
5.28	0.0105181	0.00206736	0.00163939	0.00175456	0.00192254	0.00217395	0.00164994	0.00188756	0.00223116	0.00275458	0.00360957	0.00511089	0.00323161	0.00323948	0.00264473	0.000965557	0.000300553	2.63763e-005	4.63139e-006	
5.32	0.0102712	0.00202482	0.0016058	0.00171878	0.00188351	0.00213003	0.0016167	0.00184959	0.00218631	0.00269912	0.0035366	0.00500693	0.00316738	0.00317507	0.00259208	0.000946398	0.000294586	2.58528e-005	4.53947e-006	
5.36	0.0100304	0.00198315	0.00157289	0.00168371	0.00184526	0.00208697	0.00158411	0.00181237	0.00214232	0.00264474	0.00346505	0.00490501	0.00310436	0.00311187	0.00254042	0.000927595	0.00028873	2.53391e-005	4.44926e-006	
5.4	0.00979543	0.00194232	0.00154065	0.00164935	0.00180777	0.00204475	0.00155215	0.00177586	0.00209918	0.0025914	0.0033949	0.0048051	0.00304252	0.00304985	0.00248973	0.000909143	0.000282984	2.4835e-005	4.36074e-006	
5.44	0.00956621	0.00190234	0.00150907	0.00161567	0.00177102	0.00200337	0.00152082	0.00174007	0.00205688	0.00253911	0.00332611	0.00470714	0.00298184	0.002989	0.00244	0.000891036	0.000277345	2.43403e-005	4.27387e-006	
5.48	0.00934257	0.00186317	0.00147812	0.00158267	0.00173501	0.0019628	0.0014901	0.00170497	0.0020154	0.00248783	0.00325866	0.00461111	0.00292231	0.00292929	0.0023912	0.000873269	0.000271812	2.38549e-005	4.18863e-006	
5.52	0.00912438	0.0018248	0.0014478	0.00155034	0.00169971	0.00192303	0.00145998	0.00167056	0.00197473	0.00243754	0.00319253	0.00451698	0.0028639	0.00287071	0.00234333	0.000855835	0.000266383	2.33786e-005	4.10499e-006	
5.56	0.0089115	0.00178722	0.00141809	0.00151865	0.00166512	0.00188404	0.00143046	0.00163682	0.00193485	0.00238824	0.00312769	0.0044247	0.0028066	0.00281324	0.00229636	0.00083873	0.000261057	2.29113e-005	4.02293e-006	
5.6	0.00870378	0.00175041	0.00138899	0.00148761	0.00163121	0.00184583	0.00140151	0.00160373	0.00189575	0.00233989	0.00306413	0.00433424	0.00275039	0.00275686	0.00225029	0.000821948	0.000255831	2.24528e-005	3.94241e-006	
5.64	0.0085011	0.00171435	0.00136048	0.00145718	0.00159799	0.00180837	0.00137313	0.0015713	0.00185741	0.00229249	0.00300181	0.00424558	0.00269525	0.00270156	0.00220509	0.000805483	0.000250704	2.2003e-005	3.86342e-006	
5.68	0.00830332	0.00167903	0.00133255	0.00142737	0.00156542	0.00177165	0.00134531	0.0015395	0.00181982	0.00224602	0.00294071	0.00415866	0.00264115	0.0026473	0.00216075	0.000789331	0.000245674	2.15617e-005	3.78593e-006	
5.72	0.00811033	0.00164443	0.00130519	0.00139817	0.00153351	0.00173566	0.00131804	0.00150832	0.00178297	0.00220045	0.00288081	0.00407347	0.00258809	0.00259408	0.00211726	0.000773485	0.000240739	2.11288e-005	3.70991e-006	
5.76	0.00792201	0.00161055	0.00127838	0.00136955	0.00150223	0.00170039	0.0012913	0.00147776	0.00174683	0.00215578	0.00282209	0.00398997	0.00253604	0.00254187	0.00207461	0.00075794	0.000235899	2.07041e-005	3.63534e-006	
5.8	0.00773822	0.00157735	0.00125211	0.0013415	0.00147158	0.00166581	0.00126509	0.0014478	0.00171141	0.00211199	0.00276453	0.00390813	0.00248499	0.00249067	0.00203277	0.000742692	0.000231151	2.02876e-005	3.56219e-006	
5.84	0.00755886	0.00154484	0.00122638	0.00131402	0.00144154	0.00163192	0.0012394	0.00141842	0.00167668	0.00206905	0.0027081	0.00382791	0.00243492	0.00244044	0.00199173	0.000727735	0.000226494	1.98789e-005	3.49043e-006	
5.88	0.00738382	0.00151299	0.00120118	0.0012871	0.0014121	0.0015987	0.00121422	0.00138962	0.00164263	0.00202696	0.00265279	0.00374929	0.00238581	0.00239118	0.00195148	0.000713064	0.000221926	1.94781e-005	3.42005e-006	
5.92	0.00721298	0.0014818	0.00117648	0.00126072	0.00138326	0.00156614	0.00118953	0.00136139	0.00160925	0.00198569	0.00259857	0.00367223	0.00233765	0.00234287	0.00191201	0.000698674	0.000217445	1.9085e-005	3.35102e-006	
5.96	0.00704624	0.00145125	0.00115229	0.00123488	0.00135499	0.00153423	0.00116533	0.00133372	0.00157653	0.00194524	0.00254542	0.00359671	0.00229041	0.00229548	0.00187329	0.00068456	0.000213051	1.86994e-005	3.28331e-006	
6	0.0068835	0.00142132	0.00112859	0.00120955	0.00132728	0.00150295	0.00114161	0.00130659	0.00154445	0.00190558	0.00249332	0.00352269	0.00224408	0.00224901	0.00183533	0.000670718	0.000208741	1.83212e-005	3.2169e-006	
6.04	0.00672466	0.00139201	0.00110538	0.00118474	0.00130014	0.0014723	0.00111836	0.00128	0.001513	0.0018667	0.00244225	0.00345015	0.00219865	0.00220344	0.0017981	0.000657141	0.000204514	1.79503e-005	3.15177e-006	
6.08	0.00656961	0.00136329	0.00108263	0.00116043	0.00127353	0.00144225	0.00109557	0.00125393	0.00148217	0.0018286	0.0023922	0.00337906	0.0021541	0.00215875	0.00176159	0.000643826	0.000200368	1.75865e-005	3.08789e-006	
6.12	0.00641827	0.00133517	0.00106035	0.00113661	0.00124747	0.00141281	0.00107324	0.00122838	0.00145195	0.00179124	0.00234313	0.00330939	0.0021104	0.00211492	0.00172578	0.000630768	0.000196303	1.72298e-005	3.02525e-006	
6.16	0.00627054	0.00130762	0.00103852	0.00111327	0.00122192	0.00138395	0.00105134	0.00120333	0.00142233	0.00175462	0.00229505	0.00324112	0.00206756	0.00207194	0.00169067	0.000617962	0.000192316	1.68799e-005	2.96382e-006	
6.2	0.00612633	0.00128064	0.00101714	0.0010904	0.00119689	0.00135566	0.00102988	0.00117878	0.00139329	0.00171873	0.00224791	0.00317421	0.00202555	0.0020298	0.00165625	0.000605404	0.000188406	1.65369e-005	2.90358e-006	
6.24	0.00598555	0.00125421	0.000996194	0.001068	0.00117236	0.00132794	0.00100885	0.00115471	0.00136483	0.00168354	0.00220171	0.00310863	0.00198435	0.00198847	0.00162249	0.000593089	0.000184572	1.62004e-005	2.8445e-006	
6.28	0.00584812	0.00122832	0.000975674	0.00104605	0.00114832	0.00130078	0.000988231	0.00113112	0.00133693	0.00164905	0.00215643	0.00304438	0.00194395	0.00194795	0.00158939	0.000581013	0.000180812	1.58705e-005	2.78656e-006	
6.32	0.00571395	0.00120297	0.000955571	0.00102454	0.00112477	0.00127415	0.000968024	0.001108	0.00130958	0.00161525	0.00211205	0.0029814	0.00190434	0.00190821	0.00155693	0.00056917	0.000177125	1.5547e-005	2.72975e-006	
6.36	0.00558296	0.00117813	0.000935878	0.00100347	0.00110169	0.00124806	0.000948219	0.00108533	0.00128277	0.00158211	0.00206856	0.0029197	0.0018655	0.00186925	0.00152511	0.000557558	0.00017351	1.52297e-005	2.67405e-006	
6.4	0.00545508	0.0011538	0.000916586	0.000982826	0.00107907	0.00122249	0.000928808	0.00106312	0.00125649	0.00154964	0.00202593	0.00285922	0.00182742	0.00183105	0.00149391	0.000546171	0.000169965	1.49186e-005	2.61942e-006	
6.44	0.00533023	0.00112998	0.000897688	0.0009626	0.00105691	0.00119743	0.000909782	0.00104134	0.00123074	0.0015178	0.00198415	0.00279996	0.00179008	0.00179359	0.00146331	0.000535005	0.000166489	1.46136e-005	2.56586e-006	
6.48	0.00520833	0.00110664	0.000879174	0.000942783	0.00103519	0.00117287	0.000891136	0.00102	0.00120549	0.0014866	0.0019432	0.00274189	0.00175346	0.00175686	0.00143332	0.000524057	0.000163081	1.43145e-005	2.51334e-006	
6.52	0.0050893	0.00108378	0.000861037	0.000923367	0.00101391	0.0011488	0.00087286	0.000999083	0.00118074	0.00145602	0.00190307	0.00268499	0.00171756	0.00172085	0.00140391	0.000513322	0.000159739	1.40212e-005	2.46184e-006	
6.56	0.00497309	0.00106138	0.00084327	0.000904344	0.000993061	0.00112521	0.000854948	0.000978579	0.00115649	0.00142604	0.00186373	0.00262923	0.00168237	0.00168554	0.00137507	0.000502796	0.000156462	1.37336e-005	2.41135e-006	
6.6	0.00485961	0.00103945	0.000825864	0.000885707	0.000972629	0.0011021	0.000837393	0.000958483	0.00113272	0.00139666	0.00182518	0.00257458	0.00164786	0.00165093	0.0013468	0.000492474	0.000153249	1.34517e-005	2.36184e-006	
6.64	0.00474881	0.00101797	0.000808814	0.000867446	0.000952609	0.00107944	0.000820188	0.000938787	0.00110941	0.00136786	0.0017874	0.00252104	0.00161402	0.00161699	0.00131908	0.000482354	0.000150099	1.31752e-005	2.31329e-006	
6.68	0.00464061	0.000996923	0.00079211	0.000849556	0.000932991	0.00105724	0.000803325	0.000919481	0.00108657	0.00133963	0.00175038	0.00246857	0.00158085	0.00158371	0.00129191	0.000472432	0.00014701	1.29041e-005	2.26569e-006	
6.72	0.00453495	0.00097631	0.000775747	0.000832027	0.000913767	0.00103548	0.000786798	0.000900559	0.00106419	0.00131197	0.00171409	0.00241715	0.00154833	0.00155108	0.00126526	0.000462703	0.000143982	1.26383e-005	2.21902e-006	
6.76	0.00443177	0.000956119	0.000759716	0.000814854	0.000894931	0.00101416	0.0007706	0.000882013	0.00104225	0.00128485	0.00167852	0.00236676	0.00151644	0.00151909	0.00123914	0.000453163	0.000141012	1.23777e-005	2.17326e-006	
6.8	0.00433102	0.000936342	0.000744012	0.000798028	0.000876473	0.000993267	0.000754724	0.000863835	0.00102074	0.00125828	0.00164367	0.00231739	0.00148517	0.00148773	0.00121353	0.00044381	0.0001381	1.21222e-005	2.1284e-006	
6.84	0.00423262	0.00091697	0.000728628	0.000781542	0.000858387	0.000972789	0.000739165	0.000846018	0.00099966	0.00123223	0.00160951	0.002269	0.00145452	0.00145698	0.00118842	0.000434639	0.000135246	1.18716e-005	2.0844e-006	
6.88	0.00413653	0.000897994	0.000713556	0.00076539	0.000840664	0.00095272	0.000723916	0.000828556	0.000978998	0.0012067	0.00157603	0.00222159	0.00142447	0.00142683	0.0011638	0.000425647	0.000132447	1.1626e-005	2.04127e-006	
6.92	0.00404268	0.000879406	0.000698791	0.000749564	0.000823297	0.000933052	0.00070897	0.00081144	0.000958746	0.00118167	0.00154322	0.00217512	0.001395	0.00139727	0.00113966	0.00041683	0.000129702	1.13851e-005	1.99898e-006	
6.96	0.00395102	0.000861199	0.000684327	0.000734059	0.00080628	0.000913778	0.000694322	0.000794664	0.000938896	0.00115714	0.00151106	0.00212959	0.00136611	0.00136829	0.001116	0.000408185	0.000127011	1.11489e-005	1.95751e-006	
7	0.0038615	0.000843363	0.000670156	0.000718866	0.000789604	0.000894888	0.000679965	0.000778221	0.00091944	0.0011331	0.00147954	0.00208497	0.00133779	0.00133987	0.0010928	0.000399708	0.000124373	1.09174e-005	1.91684e-006	
7.04	0.00377407	0.000825892	0.000656273	0.000703981	0.000773264	0.000876376	0.000665894	0.000762104	0.000900369	0.00110954	0.00144865	0.00204125	0.00131001	0.00131201	0.00107005	0.000391397	0.000121786	1.06903e-005	1.87697e-006	
7.08	0.00368868	0.000808778	0.000642672	0.000689397	0.000757251	0.000858233	0.000652103	0.000746308	0.000881677	0.00108644	0.00141838	0.0019984	0.00128279	0.00128469	0.00104774	0.000383247	0.000119249	1.04676e-005	1.83788e-006	
7.12	0.00360527	0.000792014	0.000629348	0.000675107	0.00074156	0.000840452	0.000638586	0.000730824	0.000863354	0.0010638	0.0013887	0.0019564	0.00125609	0.0012579	0.00102587	0.000375255	0.000116762	1.02493e-005	1.79955e-006	
7.16	0.0035238	0.000775591	0.000616294	0.000661105	0.000726184	0.000823026	0.000625338	0.000715647	0.000845394	0.00104161	0.00135962	0.00191525	0.00122991	0.00123164	0.00100443	0.000367419	0.000114322	1.00352e-005	1.76196e-006	
7.2	0.00344422	0.000759504	0.000603504	0.000647386	0.000711116	0.000805947	0.000612352	0.000700771	0.00082779	0.00101986	0.00133111	0.00187491	0.00120424	0.00120589	0.000983405	0.000359734	0.000111931	9.82529e-006	1.7251e-006	
7.24	0.00336649	0.000743745	0.000590974	0.000633943	0.00069635	0.000789209	0.000599624	0.00068619	0.000810533	0.000998538	0.00130317	0.00183539	0.00117907	0.00118064	0.000962789	0.000352199	0.000109585	9.61943e-006	1.68895e-006	
7.28	0.00329055	0.000728306	0.000578698	0.000620771	0.00068188	0.000772804	0.000587149	0.000671896	0.000793617	0.000977638	0.00127578	0.00179664	0.00115439	0.00115588	0.000942572	0.000344809	0.000107285	9.41754e-006	1.6535e-006	
7.32	0.00321638	0.000713182	0.00056667	0.000607864	0.000667699	0.000756725	0.000574921	0.000657886	0.000777036	0.000957151	0.00124894	0.00175867	0.00113019	0.00113159	0.000922747	0.000337562	0.00010503	9.21956e-006	1.61874e-006	
7.36	0.00314393	0.000698366	0.000554886	0.000595217	0.000653802	0.000740966	0.000562935	0.000644152	0.000760781	0.000937068	0.00122263	0.00172146	0.00110646	0.00110778	0.000903307	0.000330455	0.000102818	9.02539e-006	1.58465e-006	
7.4	0.00307314	0.000683851	0.000543339	0.000582824	0.000640182	0.000725519	0.000551186	0.000630689	0.000744846	0.00091738	0.00119683	0.00168498	0.00108319	0.00108443	0.000884241	0.000323485	0.000100648	8.83496e-006	1.55121e-006	
7.44	0.003004	0.000669631	0.000532026	0.000570681	0.000626835	0.00071038	0.00053967	0.000617491	0.000729225	0.00089808	0.00117155	0.00164922	0.00106037	0.00106153	0.000865544	0.000316648	9.85203e-005	8.64819e-006	1.51842e-006	
7.48	0.00293644	0.0006557	0.000520942	0.00055878	0.000613753	0.00069554	0.00052838	0.000604553	0.000713911	0.000879159	0.00114676	0.00161417	0.00103799	0.00103907	0.000847206	0.000309943	9.64333e-005	8.465e-006	1.48625e-006	
7.52	0.00287045	0.000642051	0.000510081	0.000547119	0.000600933	0.000680994	0.000517314	0.000591869	0.000698897	0.000860609	0.00112246	0.00157982	0.00101604	0.00101704	0.00082922	0.000303365	9.43862e-005	8.2853e-006	1.4547e-006	
7.56	0.00280597	0.000628679	0.000499438	0.00053569	0.000588367	0.000666736	0.000506465	0.000579435	0.000684177	0.000842423	0.00109864	0.00154614	0.000994511	0.000995435	0.000811579	0.000296913	9.23781e-005	8.10903e-006	1.42375e-006	
7.6	0.00274298	0.000615577	0.00048901	0.000524491	0.000576051	0.00065276	0.000495829	0.000567244	0.000669746	0.000824592	0.00107528	0.00151312	0.000973395	0.000974242	0.000794274	0.000290584	9.04082e-005	7.93611e-006	1.39339e-006	
7.64	0.00268144	0.000602741	0.000478792	0.000513515	0.00056398	0.000639059	0.000485402	0.000555292	0.000655596	0.000807109	0.00105238	0.00148075	0.000952682	0.000953452	0.000777299	0.000284375	8.84757e-005	7.76646e-006	1.3636e-006	
7.68	0.0026213	0.000590164	0.000468778	0.000502758	0.000552148	0.000625628	0.00047518	0.000543573	0.000641722	0.000789967	0.00102993	0.00144901	0.000932365	0.000933057	0.000760645	0.000278283	8.65796e-005	7.60002e-006	1.33438e-006	
7.72	0.00256255	0.000577841	0.000458966	0.000492216	0.00054055	0.000612461	0.000465158	0.000532082	0.000628118	0.000773158	0.00100791	0.00141789	0.000912433	0.000913048	0.000744307	0.000272305	8.47192e-005	7.4367e-006	1.3057e-006	
7.76	0.00250515	0.000565766	0.00044935	0.000481883	0.000529181	0.000599552	0.000455331	0.000520816	0.000614777	0.000756674	0.000986321	0.00138738	0.000892879	0.000893416	0.000728275	0.000266439	8.28936e-005	7.27643e-006	1.27756e-006	
7.8	0.00244906	0.000553934	0.000439926	0.000471755	0.000518036	0.000586896	0.000445696	0.000509767	0.000601695	0.000740509	0.00096515	0.00135745	0.000873693	0.000874154	0.000712544	0.000260683	8.1102e-005	7.11916e-006	1.24995e-006	
7.84	0.00239425	0.00054234	0.00043069	0.000461829	0.000507111	0.000574487	0.000436248	0.000498933	0.000588866	0.000724656	0.000944386	0.00132811	0.000854868	0.000855251	0.000697107	0.000255033	7.93437e-005	6.9648e-006	1.22285e-006	
7.88	0.0023407	0.000530978	0.000421638	0.000452098	0.0004964	0.000562321	0.000426983	0.000488308	0.000576284	0.000709108	0.000924022	0.00129933	0.000836396	0.000836701	0.000681956	0.000249488	7.76178e-005	6.81328e-006	1.19624e-006	
7.92	0.00228837	0.000519844	0.000412767	0.00044256	0.0004859	0.000550391	0.000417898	0.000477888	0.000563943	0.000693857	0.000904048	0.0012711	0.000818268	0.000818494	0.000667084	0.000244045	7.59236e-005	6.66454e-006	1.17013e-006	
7.96	0.00223723	0.000508933	0.000404071	0.00043321	0.000475604	0.000538692	0.000408987	0.000467668	0.000551838	0.000678898	0.000884455	0.00124341	0.000800476	0.000800622	0.000652486	0.0002387	7.42603e-005	6.51851e-006	1.14449e-006	
8	0.00218726	0.00049824	0.000395548	0.000424044	0.00046551	0.00052722	0.000400248	0.000457643	0.000539964	0.000664223	0.000865235	0.00121625	0.000783012	0.000783078	0.000638153	0.000233453	7.26271e-005	6.37512e-006	1.11931e-006	
8.04	0.00213843	0.000487759	0.000387193	0.000415057	0.000455612	0.000515969	0.000391677	0.00044781	0.000528316	0.000649826	0.000846378	0.0011896	0.000765868	0.000765853	0.00062408	0.0002283	7.10232e-005	6.2343e-006	1.09459e-006	
8.08	0.00209071	0.000477487	0.000379003	0.000406247	0.000445906	0.000504935	0.000383269	0.000438164	0.000516888	0.0006357	0.000827876	0.00116346	0.000749037	0.00074894	0.00061026	0.000223238	6.94479e-005	6.09599e-006	1.07031e-006	
8.12	0.00204408	0.000467419	0.000370974	0.000397608	0.000436387	0.000494112	0.000375022	0.0004287	0.000505675	0.00062184	0.000809721	0.0011378	0.000732511	0.00073233	0.000596687	0.000218267	6.79005e-005	5.96012e-006	1.04645e-006	
8.16	0.0019985	0.00045755	0.000363102	0.000389137	0.000427052	0.000483495	0.00036693	0.000419414	0.000494673	0.000608239	0.000791904	0.00111262	0.000716281	0.000716016	0.000583353	0.000213382	6.63801e-005	5.82663e-006	1.02301e-006	
8.2	0.00195396	0.000447876	0.000355385	0.00038083	0.000417896	0.000473081	0.000358992	0.000410303	0.000483876	0.00059489	0.000774417	0.0010879	0.000700342	0.00069999	0.000570253	0.000208582	6.48861e-005	5.69545e-006	9.9998e-007	
8.24	0.00191043	0.000438392	0.000347817	0.000372684	0.000408916	0.000462863	0.000351202	0.000401362	0.000473279	0.000581788	0.000757251	0.00106364	0.000684685	0.000684244	0.000557379	0.000203865	6.34178e-005	5.56651e-006	9.77342e-007	
8.28	0.00186788	0.000429094	0.000340397	0.000364695	0.000400106	0.000452838	0.000343558	0.000392586	0.000462878	0.000568926	0.0007404	0.00103982	0.000669302	0.000668771	0.000544727	0.000199227	6.19742e-005	5.43975e-006	9.55087e-007	
8.32	0.0018263	0.000419978	0.000333121	0.000356858	0.000391464	0.000443001	0.000336056	0.000383973	0.000452668	0.000556299	0.000723855	0.00101642	0.000654187	0.000653564	0.000532288	0.000194667	6.05548e-005	5.3151e-006	9.33203e-007	
8.36	0.00178565	0.000411039	0.000325984	0.000349172	0.000382984	0.000433348	0.000328693	0.000375518	0.000442643	0.000543901	0.000707607	0.000993452	0.000639331	0.000638614	0.000520058	0.000190183	5.91588e-005	5.19251e-006	9.11679e-007	
8.4	0.00174593	0.000402274	0.000318985	0.000341631	0.000374664	0.000423874	0.000321465	0.000367216	0.0004328	0.000531725	0.000691649	0.000970886	0.000624729	0.000623914	0.00050803	0.000185771	5.77855e-005	5.0719e-006	8.90503e-007	
8.44	0.0017071	0.000393679	0.00031212	0.000334233	0.000366499	0.000414574	0.000314369	0.000359065	0.000423133	0.000519766	0.000675974	0.000948717	0.000610372	0.000609457	0.000496196	0.00018143	5.6434e-005	4.9532e-006	8.69664e-007	
8.48	0.00166914	0.000385249	0.000305385	0.000326973	0.000358486	0.000405444	0.000307401	0.00035106	0.000413639	0.000508018	0.000660573	0.000926932	0.000596253	0.000595235	0.000484552	0.000177157	5.51037e-005	4.83636e-006	8.49151e-007	
8.52	0.00163204	0.00037698	0.000298777	0.00031985	0.00035062	0.000396481	0.000300558	0.000343198	0.000404311	0.000496475	0.000645438	0.00090552	0.000582365	0.000581241	0.00047309	0.000172949	5.37938e-005	4.72131e-006	8.28951e-007	
8.56	0.00159577	0.000368869	0.000292294	0.000312858	0.000342898	0.000387679	0.000293838	0.000335474	0.000395147	0.000485132	0.000630563	0.00088447	0.000568701	0.000567467	0.000461805	0.000168806	5.25036e-005	4.60798e-006	8.09053e-007	
8.6	0.00156032	0.000360912	0.000285932	0.000305996	0.000335317	0.000379034	0.000287236	0.000327885	0.000386141	0.000473983	0.00061594	0.000863772	0.000555253	0.000553906	0.00045069	0.000164723	5.12322e-005	4.49629e-006	7.89445e-007	
8.64	0.00152566	0.000353105	0.000279688	0.000299258	0.000327872	0.000370543	0.000280749	0.000320428	0.000377289	0.000463021	0.00060156	0.000843414	0.000542015	0.000540551	0.000439738	0.000160698	4.9979e-005	4.38619e-006	7.70116e-007	
8.68	0.00149178	0.000345444	0.000273559	0.000292644	0.000320559	0.0003622	0.000274375	0.000313097	0.000368586	0.000452243	0.000587417	0.000823384	0.000528979	0.000527393	0.000428943	0.00015673	4.87431e-005	4.27761e-006	7.51052e-007	
8.72	0.00145866	0.000337926	0.000267542	0.000286148	0.000313377	0.000354002	0.000268109	0.00030589	0.000360027	0.000441641	0.000573502	0.000803673	0.000516137	0.000514425	0.000418298	0.000152815	4.75237e-005	4.17046e-006	7.32241e-007	
8.76	0.00142628	0.000330546	0.000261634	0.000279768	0.000306319	0.000345945	0.000261949	0.000298803	0.000351609	0.00043121	0.000559808	0.000784268	0.000503483	0.00050164	0.000407797	0.000148951	4.632e-005	4.06468e-006	7.13671e-007	
8.8	0.00139462	0.000323302	0.000255832	0.0002735	0.000299384	0.000338024	0.000255891	0.000291832	0.000343327	0.000420945	0.000546328	0.000765158	0.000491009	0.000489029	0.000397433	0.000145135	4.51311e-005	3.9602e-006	6.95328e-007	
8.84	0.00136366	0.000316188	0.000250133	0.000267342	0.000292567	0.000330235	0.000249933	0.000284973	0.000335176	0.00041084	0.000533053	0.000746332	0.000478708	0.000476585	0.000387199	0.000141365	4.39563e-005	3.85694e-006	6.772e-007	
8.88	0.0013334	0.000309203	0.000244534	0.000261289	0.000285864	0.000322574	0.00024407	0.000278223	0.000327151	0.000400888	0.000519976	0.000727778	0.000466572	0.0004643	0.000377088	0.000137638	4.27945e-005	3.75481e-006	6.59271e-007	
8.92	0.0013038	0.000302341	0.000239033	0.000255339	0.000279273	0.000315037	0.0002383	0.000271577	0.000319249	0.000391085	0.000507089	0.000709485	0.000454592	0.000452166	0.000367093	0.000133951	4.1645e-005	3.65374e-006	6.41527e-007	
8.96	0.00127486	0.0002956	0.000233625	0.000249488	0.000272789	0.000307619	0.000232619	0.000265032	0.000311463	0.000381423	0.000494383	0.00069144	0.000442763	0.000440174	0.000357206	0.0001303	4.05067e-005	3.55364e-006	6.23954e-007	
9	0.00124656	0.000288976	0.000228309	0.000243734	0.000266408	0.000300316	0.000227024	0.000258584	0.00030379	0.000371898	0.000481852	0.000673633	0.000431074	0.000428316	0.00034742	0.000126684	3.93786e-005	3.45442e-006	6.06536e-007	
9.04	0.00121889	0.000282464	0.00022308	0.000238072	0.000260127	0.000293124	0.000221512	0.000252228	0.000296225	0.000362502	0.000469486	0.000656049	0.000419518	0.000416583	0.000337727	0.000123099	3.82597e-005	3.35598e-006	5.89255e-007	
9.08	0.00119183	0.000276062	0.000217937	0.0002325	0.000253943	0.000286038	0.000216078	0.000245962	0.000288762	0.000353231	0.000457276	0.000638677	0.000408087	0.000404966	0.000328119	0.000119541	3.71488e-005	3.25823e-006	5.72095e-007	
9.12	0.00116536	0.000269765	0.000212876	0.000227013	0.00024785	0.000279053	0.00021072	0.00023978	0.000281397	0.000344076	0.000445214	0.000621503	0.000396772	0.000393456	0.000318587	0.000116007	3.60449e-005	3.16105e-006	5.55036e-007	
9.16	0.00113948	0.00026357	0.000207893	0.000221609	0.000241845	0.000272166	0.000205434	0.000233677	0.000274125	0.000335032	0.000433292	0.000604514	0.000385563	0.000382042	0.000309122	0.000112493	3.49466e-005	3.06433e-006	5.38059e-007	
9.2	0.00111416	0.000257472	0.000202985	0.000216284	0.000235924	0.00026537	0.000200215	0.000227651	0.000266939	0.000326091	0.000421498	0.000587694	0.000374451	0.000370715	0.000299715	0.000108996	3.38525e-005	2.96795e-006	5.2114e-007	
9.24	0.00108939	0.000251469	0.00019815	0.000211033	0.000230083	0.000258662	0.000195061	0.000221696	0.000259834	0.000317246	0.000409823	0.00057103	0.000363426	0.000359464	0.000290356	0.000105511	3.27614e-005	2.87177e-006	5.0426e-007	
9.28	0.00106516	0.000245555	0.000193384	0.000205854	0.000224317	0.000252035	0.000189966	0.000215806	0.000252804	0.00030849	0.000398258	0.000554505	0.000352478	0.000348277	0.000281034	0.000102034	3.16715e-005	2.77565e-006	4.87385e-007	
9.32	0.00104146	0.000239726	0.000188682	0.000200742	0.000218622	0.000245484	0.000184926	0.000209978	0.000245843	0.000299814	0.00038679	0.000538103	0.000341594	0.000337143	0.000271738	9.85599e-005	3.05812e-005	2.67941e-006	4.70498e-007	
9.36	0.00101827	0.000233978	0.000184042	0.000195693	0.000212993	0.000239004	0.000179938	0.000204205	0.000238945	0.000291209	0.000375407	0.000521805	0.000330763	0.000326047	0.000262456	9.50833e-005	2.94885e-005	2.58288e-006	4.5355e-007	
9.4	0.000995578	0.000228306	0.000179459	0.000190702	0.000207424	0.000232588	0.000174995	0.000198482	0.000232101	0.000282668	0.000364098	0.000505592	0.000319972	0.000314977	0.000253175	9.15986e-005	2.83913e-005	2.48585e-006	4.3653e-007	
9.44	0.000973373	0.000222705	0.000174929	0.000185764	0.00020191	0.00022623	0.000170093	0.000192803	0.000225305	0.000274179	0.000352847	0.000489442	0.000309207	0.000303916	0.00024388	8.80994e-005	2.72873e-005	2.38809e-006	4.19359e-007	
9.48	0.000951641	0.000217169	0.000170447	0.000180875	0.000196444	0.000219922	0.000165226	0.00018716	0.000218547	0.000265731	0.00034164	0.000473331	0.000298451	0.000292848	0.000234554	8.45786e-005	2.61737e-005	2.28932e-006	4.02046e-007	
9.52	0.000930369	0.000211692	0.000166009	0.000176028	0.000191021	0.000213657	0.000160387	0.000181545	0.000211819	0.000257312	0.00033046	0.000457235	0.000287686	0.000281753	0.00022518	8.10281e-005	2.50475e-005	2.18922e-006	3.84446e-007	
9.56	0.000909544	0.000206268	0.000161607	0.000171217	0.000185632	0.000207424	0.00015557	0.000175952	0.00020511	0.00024891	0.000319288	0.000441122	0.000276894	0.000270609	0.000215737	7.74387e-005	2.3905e-005	2.08744e-006	3.66631e-007	
9.6	0.000889152	0.000200887	0.000157236	0.000166434	0.000180269	0.000201215	0.000150765	0.000170368	0.000198408	0.000240507	0.000308101	0.000424959	0.000266051	0.000259393	0.000206201	7.37999e-005	2.27419e-005	1.98347e-006	3.48302e-007	
9.64	0.000869179	0.00019554	0.000152887	0.000161669	0.00017492	0.000195015	0.000145964	0.000164784	0.000191698	0.000232086	0.000296875	0.000408708	0.00025513	0.000248073	0.000196545	7.0099e-005	2.15533e-005	1.87692e-006	3.29696e-007	
9.68	0.000849611	0.000190215	0.000148548	0.000156911	0.000169573	0.000188809	0.000141153	0.000159184	0.000184963	0.000223625	0.000285579	0.00039232	0.000244099	0.000236616	0.000186733	6.63209e-005	2.03328e-005	1.76678e-006	3.10158e-007	
9.72	0.00083043	0.000184895	0.000144208	0.000152144	0.000164209	0.000182576	0.000136316	0.000153549	0.00017818	0.000215094	0.000274175	0.000375738	0.000232921	0.00022498	0.000176725	6.24468e-005	1.90729e-005	1.65282e-006	2.9034e-007	
9.76	0.000811619	0.000179559	0.000139846	0.000147348	0.000158804	0.000176289	0.000131432	0.000147855	0.00017132	0.000206457	0.000262612	0.000358887	0.000221547	0.000213109	0.000166468	5.84528e-005	1.77631e-005	1.53265e-006	2.68744e-007	
9.8	0.000793155	0.000174178	0.000135439	0.000142493	0.000153326	0.000169907	0.00012647	0.000142064	0.000164337	0.000197658	0.000250816	0.000341661	0.000209909	0.000200936	0.000155892	5.43069e-005	1.63918e-005	1.40732e-006	2.47033e-007	
9.84	0.000775013	0.000168711	0.00013095	0.000137538	0.000147724	0.000163372	0.000121381	0.000136121	0.000157165	0.000188611	0.000238676	0.000323899	0.00019791	0.00018836	0.000144903	4.99641e-005	1.49347e-005	1.26947e-006	2.21666e-007	
9.88	0.000757157	0.000163099	0.000126327	0.000132421	0.000141926	0.000156592	0.000116093	0.000129938	0.000149694	0.000179177	0.000225999	0.000305322	0.00018538	0.000175218	0.00013336	4.53574e-005	1.33827e-005	1.12638e-006	1.96751e-007	
9.92	0.000739543	0.000157257	0.000121491	0.00012705	0.000135817	0.000149424	0.000110487	0.000123369	0.00014174	0.000169111	0.00021244	0.000285398	0.000171981	0.00016118	0.000121016	4.03733e-005	1.16196e-005	9.51394e-007	1.6334e-007	
9.96	0.000722112	0.000151059	0.000116327	0.000121282	0.000129221	0.00014164	0.000104369	0.00011617	0.000132984	0.000157973	0.000197342	0.000263029	0.000156942	0.000145399	0.00010718	3.49093e-005	9.77649e-006	7.7759e-007	1.31886e-007	
10	0.000704777	0.000144318	0.000110659	0.000114897	0.000121855	0.000132866	9.74121e-005	0.000107918	0.000122855	0.000144939	0.000179399	0.000235821	0.000138341	0.000125294	8.85286e-005	2.69418e-005	6.77107e-006	4.68929e-007	6.87658e-008	