Numero de iteracoes: 13
Erro: 2.58346e-07
Tempo de Resolucao do Problema: 927.506 segundos
/////////////////////////////////////////////
Posicao	Fluxo Escalar
	Grupo de Energia 1	Grupo de Energia 2	Grupo de Energia 3	Grupo de Energia 4	Grupo de Energia 5	Grupo de Energia 6	Grupo de Energia 7	Grupo de Energia 8	Grupo de Energia 9	Grupo de Energia 10	Grupo de Energia 11	Grupo de Energia 12	Grupo de Energia 13	Grupo de Energia 14	Grupo de Energia 15	Grupo de Energia 16	Grupo de Energia 17	Grupo de Energia 18	Grupo de Energia 19	Grupo de Energia 20
0	1.85985	0.0347326	0.0169791	0.0101748	0.00999301	0.00501197	0.0037719	0.00295026	0.00237518	0.00235646	0.00165659	0.00140728	0.0012121	0.00105581	0.000928481	0.000823268	0.000735259	0.000660854	0.000597353	0.000542704	
0.1	1.87427	0.0364796	0.0181482	0.0110493	0.0107637	0.00559809	0.00426862	0.00338068	0.0027544	0.00271893	0.00196455	0.00168701	0.00146833	0.0012921	0.00114764	0.00102754	0.000926485	0.000840553	0.000766802	0.000702979	
0.2	1.89185	0.0379303	0.0190458	0.0116741	0.0113363	0.00596607	0.00456305	0.00362243	0.00295685	0.00291926	0.00211436	0.00181731	0.00158285	0.00139361	0.00123827	0.00110898	0.00100008	0.000907392	0.000827776	0.00075883	
0.3	1.91244	0.0391743	0.0197824	0.0121728	0.0117995	0.00625376	0.00479387	0.00381357	0.00311898	0.00307898	0.00223857	0.00192752	0.00168175	0.0014832	0.00132005	0.00118412	0.0010695	0.000971852	0.000887887	0.000815098	
0.4	1.93594	0.0402714	0.0204189	0.012601	0.0121981	0.00650108	0.00499239	0.00397759	0.00325737	0.00321596	0.00234249	0.00201841	0.001762	0.00155456	0.00138389	0.00124154	0.00112138	0.00101891	0.000930719	0.000854211	
0.5	1.96233	0.0412622	0.0209897	0.0129852	0.012555	0.0067226	0.00516949	0.00412311	0.00337939	0.0033372	0.00243314	0.0020974	0.00183158	0.0016164	0.0014393	0.00129152	0.00116675	0.00106033	0.00096873	0.000889254	
0.6	1.99166	0.0421741	0.0215147	0.013339	0.012883	0.00692537	0.00533091	0.00425514	0.00348964	0.00344693	0.0025145	0.00216808	0.00189365	0.00167139	0.00148837	0.00133559	0.00120654	0.00109643	0.00100162	0.000919325	
0.7	2.02402	0.0430259	0.0220056	0.0136697	0.013189	0.00711372	0.00548033	0.00437701	0.00359117	0.00354797	0.00258911	0.0022328	0.0019504	0.0017216	0.00153314	0.00137577	0.00124283	0.00112936	0.00103165	0.000946835	
0.8	2.05959	0.0438304	0.0224698	0.0139821	0.0134776	0.00729056	0.00562035	0.00449102	0.00368603	0.00364226	0.00265867	0.0022931	0.00200324	0.00176833	0.00157478	0.00141312	0.00127652	0.00115992	0.00105949	0.000972302	
0.9	2.0986	0.0445965	0.022912	0.0142791	0.0137513	0.00745794	0.00575275	0.00459876	0.00377563	0.00373112	0.00272433	0.00235001	0.00205312	0.00181245	0.0016141	0.00144841	0.00130837	0.00118883	0.00108585	0.000996446	
1	2.14136	0.0453299	0.0233352	0.0145628	0.014012	0.00761729	0.00587877	0.00470132	0.00386093	0.00381546	0.00278686	0.00240424	0.00210069	0.00185455	0.00165166	0.00148214	0.00133886	0.00121652	0.00111113	0.00101962	
1.1	2.18828	0.0460343	0.0237412	0.0148345	0.0142607	0.00776951	0.00599919	0.00479937	0.00394255	0.00389583	0.00284674	0.00245624	0.00214634	0.00189501	0.0016878	0.00151464	0.00136827	0.00124328	0.0011356	0.00104209	
1.2	2.23986	0.0467112	0.0241309	0.0150947	0.0144981	0.00791505	0.0061144	0.00489324	0.00402075	0.00397249	0.0029042	0.0025062	0.00219027	0.001934	0.00172268	0.00154607	0.00139675	0.00126924	0.00115937	0.00106395	
1.3	2.29673	0.0473604	0.0245042	0.0153436	0.014724	0.00805385	0.00622433	0.00498288	0.0040955	0.00404541	0.00295921	0.0025541	0.00223246	0.00197149	0.00175628	0.00157639	0.00142429	0.00129438	0.00118244	0.00108523	
1.4	2.35966	0.0479791	0.0248597	0.0155801	0.0149377	0.00818534	0.00632846	0.00506782	0.00416637	0.00411417	0.00301142	0.00259962	0.0022726	0.00200723	0.00178835	0.00160538	0.00145065	0.00131849	0.0012046	0.00110568	
1.5	2.42961	0.0485617	0.0251945	0.0158024	0.0151373	0.00830818	0.00642564	0.00514703	0.00423245	0.00417789	0.00306007	0.00264209	0.00231009	0.00204064	0.00181838	0.00163256	0.00147543	0.0013412	0.00122553	0.00112506	
1.6	2.50772	0.0490979	0.0255024	0.0160067	0.0153193	0.00842004	0.00651381	0.00521867	0.00429207	0.00423502	0.00310378	0.00268021	0.00234373	0.0020706	0.00184529	0.0016569	0.00149757	0.00136146	0.00124415	0.00114225	
1.7	2.59542	0.0495714	0.0257729	0.0161856	0.0154771	0.00851677	0.00658951	0.00527968	0.00434242	0.00428301	0.00314016	0.00271184	0.00237158	0.00209543	0.00186763	0.0016772	0.00151615	0.00137859	0.00126005	0.00115709	
1.8	2.69442	0.0499558	0.0259866	0.016325	0.0155985	0.00859023	0.00664632	0.00532473	0.00437884	0.00431749	0.00316494	0.00273266	0.00238924	0.00211053	0.00188064	0.00168848	0.00152599	0.00138723	0.00126766	0.00116383	
1.9	2.80686	0.0502107	0.0261092	0.0163957	0.0156601	0.00862037	0.00666823	0.00534128	0.00439176	0.00432875	0.00317324	0.00273967	0.00239527	0.0021158	0.00188532	0.0016927	0.00152986	0.0013908	0.001271	0.00116698	
2	2.93529	0.0502732	0.0260781	0.0163353	0.0156161	0.00854458	0.00659383	0.00526932	0.00432269	0.00426481	0.0031094	0.00267891	0.00233735	0.0020605	0.00183247	0.00164212	0.00148138	0.00134428	0.00122631	0.001124	
2.1	3.09446	0.0506123	0.0262171	0.0163951	0.0156726	0.00854285	0.00658051	0.00524894	0.00429795	0.00424091	0.00307966	0.00264846	0.00230655	0.00202966	0.00180177	0.00161171	0.00145135	0.00131469	0.0011972	0.00109539	
2.2	3.22739	0.0510875	0.0264787	0.0165671	0.0158184	0.00863823	0.00665705	0.00531221	0.00435145	0.00428954	0.00311979	0.00268394	0.00233826	0.00205822	0.00182771	0.00163541	0.00147314	0.00133483	0.00121591	0.00111284	
2.3	3.33894	0.0516166	0.0267816	0.0167703	0.0159929	0.00875106	0.00674605	0.00538414	0.00441068	0.004345	0.00316165	0.00271974	0.00236914	0.00208509	0.00185124	0.00165616	0.00149153	0.00135121	0.00123057	0.00112601	
2.4	3.43289	0.0521524	0.0270884	0.0169753	0.0161707	0.0088647	0.00683612	0.00545766	0.00447212	0.00440253	0.00320699	0.00275952	0.00240447	0.00211678	0.00187991	0.00168229	0.00151551	0.00137335	0.00125111	0.00114516	
2.5	3.51216	0.0526683	0.0273814	0.0171702	0.0163408	0.00897312	0.00692241	0.00552838	0.0045314	0.00445824	0.00325079	0.00279783	0.0024383	0.0021469	0.00190691	0.00170664	0.00153759	0.00139346	0.0012695	0.00116205	
2.6	3.57906	0.0531497	0.0276521	0.0173496	0.016498	0.00907327	0.00700225	0.00559392	0.00458641	0.00451006	0.00329156	0.00283356	0.00246996	0.00217519	0.00193241	0.00172978	0.00155871	0.00141286	0.0012874	0.00117864	
2.7	3.63534	0.0535884	0.0278964	0.0175111	0.0166397	0.00916343	0.00707416	0.00565299	0.00463601	0.00455687	0.00332836	0.00286582	0.00249852	0.0022007	0.00195536	0.00175055	0.00157762	0.00143015	0.00130328	0.00119328	
2.8	3.68239	0.0539803	0.0281121	0.0176531	0.0167647	0.00924265	0.00713734	0.00570489	0.0046796	0.00459805	0.00336073	0.00289421	0.00252367	0.00222318	0.00197559	0.00176889	0.00159434	0.00144547	0.00131738	0.00120632	
2.9	3.72128	0.0543232	0.0282984	0.017775	0.0168722	0.00931041	0.00719135	0.00574925	0.00471688	0.00463326	0.00338844	0.00291853	0.00254522	0.00224244	0.00199293	0.0017846	0.00160864	0.00145857	0.00132942	0.00121743	
3	3.75283	0.0546164	0.0284546	0.0178764	0.0169619	0.00936642	0.00723596	0.00578589	0.00474769	0.00466231	0.00341137	0.00293866	0.00256309	0.00225842	0.00200733	0.00179765	0.00162054	0.00146946	0.00133945	0.00122669	
3.1	3.77766	0.0548593	0.0285806	0.0179571	0.0170334	0.00941053	0.00727105	0.00581473	0.00477195	0.0046851	0.00342948	0.00295459	0.00257723	0.00227109	0.00201876	0.00180802	0.00163	0.00147813	0.00134742	0.00123405	
3.2	3.79623	0.0550519	0.0286762	0.0180169	0.0170866	0.00944265	0.00729655	0.00583569	0.00478963	0.00470157	0.00344272	0.00296627	0.00258764	0.00228044	0.00202721	0.00181571	0.00163702	0.00148458	0.00135336	0.00123955	
3.3	3.8089	0.0551942	0.0287413	0.0180557	0.0171213	0.00946271	0.00731241	0.00584875	0.00480068	0.00471165	0.00345108	0.00297371	0.00259431	0.00228646	0.00203269	0.00182071	0.00164162	0.00148881	0.00135728	0.00124318	
3.4	3.81587	0.055286	0.0287758	0.0180734	0.0171375	0.00947062	0.00731856	0.00585383	0.00480506	0.0047153	0.00345453	0.00297685	0.0025972	0.00228914	0.00203517	0.00182302	0.00164378	0.00149083	0.00135917	0.00124496	
3.5	3.81729	0.0553272	0.0287794	0.0180698	0.0171349	0.00946629	0.00731491	0.00585087	0.0048027	0.00471243	0.00345301	0.00297568	0.00259629	0.00228844	0.00203464	0.00182262	0.00164348	0.00149062	0.00135902	0.00124486	
3.6	3.81318	0.0553175	0.028752	0.0180448	0.0171134	0.00944954	0.00730131	0.00583974	0.0047935	0.00470293	0.00344644	0.0029701	0.00259152	0.00228431	0.00203104	0.00181947	0.00164069	0.00148814	0.00135681	0.00124287	
3.7	3.8035	0.0552565	0.0286931	0.017998	0.0170726	0.00942018	0.00727761	0.00582029	0.00477732	0.00468667	0.00343471	0.00296004	0.00258279	0.00227667	0.00202431	0.00181349	0.00163535	0.00148334	0.00135248	0.00123894	
3.8	3.78811	0.0551434	0.0286024	0.0179291	0.0170124	0.00937796	0.00724356	0.00579233	0.00475399	0.00466347	0.00341768	0.00294535	0.00256998	0.00226542	0.00201434	0.00180461	0.00162739	0.00147616	0.00134596	0.00123301	
3.9	3.76677	0.0549775	0.0284792	0.0178377	0.0169322	0.00932252	0.00719888	0.00575559	0.00472328	0.00463313	0.00339517	0.00292586	0.00255296	0.00225041	0.00200102	0.0017927	0.00161668	0.00146648	0.00133717	0.00122499	
4	3.73912	0.0547577	0.0283229	0.0177231	0.0168317	0.00925348	0.00714323	0.00570977	0.0046849	0.00459538	0.00336695	0.00290138	0.00253151	0.00223147	0.00198416	0.00177761	0.00160309	0.00145417	0.00132598	0.00121476	
4.1	3.70469	0.0544825	0.0281327	0.0175848	0.0167103	0.00917035	0.00707617	0.00565449	0.00463853	0.00454989	0.00333272	0.00287164	0.00250541	0.00220838	0.00196358	0.00175915	0.00158644	0.00143909	0.00131224	0.0012022	
4.2	3.66283	0.0541504	0.0279076	0.017422	0.0165674	0.00907257	0.00699722	0.00558931	0.00458376	0.0044963	0.00329216	0.00283633	0.00247437	0.00218086	0.00193902	0.00173709	0.00156651	0.00142099	0.00129574	0.00118708	
4.3	3.61271	0.0537593	0.0276466	0.0172338	0.0164024	0.00895949	0.00690578	0.0055137	0.0045201	0.00443416	0.00324487	0.00279507	0.00243803	0.00214861	0.00191019	0.00171115	0.00154306	0.00139968	0.00127629	0.00116927	
4.4	3.55323	0.0533072	0.0273485	0.0170195	0.0162144	0.00883039	0.00680121	0.00542706	0.00444703	0.00436298	0.00319036	0.00274743	0.00239599	0.00211121	0.00187668	0.00168095	0.00151569	0.00137475	0.00125347	0.0011483	
4.5	3.48299	0.0527914	0.0270118	0.016778	0.0160026	0.0086845	0.00668279	0.00532874	0.00436392	0.00428217	0.00312811	0.00269291	0.00234779	0.00206827	0.00183818	0.00164622	0.0014842	0.00134607	0.00122725	0.00112423	
4.6	3.40019	0.0522095	0.026635	0.0165084	0.015766	0.00852104	0.00654976	0.00521798	0.00427004	0.00419107	0.00305744	0.00263083	0.00229273	0.00201903	0.00179383	0.00160603	0.00144758	0.00131254	0.00119641	0.00109576	
4.7	3.3025	0.0515591	0.0262156	0.0162092	0.0155029	0.00833923	0.00640133	0.00509397	0.00416462	0.00408894	0.00297774	0.00256077	0.0022306	0.00196353	0.00174395	0.00156095	0.00140664	0.00127519	0.0011622	0.00106431	
4.8	3.18696	0.0508387	0.0257498	0.0158776	0.0152104	0.00813798	0.00623668	0.00495583	0.00404643	0.00397477	0.00288685	0.00248007	0.00215826	0.00189818	0.00168452	0.0015066	0.00135667	0.00122905	0.00111943	0.00102452	
4.9	3.04972	0.050049	0.0252298	0.0155048	0.0148808	0.00791226	0.00605325	0.00480316	0.00391698	0.00384891	0.00278916	0.00239416	0.00208197	0.0018299	0.00162298	0.0014508	0.00130582	0.00118249	0.00107661	0.000984993	
5	2.88587	0.0491945	0.0246387	0.0150623	0.0144945	0.00762287	0.00581036	0.0045948	0.00373521	0.0036743	0.00264447	0.00226381	0.00196353	0.0017215	0.00152317	0.00135841	0.0012199	0.00110226	0.00100142	0.000914281	
5.1	2.68317	0.0478586	0.023731	0.0143883	0.0139094	0.00718605	0.00544484	0.00428215	0.00346322	0.00341492	0.00242925	0.00207049	0.00178838	0.00156171	0.00137651	0.0012231	0.00109449	0.000985545	0.000892409	0.000812133	
5.2	2.51712	0.0466728	0.022972	0.0138527	0.0134344	0.00686805	0.00518841	0.00407025	0.00328477	0.00324166	0.00229637	0.00195444	0.00168605	0.00147076	0.00129513	0.00114986	0.00102824	0.000925341	0.000837474	0.000761823	
5.3	2.37882	0.0456028	0.0222993	0.0133809	0.0130158	0.00658731	0.00496084	0.00388102	0.00312434	0.0030865	0.00217518	0.00184782	0.00159134	0.00138597	0.00121871	0.00108056	0.000965075	0.000867507	0.000784296	0.000712742	
5.4	2.26173	0.0446257	0.0216875	0.0129532	0.0126354	0.00633631	0.00475954	0.00371573	0.00298614	0.00295178	0.00207391	0.00176013	0.0015147	0.00131845	0.00115883	0.00102715	0.000917166	0.000824334	0.000745224	0.000677243	
5.5	2.16107	0.043725	0.0211246	0.0125616	0.0122858	0.00611009	0.00457943	0.00356872	0.00286375	0.00283218	0.00198451	0.00168268	0.00144688	0.00125853	0.00110547	0.0009793	0.000874003	0.000785182	0.000709536	0.000644567	
5.6	2.0733	0.042889	0.020603	0.0122012	0.0119625	0.00590481	0.00441701	0.0034369	0.0027546	0.00272516	0.00190566	0.00161481	0.00138785	0.00120675	0.00105972	0.000938619	0.000837625	0.000752487	0.000680017	0.000617804	
5.7	1.99579	0.0421084	0.0201175	0.0118679	0.0116621	0.00571741	0.00426955	0.00331779	0.00265641	0.00262865	0.0018352	0.0015543	0.00133531	0.0011607	0.00101902	0.000902382	0.000805154	0.000723217	0.00065349	0.000593644	
5.8	1.92659	0.0413763	0.019664	0.0115585	0.011382	0.00554542	0.00413488	0.0032095	0.00256749	0.00254105	0.00177182	0.00150005	0.00128835	0.00111967	0.000982882	0.000870331	0.000776545	0.000697537	0.000630322	0.000572648	
5.9	1.86423	0.0406873	0.0192389	0.0112704	0.0111199	0.00538686	0.00401128	0.00311051	0.0024865	0.00246111	0.00171441	0.00145102	0.00124599	0.00108271	0.000950353	0.000841483	0.000750786	0.000674393	0.000609411	0.000553655	
6	1.80758	0.0400368	0.0188395	0.011001	0.0108739	0.00524007	0.00389734	0.0030196	0.00241236	0.00238781	0.00166212	0.00140646	0.00120756	0.00104923	0.000920935	0.000815435	0.000727564	0.000653565	0.000590626	0.00053663	
6.1	1.7558	0.0394212	0.0184631	0.0107486	0.0106425	0.00510374	0.00379193	0.00293577	0.00234419	0.00232033	0.00161424	0.00136573	0.00117248	0.00101871	0.000894134	0.000791714	0.000706419	0.000634593	0.000573506	0.000521097	
6.2	1.70822	0.0388377	0.0181079	0.0105115	0.0104243	0.00497673	0.00369409	0.0028582	0.00228127	0.00225797	0.00157022	0.00132834	0.00114032	0.000990748	0.000869603	0.000770016	0.000687089	0.000617262	0.000557876	0.000506928	
6.3	1.66432	0.0382838	0.0177721	0.0102884	0.0102183	0.00485813	0.00360304	0.00278623	0.00222303	0.00220019	0.0015296	0.00129388	0.00111071	0.000965024	0.000847046	0.00075007	0.000669321	0.000601329	0.000543503	0.000493891	
6.4	1.62369	0.0377574	0.017454	0.010078	0.0100233	0.00474716	0.00351812	0.00271927	0.00216897	0.00214651	0.00149201	0.00126203	0.00108336	0.000941278	0.00082623	0.000731669	0.000652933	0.000586636	0.00053025	0.000481873	
6.5	1.58599	0.0372568	0.0171526	0.00987945	0.00983872	0.00464315	0.00343877	0.00265687	0.00211869	0.00209654	0.00145713	0.0012325	0.00105802	0.000919292	0.000806964	0.000714641	0.000637767	0.000573038	0.000517983	0.000470746	
6.6	1.55095	0.0367804	0.0168667	0.00969182	0.00966373	0.00454554	0.00336451	0.00259861	0.00207183	0.00204994	0.00142471	0.00120508	0.00103451	0.000898891	0.00078909	0.000698845	0.0006237	0.000560424	0.000506604	0.000460424	
6.7	1.51834	0.0363269	0.0165953	0.00951439	0.00949774	0.00445383	0.00329494	0.00254415	0.0020281	0.00200643	0.00139451	0.00117956	0.00101263	0.000879924	0.000772476	0.000684164	0.000610626	0.000548701	0.000496026	0.000450827	
6.8	1.48797	0.0358953	0.0163376	0.00934651	0.00934019	0.00436759	0.0032297	0.00249318	0.00198724	0.00196576	0.00136636	0.00115578	0.000992264	0.000862265	0.000757011	0.000670499	0.000598457	0.000537788	0.00048618	0.000441893	
6.9	1.45968	0.0354845	0.0160928	0.0091876	0.00919061	0.00428645	0.00316846	0.00244544	0.00194904	0.00192769	0.00134009	0.00113361	0.000973274	0.000845808	0.000742601	0.000657767	0.000587119	0.000527621	0.000477005	0.000433568	
7	1.43334	0.0350936	0.0158603	0.00903715	0.00904855	0.00421005	0.00311096	0.00240069	0.00191328	0.00189205	0.00131555	0.00111291	0.000955556	0.000830457	0.000729162	0.000645895	0.000576548	0.000518141	0.000468451	0.000425806	
7.1	1.40881	0.0347217	0.0156395	0.00889466	0.00891361	0.00413809	0.00305692	0.00235873	0.0018798	0.00185865	0.00129261	0.00109357	0.000939015	0.000816131	0.000716624	0.00063482	0.000566687	0.000509299	0.000460472	0.000418565	
7.2	1.386	0.0343681	0.0154297	0.0087597	0.00878542	0.00407028	0.00300612	0.00231935	0.00184843	0.00182734	0.00127116	0.0010755	0.000923566	0.000802757	0.000704921	0.000624486	0.000557487	0.00050105	0.00045303	0.000411812	
7.3	1.36481	0.034032	0.0152305	0.00863186	0.00866363	0.00400636	0.00295834	0.00228239	0.00181902	0.00179796	0.00125109	0.00105861	0.000909133	0.000790267	0.000693997	0.000614842	0.000548904	0.000493356	0.000446089	0.000405515	
7.4	1.34515	0.0337129	0.0150414	0.00851074	0.00854791	0.00394606	0.00291337	0.00224766	0.00179144	0.00177038	0.0012323	0.00104281	0.000895643	0.0007786	0.000683798	0.000605841	0.000540895	0.000486179	0.000439616	0.000399643	
7.5	1.32694	0.03341	0.0148618	0.00839598	0.00843794	0.00388916	0.00287101	0.00221501	0.00176555	0.00174446	0.0012147	0.00102803	0.000883028	0.000767699	0.000674273	0.00059744	0.000533424	0.000479486	0.000433582	0.000394172	
7.6	1.31013	0.0331227	0.0146913	0.00828719	0.00833341	0.0038354	0.00283108	0.00218428	0.00174121	0.00172007	0.0011982	0.00101418	0.000871224	0.000757506	0.000665374	0.000589596	0.000526452	0.000473244	0.000427956	0.000389073	
7.7	1.29465	0.0328503	0.0145294	0.00818403	0.00823401	0.00378457	0.00279339	0.00215532	0.00171831	0.00169709	0.0011827	0.00100119	0.000860164	0.000747965	0.000657052	0.000582267	0.000519944	0.000467421	0.000422712	0.000384322	
7.8	1.28044	0.0325924	0.0143758	0.00808612	0.00813943	0.00373641	0.00275774	0.00212796	0.0016967	0.00167539	0.00116812	0.000988983	0.000849781	0.000739018	0.000649256	0.000575409	0.000513859	0.000461981	0.000417817	0.000379891	
7.9	1.26746	0.0323482	0.0142298	0.0079931	0.00804935	0.00369069	0.00272392	0.00210204	0.00167626	0.00165482	0.00115435	0.000977471	0.000840003	0.000730604	0.000641934	0.000568976	0.000508158	0.000456892	0.000413244	0.000375757	
8	1.25565	0.0321171	0.014091	0.00790456	0.00796343	0.00364715	0.00269174	0.00207739	0.00165683	0.00163523	0.00114128	0.000966562	0.000830749	0.000722652	0.000635024	0.000562912	0.000502792	0.000452107	0.000408948	0.000371876	
8.1	1.24498	0.0318984	0.0139589	0.0078201	0.00788132	0.00360551	0.00266094	0.00205381	0.00163825	0.00161648	0.0011288	0.000956151	0.00082193	0.000715084	0.000628459	0.000557163	0.000497714	0.000447589	0.000404902	0.000368231	
8.2	1.2354	0.0316914	0.0138329	0.00773926	0.00780263	0.00356544	0.00263129	0.00203107	0.00162032	0.00159837	0.00111675	0.000946111	0.000813432	0.000707799	0.000622145	0.000551638	0.000492838	0.000443253	0.000401019	0.000364732	
8.3	1.22689	0.0314952	0.0137124	0.00766153	0.00772692	0.0035266	0.00260245	0.00200891	0.00160282	0.00158067	0.00110498	0.000936293	0.000805126	0.000700688	0.000615994	0.000546269	0.000488117	0.000439072	0.000397294	0.000361395	
8.4	1.21941	0.0313088	0.0135967	0.00758631	0.0076537	0.00348855	0.00257408	0.00198702	0.00158547	0.00156314	0.00109324	0.000926488	0.000796816	0.000693558	0.000609813	0.000540862	0.000483346	0.000434832	0.000393499	0.000357978	
8.5	1.21293	0.0311309	0.0134848	0.0075129	0.00758236	0.00345076	0.0025457	0.00196499	0.00156792	0.00154541	0.00108127	0.00091647	0.000788321	0.000686279	0.000603522	0.000535383	0.000478545	0.0004306	0.000389751	0.000354643	
8.6	1.20742	0.0309597	0.0133757	0.00744039	0.00751214	0.00341251	0.00251669	0.00194226	0.00154965	0.00152702	0.00106859	0.000905754	0.000779138	0.000678319	0.000596553	0.00052923	0.000473071	0.000425697	0.000385332	0.00035064	
8.7	1.20286	0.0307923	0.0132676	0.00736756	0.0074419	0.00337286	0.00248619	0.00191808	0.00153003	0.00150735	0.00105486	0.000894153	0.000769225	0.000669775	0.000589137	0.000522754	0.000467385	0.000420683	0.000380894	0.000346696	
8.8	1.19922	0.0306242	0.0131574	0.00729225	0.00736958	0.0033304	0.00245283	0.00189099	0.00150748	0.00148505	0.00103816	0.000879611	0.000756409	0.000658373	0.000578914	0.000513525	0.000459007	0.000413038	0.000373885	0.000340245	
8.9	1.19649	0.0304474	0.0130381	0.00720922	0.00729036	0.00328276	0.00241539	0.00186067	0.00148238	0.00146016	0.0010199	0.000863862	0.000742685	0.000646313	0.000568241	0.000504024	0.000450507	0.0004054	0.000366996	0.000334011	
9	1.19463	0.0302472	0.0128926	0.00710024	0.00719012	0.00321093	0.00235533	0.00180915	0.00143733	0.00141681	0.000983658	0.000831095	0.000712789	0.000618839	0.000542842	0.000480425	0.000428482	0.000384763	0.000347595	0.000315714	
9.1	1.19359	0.0300304	0.0127317	0.00697888	0.00707787	0.00313047	0.00228808	0.00175149	0.00138697	0.00136823	0.000943226	0.000794595	0.000679539	0.00058833	0.000514682	0.000454299	0.000404136	0.000361988	0.000326214	0.00029558	
9.2	1.19399	0.0298912	0.0126311	0.00690758	0.00700877	0.00308921	0.00225583	0.00172556	0.00136569	0.0013469	0.000928048	0.000781676	0.000668434	0.000578713	0.000506305	0.000446966	0.000397692	0.000356307	0.000321193	0.000291135	
9.3	1.19578	0.0298051	0.0125636	0.00685839	0.00696069	0.00305952	0.00223214	0.0017061	0.00134934	0.00133061	0.000915786	0.000770969	0.000658983	0.000570298	0.000498757	0.000440154	0.000391509	0.000350668	0.000316027	0.000286382	
9.4	1.19895	0.0297606	0.0125203	0.00682561	0.00692794	0.00304008	0.00221717	0.00169433	0.00133996	0.00132088	0.000909532	0.000765874	0.000654808	0.000566865	0.000495932	0.00043783	0.000389602	0.000349111	0.000314765	0.00028537	
9.5	1.20348	0.0297516	0.0124978	0.00680681	0.00690819	0.00302874	0.00220858	0.00168767	0.00133468	0.00131526	0.000905959	0.000762917	0.000652323	0.000564749	0.000494108	0.000436242	0.000388206	0.000347871	0.000313654	0.000284367	
9.6	1.20936	0.029775	0.0124939	0.00680044	0.00690011	0.00302429	0.00220537	0.00168536	0.00133305	0.0013132	0.000905151	0.000762428	0.000652078	0.000564695	0.000494204	0.000436457	0.000388516	0.000348257	0.000314101	0.000284861	
9.7	1.21658	0.0298286	0.0125074	0.00680539	0.00690274	0.00302589	0.00220681	0.00168674	0.00133438	0.0013141	0.000906363	0.000763603	0.000653203	0.000565763	0.000495214	0.000437406	0.000389404	0.000349085	0.00031487	0.000285574	
9.8	1.22515	0.0299111	0.0125373	0.00682084	0.00691536	0.00303292	0.00221238	0.00169136	0.00133833	0.0013176	0.000909405	0.00076634	0.000655686	0.000568033	0.000497301	0.000439336	0.000391198	0.000350759	0.000316439	0.000287049	
9.9	1.23507	0.0300213	0.0125828	0.00684618	0.00693744	0.00304497	0.00222173	0.00169892	0.00134462	0.00132345	0.000914031	0.000770391	0.000659269	0.000571227	0.000500167	0.000441921	0.000393539	0.000352887	0.00031838	0.000288824	
10	1.24635	0.0301585	0.0126432	0.00688093	0.00696854	0.00306172	0.00223459	0.00170919	0.00135307	0.00133145	0.000920112	0.000775661	0.00066389	0.000575318	0.000503817	0.000445202	0.000396508	0.000355588	0.00032085	0.000291094	
10.1	1.25901	0.030322	0.0127182	0.00692473	0.00700834	0.00308291	0.00225075	0.001722	0.00136352	0.00134147	0.000927542	0.000782053	0.000669455	0.000580211	0.000508155	0.000449075	0.000399987	0.00035873	0.000323701	0.000293692	
10.2	1.27307	0.0305114	0.0128074	0.00697729	0.00705656	0.00310836	0.00227007	0.00173724	0.00137589	0.00135339	0.000936252	0.000789512	0.000675924	0.000585879	0.000513168	0.000453542	0.000403994	0.000362347	0.000326984	0.000296686	
10.3	1.28854	0.0307261	0.0129104	0.0070384	0.00711301	0.00313796	0.00229244	0.00175481	0.0013901	0.00136716	0.000946194	0.000797998	0.00068326	0.00059229	0.000518821	0.000458566	0.00040849	0.000366395	0.000330648	0.000300018	
10.4	1.30545	0.0309659	0.013027	0.00710791	0.00717751	0.00317159	0.0023178	0.00177467	0.00140611	0.00138272	0.00095734	0.000807487	0.000691447	0.000599432	0.00052511	0.000464149	0.000413481	0.000370886	0.000334712	0.000303715	
10.5	1.32384	0.0312304	0.0131571	0.0071857	0.00724996	0.00320919	0.00234609	0.00179677	0.00142388	0.00140005	0.000969671	0.000817967	0.000700475	0.000607296	0.000532025	0.000470281	0.000418958	0.000375809	0.000339162	0.000307758	
10.6	1.34373	0.0315195	0.0133006	0.00727169	0.00733026	0.00325074	0.00237728	0.0018211	0.00144342	0.00141911	0.000983183	0.000829435	0.000710342	0.000615883	0.00053957	0.000476966	0.000424926	0.000381171	0.000344008	0.000312161	
10.7	1.36517	0.031833	0.0134573	0.00736585	0.00741834	0.0032962	0.00241137	0.00184765	0.0014647	0.00143993	0.000997878	0.000841894	0.000721053	0.000625197	0.000547749	0.00048421	0.000431388	0.000386975	0.000349251	0.000316922	
10.8	1.3882	0.0321707	0.0136272	0.00746814	0.00751417	0.00334559	0.00244837	0.00187643	0.00148776	0.00146249	0.00101377	0.000855356	0.000732618	0.000635248	0.000556572	0.00049202	0.000438355	0.00039323	0.000354901	0.000322052	
10.9	1.41288	0.0325326	0.0138103	0.0075786	0.00761774	0.00339893	0.0024883	0.00190747	0.0015126	0.00148682	0.00103087	0.000869836	0.000745053	0.000646051	0.00056605	0.000500409	0.000445835	0.000399945	0.000360965	0.000327557	
11	1.43925	0.0329187	0.0140067	0.00769724	0.00772904	0.00345625	0.00253119	0.0019408	0.00153926	0.00151295	0.0010492	0.000885355	0.000758375	0.000657621	0.0005762	0.00050939	0.000453843	0.000407133	0.000367455	0.000333449	
11.1	1.46738	0.0333288	0.0142163	0.00782413	0.00784809	0.0035176	0.00257709	0.00197646	0.00156778	0.00154091	0.00106881	0.00090194	0.000772608	0.00066998	0.00058704	0.00051898	0.000462392	0.000414806	0.000374383	0.000339738	
11.2	1.49733	0.0337631	0.0144392	0.00795934	0.00797492	0.00358305	0.00262606	0.00201449	0.00159819	0.00157073	0.0010897	0.00091962	0.000787778	0.000683152	0.000598591	0.000529199	0.000471501	0.000422981	0.000381764	0.000346437	
11.3	1.52919	0.0342214	0.0146754	0.00810295	0.00810958	0.00365267	0.00267816	0.00205496	0.00163055	0.00160247	0.00111194	0.000938429	0.000803917	0.000697162	0.000610877	0.000540067	0.000481189	0.000431675	0.000389612	0.000353562	
11.4	1.56302	0.0347039	0.0149252	0.00825505	0.0082521	0.00372654	0.00273347	0.00209794	0.00166492	0.00163618	0.00113555	0.000958406	0.000821057	0.000712042	0.000623926	0.00055161	0.000491478	0.000440907	0.000397947	0.000361127	
11.5	1.59893	0.0352105	0.0151885	0.00841578	0.00840256	0.00380477	0.00279208	0.0021435	0.00170136	0.00167192	0.0011606	0.000979595	0.000839237	0.000727825	0.000637766	0.000563852	0.00050239	0.0004507	0.000406788	0.000369151	
11.6	1.637	0.0357414	0.0154655	0.00858524	0.00856103	0.00388744	0.00285407	0.00219171	0.00173994	0.00170976	0.00118713	0.00100204	0.000858499	0.000744548	0.00065243	0.000576825	0.000513953	0.000461076	0.000416156	0.000377654	
11.7	1.67736	0.0362965	0.0157563	0.00876356	0.00872756	0.00397469	0.00291955	0.00224267	0.00178074	0.00174976	0.0012152	0.0010258	0.000878887	0.000762251	0.000667956	0.000590559	0.000526196	0.000472063	0.000426074	0.000386656	
11.8	1.72011	0.0368758	0.016061	0.00895089	0.00890223	0.00406661	0.00298861	0.00229647	0.00182384	0.00179201	0.00124488	0.00105092	0.000900451	0.000780978	0.000684381	0.00060509	0.000539149	0.000483688	0.00043657	0.000396183	
11.9	1.76539	0.0374795	0.0163797	0.00914737	0.00908512	0.00416335	0.00306139	0.00235321	0.00186933	0.00183658	0.00127623	0.00107747	0.000923247	0.000800777	0.000701749	0.000620457	0.000552849	0.000495984	0.000447671	0.00040626	
12	1.81335	0.0381075	0.0167125	0.00935312	0.0092763	0.00426502	0.00313798	0.002413	0.00191731	0.00188356	0.00130934	0.00110551	0.000947331	0.000821701	0.000720107	0.000636703	0.000567333	0.000508984	0.000459409	0.000416914	
12.1	1.86415	0.0387597	0.0170596	0.00956829	0.00947581	0.00437176	0.00321852	0.00247595	0.00196787	0.00193305	0.00134427	0.00113512	0.000972768	0.000843807	0.000739506	0.000653872	0.000582643	0.000522727	0.000471819	0.00042818	
12.2	1.91797	0.0394361	0.017421	0.00979302	0.00968373	0.0044837	0.00330313	0.00254217	0.00202112	0.00198513	0.00138111	0.00116636	0.000999627	0.000867156	0.000760002	0.000672016	0.000598825	0.000537254	0.000484938	0.00044009	
12.3	1.97501	0.0401367	0.0177968	0.0100274	0.00990009	0.00460097	0.00339194	0.00261179	0.00207717	0.00203991	0.00141996	0.00119933	0.00102798	0.000891816	0.000781656	0.00069119	0.000615929	0.000552613	0.00049881	0.000452686	
12.4	2.03551	0.0408613	0.018187	0.0102716	0.0101249	0.00472372	0.00348509	0.00268492	0.00213614	0.00209749	0.0014609	0.00123411	0.00105791	0.000917859	0.000804534	0.000711454	0.00063401	0.00056885	0.000513477	0.000466003	
12.5	2.09972	0.0416096	0.0185917	0.0105256	0.0103582	0.00485206	0.00358268	0.00276169	0.00219813	0.00215796	0.00150405	0.00127078	0.0010895	0.000945364	0.000828708	0.000732877	0.000653132	0.000586029	0.000528999	0.000480103	
12.6	2.16796	0.0423814	0.0190107	0.0107896	0.0106	0.0049861	0.00368486	0.00284223	0.00226328	0.00222143	0.0015495	0.00130946	0.00112284	0.000974415	0.000854256	0.000755526	0.000673354	0.0006042	0.00054542	0.000495017	
12.7	2.24056	0.0431763	0.0194442	0.0110636	0.0108501	0.00512597	0.00379174	0.00292665	0.00233169	0.002288	0.00159736	0.00135025	0.00115803	0.00100511	0.000881267	0.000779489	0.000694766	0.000623452	0.000562829	0.000510842	
12.8	2.31797	0.0439939	0.0198918	0.0113476	0.0111086	0.00527173	0.00390342	0.00301507	0.00240349	0.00235777	0.00164775	0.00139324	0.00119518	0.00103753	0.000909824	0.000804839	0.000717424	0.000643829	0.000581254	0.000527585	
12.9	2.40068	0.0448337	0.0203534	0.0116414	0.0113752	0.00542345	0.00401999	0.00310759	0.00247879	0.0024308	0.00170078	0.00143856	0.00123438	0.0010718	0.000940047	0.0008317	0.000741462	0.000665474	0.000600854	0.000545421	
13	2.48933	0.045695	0.0208288	0.0119451	0.0116497	0.00558115	0.0041415	0.00320429	0.00255768	0.00250718	0.00175654	0.0014863	0.00127575	0.001108	0.000972001	0.000860116	0.000766899	0.000688377	0.000621584	0.000564273	
13.1	2.58474	0.046577	0.0213174	0.0122583	0.0119319	0.00574479	0.00426798	0.00330522	0.00264023	0.00258693	0.00181515	0.00153659	0.00131941	0.00114629	0.00100587	0.000890302	0.000793983	0.000712825	0.000643772	0.000584509	
13.2	2.68795	0.0474787	0.0218185	0.0125807	0.0122212	0.00591425	0.00439935	0.00341037	0.00272646	0.00267004	0.00187665	0.00158946	0.00136539	0.00118666	0.0010416	0.000922151	0.000822552	0.000738593	0.000667127	0.00060577	
13.3	2.80034	0.0483988	0.0223314	0.0129117	0.0125171	0.00608921	0.00453544	0.00351961	0.00281632	0.00275641	0.00194109	0.00164504	0.00141388	0.00122939	0.00107957	0.000956142	0.000853179	0.000766351	0.000692417	0.000628921	
13.4	2.92382	0.0493355	0.0228544	0.0132502	0.0128184	0.00626912	0.00467581	0.00363263	0.00290954	0.00284575	0.0020082	0.001703	0.0014645	0.00127399	0.00111917	0.000991548	0.000885018	0.000795132	0.000718554	0.000652756	
13.5	3.06099	0.0502852	0.0233852	0.0135944	0.0131236	0.00645285	0.0048196	0.00374879	0.0030057	0.00293755	0.00207804	0.00176367	0.00151781	0.0013213	0.00116151	0.0010297	0.000919627	0.000826699	0.00074749	0.000679398	
13.6	3.21553	0.051241	0.0239197	0.0139409	0.0134297	0.00663824	0.004965	0.00386643	0.00310314	0.00303035	0.00214863	0.00182483	0.00157138	0.00136862	0.00120365	0.00106748	0.000953682	0.000857563	0.000775591	0.000705092	
13.7	3.39269	0.0521879	0.0244499	0.0142838	0.0137319	0.0068211	0.00510885	0.00398348	0.0032009	0.00312275	0.00222098	0.00188835	0.00162778	0.00141918	0.00124933	0.00110904	0.000991724	0.000892562	0.000807941	0.000735114	
13.8	3.60005	0.0530905	0.0249571	0.0146113	0.0140193	0.00699204	0.00524133	0.00408946	0.00328781	0.00320533	0.00228289	0.00194173	0.00167436	0.00146024	0.00128584	0.00114175	0.00102123	0.000919335	0.000832359	0.000757489	
13.9	3.84864	0.0538666	0.0253892	0.0148911	0.0142618	0.007142	0.0053601	0.00418672	0.00336957	0.00328168	0.00234413	0.00199592	0.00172286	0.00150409	0.00132581	0.00117845	0.00105514	0.000950836	0.000861769	0.000785064	
14	4.15466	0.0543216	0.0255739	0.0149673	0.014341	0.00713908	0.00534382	0.00416307	0.00334192	0.00325823	0.00231318	0.00196498	0.00169231	0.00147418	0.00129669	0.0011502	0.00102781	0.000924428	0.000836279	0.000760475	
14.1	4.52286	0.0553446	0.026107	0.0152875	0.0146262	0.00728296	0.00544756	0.00424003	0.00340022	0.00331373	0.0023478	0.00199211	0.00171363	0.00149093	0.0013098	0.00116038	0.0010356	0.000930259	0.000840488	0.000763334	
14.2	4.80908	0.0566115	0.0268323	0.0157668	0.0150425	0.00754631	0.00565633	0.0044106	0.00354288	0.00344781	0.00245314	0.00208433	0.00179526	0.00156385	0.00137546	0.00121991	0.00108991	0.000980071	0.0008864	0.000805837	
14.3	5.0403	0.057909	0.0275651	0.0162409	0.0154615	0.00779387	0.00584724	0.0045624	0.00366647	0.00356589	0.00253981	0.00215833	0.00185918	0.0016196	0.00142449	0.00126336	0.00112865	0.00101483	0.000917741	0.000834228	
14.4	5.23335	0.0591705	0.0282711	0.0166959	0.0158659	0.00803352	0.00603372	0.00471234	0.00379013	0.00368372	0.00262907	0.00223567	0.00192697	0.00167962	0.00147808	0.00131156	0.00117228	0.00105455	0.000954092	0.000867646	
14.5	5.3989	0.0603771	0.0289432	0.0171274	0.0162514	0.00825823	0.00620696	0.00485009	0.00390229	0.00379155	0.00270775	0.00230277	0.00198485	0.00173003	0.00152235	0.00135073	0.00120716	0.00108578	0.000982206	0.000893072	
14.6	5.54378	0.0615251	0.0295801	0.0175343	0.0166168	0.00846835	0.00636847	0.00497838	0.00400683	0.00389216	0.00278163	0.00236614	0.0020399	0.00177836	0.00156518	0.00138898	0.00124157	0.00111693	0.00101055	0.000919004	
14.7	5.6725	0.0626149	0.0301823	0.0179172	0.0169623	0.00866428	0.0065184	0.0050969	0.00410289	0.00398499	0.00284866	0.00242318	0.00208902	0.00182107	0.00160265	0.00142209	0.00127102	0.00114328	0.00103425	0.000940421	
14.8	5.78809	0.0636479	0.0307507	0.0182768	0.0172883	0.00884685	0.00665761	0.00520663	0.00419166	0.00407093	0.00291057	0.00247592	0.00213455	0.00186081	0.00163766	0.00145321	0.00129888	0.00116839	0.00105702	0.000961173	
14.9	5.89265	0.0646254	0.0312864	0.0186142	0.0175953	0.00901686	0.00678679	0.00530813	0.00427353	0.00415036	0.00296731	0.00252409	0.00217594	0.00189677	0.00166918	0.00148104	0.00132363	0.00119054	0.00107695	0.000979186	
15	5.98771	0.0655486	0.0317904	0.0189303	0.017884	0.00917504	0.00690661	0.00540204	0.00434911	0.0042238	0.00301958	0.00256844	0.00221408	0.00192994	0.00169831	0.00150685	0.00134667	0.00121124	0.00109567	0.000996213	
15.1	6.07438	0.0664185	0.0322636	0.0192259	0.0181548	0.00932204	0.00701765	0.00548885	0.00441883	0.00429164	0.00306762	0.00260913	0.002249	0.00196024	0.00172485	0.00153028	0.00136751	0.0012299	0.00111246	0.0010114	
15.2	6.15354	0.067236	0.0327069	0.0195019	0.0184084	0.00945844	0.00712041	0.00556902	0.00448311	0.00435426	0.00311182	0.00264654	0.0022811	0.0019881	0.00174927	0.00155188	0.00138676	0.00124716	0.00112805	0.00102556	
15.3	6.22587	0.0680019	0.033121	0.0197589	0.0186451	0.00958475	0.00721534	0.00564295	0.00454229	0.00441197	0.00315242	0.00268086	0.00231052	0.0020136	0.00177159	0.00157159	0.00140429	0.00126286	0.00114218	0.00103835	
15.4	6.29194	0.0687167	0.0335067	0.0199974	0.0188654	0.00970143	0.00730286	0.00571098	0.00459667	0.00446504	0.00318966	0.00271233	0.00233748	0.00203698	0.00179206	0.00158967	0.00142039	0.0012773	0.00115521	0.00105017	
15.5	6.35222	0.0693812	0.0338646	0.0202182	0.0190698	0.00980892	0.00738333	0.00577343	0.00464653	0.00451373	0.00322376	0.00274112	0.00236214	0.00205834	0.00181076	0.00160617	0.00143507	0.00129044	0.00116705	0.00106089	
15.6	6.40709	0.0699959	0.0341953	0.0204218	0.0192584	0.00990759	0.00745706	0.00583058	0.00469212	0.00455828	0.00325488	0.00276739	0.00238463	0.00207782	0.00182781	0.00162123	0.00144847	0.00130245	0.00117787	0.0010707	
15.7	6.45691	0.0705614	0.0344992	0.0206085	0.0194318	0.00999779	0.00752436	0.00588268	0.00473363	0.00459887	0.0032832	0.00279129	0.00240508	0.00209553	0.0018433	0.00163491	0.00146063	0.00131334	0.00118769	0.00107959	
15.8	6.50194	0.0710783	0.0347771	0.0207789	0.0195903	0.0100798	0.00758549	0.00592996	0.00477128	0.00463568	0.00330885	0.00281292	0.00242359	0.00211156	0.00185733	0.00164729	0.00147165	0.00132321	0.00119659	0.00108766	
15.9	6.54246	0.071547	0.0350293	0.0209334	0.019734	0.010154	0.0076407	0.00597261	0.00480522	0.00466889	0.00333196	0.00283241	0.00244026	0.002126	0.00186996	0.00165843	0.00148156	0.00133209	0.00120458	0.00109491	
16	6.57867	0.0719679	0.0352562	0.0210723	0.0198634	0.0102206	0.00769019	0.00601082	0.0048356	0.00469863	0.00335264	0.00284984	0.00245517	0.00213891	0.00188125	0.0016684	0.00149043	0.00134003	0.00121174	0.00110139	
16.1	6.61076	0.0723415	0.0354583	0.0211961	0.0199786	0.0102797	0.00773416	0.00604474	0.00486257	0.00472503	0.00337098	0.0028653	0.00246839	0.00215035	0.00189126	0.00167724	0.00149829	0.00134707	0.00121809	0.00110714	
16.2	6.6389	0.0726681	0.0356359	0.0213049	0.0200799	0.0103317	0.00777277	0.00607452	0.00488623	0.00474819	0.00338707	0.00287885	0.00247999	0.00216039	0.00190004	0.00168498	0.00150518	0.00135324	0.00122365	0.00111218	
16.3	6.66323	0.072948	0.0357892	0.0213991	0.0201675	0.0103767	0.00780618	0.00610028	0.00490669	0.00476823	0.00340097	0.00289057	0.00249001	0.00216906	0.00190763	0.00169168	0.00151113	0.00135858	0.00122846	0.00111654	
16.4	6.68386	0.0731814	0.0359187	0.0214789	0.0202414	0.0104149	0.0078345	0.00612212	0.00492403	0.00478522	0.00341276	0.0029005	0.0024985	0.00217641	0.00191406	0.00169736	0.00151618	0.0013631	0.00123253	0.00112023	
16.5	6.70089	0.0733686	0.0360244	0.0215444	0.020302	0.0104463	0.00785785	0.00614012	0.00493834	0.00479923	0.00342248	0.00290869	0.0025055	0.00218248	0.00191936	0.00170204	0.00152035	0.00136683	0.00123589	0.00112328	
16.6	6.71441	0.0735096	0.0361065	0.0215959	0.0203492	0.0104712	0.00787632	0.00615437	0.00494966	0.00481031	0.00343017	0.00291518	0.00251105	0.00218728	0.00192356	0.00170574	0.00152364	0.00136978	0.00123855	0.00112569	
16.7	6.72449	0.0736045	0.0361652	0.0216334	0.0203831	0.0104895	0.00788997	0.00616492	0.00495804	0.00481853	0.00343587	0.00291999	0.00251516	0.00219084	0.00192667	0.00170849	0.00152609	0.00137197	0.00124053	0.00112748	
16.8	6.73116	0.0736533	0.0362006	0.0216571	0.0204038	0.0105013	0.00789886	0.0061718	0.00496353	0.0048239	0.00343961	0.00292314	0.00251786	0.00219317	0.00192872	0.00171029	0.00152769	0.00137341	0.00124182	0.00112865	
16.9	6.73446	0.073656	0.0362125	0.0216669	0.0204114	0.0105068	0.00790302	0.00617506	0.00496614	0.00482645	0.0034414	0.00292465	0.00251915	0.0021943	0.0019297	0.00171116	0.00152847	0.0013741	0.00124245	0.00112922	
17	6.73442	0.0736123	0.0362011	0.0216629	0.0204057	0.0105058	0.00790245	0.0061747	0.00496589	0.0048262	0.00344125	0.00292453	0.00251905	0.00219421	0.00192963	0.0017111	0.00152841	0.00137405	0.0012424	0.00112918	
17.1	6.73104	0.0735221	0.0361663	0.021645	0.0203868	0.0104984	0.00789717	0.00617073	0.00496278	0.00482313	0.00343917	0.00292278	0.00251756	0.00219292	0.0019285	0.0017101	0.00152753	0.00137326	0.00124169	0.00112853	
17.2	6.72431	0.0733851	0.0361078	0.0216132	0.0203545	0.0104845	0.00788715	0.00616312	0.00495679	0.00481725	0.00343513	0.00291939	0.00251467	0.00219042	0.00192631	0.00170818	0.00152581	0.00137173	0.00124031	0.00112728	
17.3	6.7142	0.073201	0.0360255	0.0215673	0.0203088	0.0104641	0.00787234	0.00615184	0.0049479	0.00480853	0.00342914	0.00291435	0.00251036	0.0021867	0.00192306	0.00170531	0.00152326	0.00136944	0.00123825	0.00112542	
17.4	6.70068	0.0729692	0.0359191	0.0215072	0.0202495	0.0104372	0.00785269	0.00613686	0.00493608	0.00479692	0.00342116	0.00290764	0.00250463	0.00218174	0.00191873	0.00170148	0.00151986	0.0013664	0.00123551	0.00112293	
17.5	6.68368	0.0726892	0.0357884	0.0214327	0.0201763	0.0104035	0.00782812	0.00611811	0.00492128	0.00478239	0.00341116	0.00289923	0.00249745	0.00217553	0.0019133	0.0016967	0.0015156	0.00136259	0.00123207	0.00111982	
17.6	6.66315	0.0723604	0.0356329	0.0213435	0.0200891	0.0103631	0.00779853	0.0060955	0.00490343	0.00476487	0.0033991	0.00288909	0.00248879	0.00216804	0.00190675	0.00169092	0.00151047	0.00135799	0.00122793	0.00111606	
17.7	6.639	0.0719821	0.0354523	0.0212393	0.0199876	0.0103156	0.00776379	0.00606896	0.00488246	0.00474428	0.00338493	0.00287717	0.00247861	0.00215923	0.00189906	0.00168413	0.00150443	0.00135258	0.00122306	0.00111166	
17.8	6.61111	0.0715535	0.0352459	0.0211197	0.0198715	0.010261	0.00772376	0.00603835	0.00485828	0.00472054	0.00336859	0.00286342	0.00246687	0.00214908	0.00189018	0.0016763	0.00149747	0.00134635	0.00121744	0.00110656	
17.9	6.57937	0.0710735	0.0350132	0.0209844	0.0197404	0.0101989	0.00767827	0.00600354	0.00483077	0.00469354	0.00335	0.00284778	0.00245351	0.00213753	0.00188009	0.0016674	0.00148956	0.00133926	0.00121106	0.00110079	
18	6.54364	0.0705411	0.0347535	0.0208329	0.0195939	0.0101292	0.0076271	0.00596438	0.00479982	0.00466315	0.00332908	0.00283018	0.00243848	0.00212453	0.00186873	0.00165738	0.00148064	0.00133128	0.00120387	0.00109426	
18.1	6.50373	0.0699551	0.0344661	0.0206646	0.0194315	0.0100515	0.00757003	0.00592068	0.00476527	0.00462922	0.00330572	0.00281054	0.0024217	0.00211003	0.00185605	0.0016462	0.00147071	0.00132239	0.00119586	0.00108702	
18.2	6.45946	0.0693141	0.0341501	0.0204789	0.0192527	0.00996553	0.00750679	0.00587223	0.00472694	0.00459158	0.0032798	0.00278874	0.00240309	0.00209393	0.00184198	0.00163379	0.00145967	0.0013125	0.00118695	0.00107893	
18.3	6.41061	0.0686166	0.0338044	0.0202751	0.0190569	0.00987081	0.00743707	0.00581878	0.00468465	0.00455005	0.0032512	0.00276468	0.00238255	0.00207618	0.00182647	0.00162012	0.00144752	0.00130164	0.00117717	0.00107009	
18.4	6.35691	0.0678608	0.033428	0.0200525	0.0188433	0.00976692	0.00736051	0.00576004	0.00463816	0.00450438	0.00321975	0.00273823	0.00235996	0.00205664	0.0018094	0.00160506	0.00143413	0.00128963	0.00116634	0.00106026	
18.5	6.29807	0.0670447	0.0330195	0.01981	0.0186112	0.00965333	0.00727669	0.00569568	0.00458719	0.00445432	0.00318526	0.00270923	0.00233521	0.00203525	0.00179072	0.0015886	0.00141951	0.00127657	0.0011546	0.00104966	
18.6	6.23374	0.066166	0.0325776	0.0195468	0.0183596	0.00952943	0.00718514	0.00562532	0.00453145	0.00439956	0.00314752	0.00267748	0.0023081	0.00201181	0.00177023	0.00157051	0.00140342	0.00126214	0.00114157	0.00103781	
18.7	6.16352	0.065222	0.0321005	0.0192614	0.0180875	0.00939451	0.0070853	0.00554851	0.00447055	0.00433972	0.00310628	0.0026428	0.0022785	0.00198625	0.00174792	0.00155089	0.00138602	0.00124661	0.00112764	0.00102526	
18.8	6.08693	0.0642095	0.0315861	0.0189526	0.0177937	0.00924775	0.00697649	0.0054647	0.00440405	0.00427439	0.00306119	0.00260486	0.00224609	0.00195821	0.0017234	0.00152922	0.00136671	0.00122928	0.00111196	0.00101098	
18.9	6.0034	0.0631249	0.0310322	0.0186187	0.0174767	0.00908812	0.00685792	0.00537324	0.00433141	0.00420302	0.00301194	0.00256345	0.00221078	0.00192775	0.00169686	0.00150592	0.00134611	0.00121094	0.00109556	0.000996253	
19	5.91223	0.0619636	0.0304357	0.0182575	0.0171346	0.00891442	0.00672861	0.00527334	0.00425197	0.00412496	0.00295792	0.00251794	0.00217186	0.00189403	0.00166732	0.00147977	0.00132275	0.00118991	0.00107648	0.000978819	
19.1	5.81253	0.0607201	0.0297931	0.0178665	0.0167653	0.00872512	0.00658733	0.00516399	0.00416492	0.00403943	0.0028988	0.00246826	0.00212956	0.00185762	0.00163571	0.00145211	0.0012984	0.00116835	0.0010573	0.000961696	
19.2	5.70315	0.0593874	0.0290997	0.0174425	0.0163658	0.00851829	0.00643252	0.00504387	0.00406906	0.0039453	0.00283323	0.00241285	0.002082	0.00181627	0.00159933	0.00141979	0.0012694	0.00114212	0.00103341	0.000939774	
19.3	5.58254	0.0579566	0.0283497	0.0169813	0.0159326	0.00829139	0.00626215	0.00491141	0.00396331	0.00384138	0.00276137	0.00235257	0.00203085	0.00177245	0.00156149	0.00138689	0.00124064	0.00111686	0.00101112	0.000920036	
19.4	5.44857	0.0564157	0.0275352	0.0164771	0.0154606	0.008041	0.00607332	0.00476387	0.00384476	0.00372522	0.00267914	0.00228256	0.00197031	0.00171941	0.0015145	0.00134483	0.00120267	0.00108232	0.000979477	0.000890879	
19.5	5.29814	0.0547479	0.0266456	0.0159221	0.0149431	0.00776249	0.0058627	0.0045994	0.00371325	0.00359582	0.00259018	0.00220833	0.00190774	0.00166623	0.00146897	0.00130563	0.00116875	0.00105282	0.000953732	0.000868332	
19.6	5.12665	0.0529272	0.0256665	0.0153053	0.0143709	0.0074483	0.00562262	0.00440908	0.00355794	0.00344467	0.00247907	0.00211233	0.00182363	0.00159167	0.00140224	0.0012454	0.00111398	0.00100272	0.000907636	0.000825712	
19.7	4.92714	0.0509084	0.0245765	0.0146106	0.0137307	0.00709104	0.00535201	0.00419847	0.0033906	0.00327906	0.00236784	0.00202039	0.00174686	0.00152705	0.00134747	0.0011987	0.00107398	0.000968294	0.000877915	0.000799979	
19.8	4.68872	0.0486006	0.0233364	0.0138144	0.0130013	0.00665548	0.00500647	0.00391513	0.00315256	0.00305055	0.00218988	0.00186407	0.00160806	0.0014027	0.00123522	0.00109672	0.000980779	0.000882693	0.000798932	0.000726802	
19.9	4.39421	0.0457923	0.0218258	0.0128762	0.0121243	0.00619584	0.00466411	0.00365191	0.00294527	0.00284327	0.00205363	0.00175187	0.0015147	0.00132436	0.00116905	0.00104053	0.000932864	0.000841711	0.000763806	0.00069666	
20	4.01609	0.0419386	0.0194364	0.0111956	0.0106509	0.00517705	0.00383047	0.00295168	0.00234528	0.00227392	0.00159105	0.00134011	0.00114464	0.000989129	0.00086329	0.000759991	0.000674129	0.000601976	0.000540756	0.000488363	
