Numero de iteracoes: 13
Erro: 2.54018e-07
Tempo de Resolucao do Problema: 223.227 segundos
/////////////////////////////////////////////
Posicao	Fluxo Escalar
	Grupo de Energia 1	Grupo de Energia 2	Grupo de Energia 3	Grupo de Energia 4	Grupo de Energia 5	Grupo de Energia 6	Grupo de Energia 7	Grupo de Energia 8	Grupo de Energia 9	Grupo de Energia 10	Grupo de Energia 11	Grupo de Energia 12	Grupo de Energia 13	Grupo de Energia 14	Grupo de Energia 15	Grupo de Energia 16	Grupo de Energia 17	Grupo de Energia 18	Grupo de Energia 19	Grupo de Energia 20
0	1.86447	0.0349928	0.0171042	0.0102501	0.010067	0.00504836	0.00379906	0.0029713	0.00239194	0.0023736	0.00166803	0.00141689	0.00122029	0.00106286	0.000934621	0.000828653	0.000740016	0.000665083	0.000601135	0.000546104	
0.1	1.88367	0.0365617	0.0181602	0.0110461	0.0107631	0.00558918	0.00426041	0.00337341	0.00274809	0.00271305	0.00195983	0.00168299	0.00146491	0.00128918	0.00114515	0.00102541	0.000924667	0.000839001	0.000765478	0.000701851	
0.2	1.90554	0.0379713	0.0190616	0.0116927	0.0113449	0.00598856	0.00458603	0.00364504	0.00297862	0.00293919	0.00213398	0.0018357	0.00160004	0.00140965	0.00125323	0.00112293	0.00101308	0.000919525	0.000839105	0.000769417	
0.3	1.93012	0.0392495	0.0198462	0.0122357	0.0118432	0.00630524	0.00483868	0.00385212	0.00315198	0.00311099	0.00226284	0.00194826	0.00169954	0.00149849	0.00133325	0.00119554	0.00107942	0.000980498	0.000895449	0.000821735	
0.4	1.95749	0.0404189	0.0205418	0.0127059	0.0122797	0.00657151	0.00504955	0.00402423	0.0032958	0.00325384	0.00236975	0.0020417	0.00178217	0.00157225	0.00139961	0.00125564	0.00113416	0.00103059	0.000941481	0.000864192	
0.5	1.98775	0.0414976	0.0211691	0.0131239	0.0126701	0.00680546	0.00523463	0.00417532	0.00342209	0.00337927	0.00246356	0.00212357	0.0018544	0.00163653	0.00145723	0.00130762	0.0011813	0.00107354	0.000980789	0.0009003	
0.6	2.02103	0.0425	0.0217432	0.0135037	0.0130252	0.00701746	0.00540248	0.0043124	0.00353664	0.00349299	0.00254839	0.00219742	0.00191938	0.0016942	0.00150877	0.00135397	0.00122322	0.00111164	0.00101557	0.000932177	
0.7	2.05747	0.0434373	0.0222752	0.0138547	0.0133529	0.0072136	0.00555791	0.00443933	0.00364261	0.00359812	0.00262659	0.00226536	0.00197904	0.00174704	0.00155592	0.00139632	0.00126146	0.00114636	0.00104722	0.000961163	
0.8	2.09723	0.0443181	0.022773	0.0141833	0.0136585	0.00739755	0.00570374	0.00455837	0.0037419	0.00369648	0.00269966	0.00232879	0.00203469	0.00179629	0.00159984	0.00143574	0.00129705	0.00117866	0.00107668	0.000988134	
0.9	2.14053	0.0451484	0.0232421	0.0144936	0.0139456	0.00757155	0.00584169	0.00467093	0.00383572	0.00378923	0.00276861	0.00238863	0.00208718	0.00184276	0.00164128	0.00147295	0.00133067	0.00120919	0.00110453	0.00101366	
1	2.18759	0.0459322	0.0236858	0.0147881	0.0142166	0.00773686	0.00597276	0.00477783	0.00392482	0.00387705	0.00283406	0.00244546	0.00213707	0.00188695	0.00168074	0.00150842	0.00136274	0.00123834	0.00113117	0.00103809	
1.1	2.23866	0.0466713	0.0241059	0.015068	0.0144726	0.0078941	0.0060974	0.00487949	0.00400955	0.00396029	0.00289635	0.0024996	0.00218465	0.00192916	0.00171847	0.00154238	0.00139349	0.00126634	0.00115678	0.00106163	
1.2	2.29404	0.0473654	0.0245026	0.0153333	0.0147136	0.00804326	0.00621566	0.00497595	0.00408998	0.00403898	0.00295553	0.0025511	0.00222998	0.00196941	0.00175451	0.00157488	0.00142297	0.00129323	0.00118142	0.00108431	
1.3	2.35407	0.048012	0.0248744	0.015583	0.0149387	0.00818377	0.00632709	0.00506685	0.00416579	0.00411283	0.00301135	0.00259974	0.00227284	0.00200755	0.00178871	0.00160576	0.00145104	0.00131887	0.00120497	0.00110603	
1.4	2.41912	0.0486063	0.0252178	0.0158146	0.015146	0.00831434	0.00643068	0.00515136	0.00423628	0.00418117	0.00306325	0.002645	0.00231277	0.00204311	0.00182065	0.00163465	0.00147733	0.00134294	0.00122711	0.00112649	
1.5	2.4896	0.049141	0.0255276	0.0160242	0.0153318	0.00843267	0.00652463	0.00522802	0.00430021	0.0042428	0.00311024	0.00268598	0.00234893	0.00207533	0.00184961	0.00166087	0.00150122	0.00136484	0.00124728	0.00114516	
1.6	2.56597	0.0496055	0.0257955	0.0162055	0.0154912	0.00853495	0.00660592	0.00529436	0.00435549	0.00429574	0.00315071	0.00272123	0.00237999	0.00210297	0.00187442	0.00168332	0.00152168	0.00138359	0.00126457	0.00116117	
1.7	2.64876	0.049986	0.0260104	0.0163491	0.0156165	0.00861488	0.00666937	0.00534608	0.00439854	0.0043365	0.00318197	0.00274837	0.0024038	0.00212406	0.00189326	0.00170029	0.00153707	0.00139764	0.00127748	0.00117311	
1.8	2.73855	0.0502642	0.0261563	0.0164413	0.0156971	0.00866185	0.00670582	0.00537528	0.0044225	0.00435863	0.00319887	0.0027629	0.00241641	0.00213509	0.00190298	0.00170889	0.00154472	0.00140449	0.00128362	0.00117864	
1.9	2.83597	0.0504168	0.0262116	0.0164616	0.015718	0.00865757	0.00669825	0.00536623	0.00441296	0.00434893	0.00318939	0.00275399	0.0024081	0.00212739	0.00189587	0.00170236	0.00153874	0.00139901	0.00127863	0.00117408	
2	2.94173	0.0504144	0.0261468	0.0163797	0.015658	0.00856979	0.00661385	0.00528566	0.00433632	0.00427839	0.00311947	0.00268767	0.00234506	0.00206735	0.0018386	0.00164765	0.00148639	0.00134885	0.0012305	0.00112784	
2.1	3.07357	0.0506798	0.0262481	0.0164155	0.0156962	0.00855403	0.00658868	0.005255	0.00430248	0.0042464	0.00308234	0.00265045	0.00230803	0.00203073	0.00180253	0.00161221	0.00145165	0.00131483	0.00119721	0.0010953	
2.2	3.19066	0.0510448	0.0264374	0.0165325	0.0157971	0.00861168	0.00663308	0.00529055	0.00433185	0.00427222	0.00310365	0.00266922	0.00232479	0.00204588	0.00181635	0.00162494	0.00146346	0.00132586	0.00120756	0.00110506	
2.3	3.29439	0.0514693	0.0266759	0.0166915	0.0159323	0.00870111	0.00670485	0.0053497	0.00438156	0.00431794	0.00314017	0.00270105	0.00235274	0.00207059	0.00183832	0.00164457	0.00148107	0.00134172	0.0012219	0.00111806	
2.4	3.38598	0.0519228	0.0269372	0.0168684	0.0160834	0.00880221	0.00678596	0.00541643	0.00443753	0.00437012	0.00318134	0.00273698	0.00238443	0.00209878	0.00186361	0.00166742	0.00150185	0.00136074	0.00123941	0.00113426	
2.5	3.46646	0.0523825	0.0272031	0.0170485	0.0162381	0.00890479	0.00686805	0.00548389	0.00449413	0.00442316	0.00322316	0.00277361	0.00241685	0.00212774	0.00188967	0.00169104	0.00152339	0.00138049	0.00125759	0.00115108	
2.6	3.53674	0.0528315	0.0274613	0.0172226	0.0163885	0.00900332	0.00694682	0.00554862	0.0045485	0.00447423	0.00326352	0.00280902	0.00244825	0.00215582	0.00191498	0.001714	0.00154434	0.0013997	0.00127529	0.00116745	
2.7	3.59762	0.0532571	0.0277035	0.0173847	0.0165293	0.00909461	0.00701976	0.00560862	0.00459896	0.00452169	0.00330107	0.00284201	0.00247751	0.00218201	0.00193859	0.00173542	0.00156388	0.00141762	0.0012918	0.00118272	
2.8	3.64974	0.0536498	0.027924	0.017531	0.016657	0.00917667	0.00708534	0.00566259	0.0046444	0.00456444	0.00333495	0.00287177	0.00250393	0.00220566	0.00195991	0.00175476	0.00158153	0.0014338	0.0013067	0.00119649	
2.9	3.69368	0.0540027	0.0281187	0.0176591	0.0167692	0.00924819	0.0071425	0.00570967	0.00468405	0.00460174	0.00336455	0.0028978	0.00252705	0.00222635	0.00197857	0.00177169	0.00159697	0.00144796	0.00131973	0.00120854	
3	3.72991	0.0543105	0.0282849	0.0177673	0.0168643	0.00930827	0.00719051	0.00574924	0.00471741	0.00463306	0.00338949	0.00291975	0.00254654	0.00224382	0.00199433	0.001786	0.00161002	0.00145992	0.00133074	0.00121872	
3.1	3.75881	0.0545696	0.0284209	0.0178545	0.0169411	0.00935627	0.00722886	0.00578086	0.0047441	0.00465803	0.00340949	0.00293737	0.00256222	0.00225788	0.00200703	0.00179753	0.00162056	0.00146958	0.00133964	0.00122694	
3.2	3.78069	0.0547771	0.0285252	0.0179198	0.0169989	0.00939173	0.00725716	0.00580422	0.00476386	0.00467637	0.00342434	0.0029505	0.00257393	0.0022684	0.00201655	0.0018062	0.00162849	0.00147687	0.00134637	0.00123317	
3.3	3.79578	0.054931	0.028597	0.0179628	0.0170371	0.00941428	0.00727512	0.00581908	0.00477647	0.00468787	0.00343392	0.00295901	0.00258157	0.00227531	0.00202284	0.00181194	0.00163377	0.00148173	0.00135087	0.00123734	
3.4	3.80423	0.0550298	0.0286356	0.0179829	0.0170554	0.00942365	0.00728251	0.00582523	0.00478179	0.00469235	0.00343809	0.00296281	0.00258506	0.00227852	0.00202581	0.00181471	0.00163634	0.00148414	0.00135311	0.00123945	
3.5	3.80614	0.0550723	0.0286406	0.0179799	0.0170533	0.00941961	0.00727913	0.00582253	0.00477967	0.00468967	0.00343677	0.00296182	0.00258431	0.00227798	0.00202542	0.00181444	0.00163617	0.00148404	0.00135307	0.00123946	
3.6	3.80154	0.0550578	0.0286115	0.0179534	0.0170306	0.00940196	0.00726482	0.00581082	0.00476999	0.00467971	0.00342985	0.00295594	0.00257927	0.00227361	0.00202161	0.00181109	0.0016332	0.0014814	0.00135071	0.00123733	
3.7	3.79038	0.0549857	0.0285481	0.0179034	0.0169872	0.00937053	0.00723943	0.00578998	0.00475263	0.00466234	0.00341723	0.00294509	0.00256984	0.00226535	0.00201431	0.0018046	0.0016274	0.00147617	0.00134598	0.00123303	
3.8	3.77257	0.0548555	0.0284501	0.0178295	0.0169229	0.00932518	0.00720282	0.00575986	0.00472747	0.00463744	0.00339882	0.00292917	0.00255595	0.00225311	0.00200346	0.00179491	0.00161869	0.00146831	0.00133884	0.00122651	
3.9	3.74791	0.0546671	0.0283174	0.0177318	0.0168376	0.00926576	0.00715484	0.00572035	0.00469438	0.0046049	0.0033745	0.00290809	0.00253749	0.00223682	0.00198896	0.00178193	0.001607	0.00145773	0.00132922	0.00121772	
4	3.71617	0.0544206	0.0281499	0.01761	0.0167311	0.00919216	0.00709538	0.0056713	0.00465323	0.00456459	0.00334416	0.00288173	0.00251436	0.00221636	0.00197073	0.00176558	0.00159225	0.00144436	0.00131704	0.00120658	
4.1	3.67702	0.0541163	0.0279475	0.0174642	0.0166034	0.0091043	0.00702433	0.00561261	0.00460391	0.00451641	0.00330766	0.00284997	0.00248644	0.00219162	0.00194866	0.00174576	0.00157435	0.0014281	0.00130222	0.00119301	
4.2	3.63007	0.0537551	0.0277102	0.0172944	0.0164545	0.00900214	0.00694162	0.00554417	0.0045463	0.00446026	0.00326489	0.00281267	0.00245361	0.00216249	0.00192262	0.00172234	0.00155318	0.00140886	0.00128465	0.00117691	
4.3	3.57482	0.0533383	0.0274384	0.0171005	0.0162844	0.00888568	0.00684722	0.00546592	0.00448029	0.00439605	0.00321571	0.00276971	0.00241573	0.00212882	0.00189248	0.0016952	0.0015286	0.00138651	0.00126422	0.00115816	
4.4	3.51068	0.052868	0.0271325	0.0168829	0.0160931	0.00875498	0.00674114	0.00537783	0.00440583	0.00432373	0.00316	0.00272096	0.00237266	0.00209046	0.0018581	0.0016642	0.00150049	0.00136089	0.00124079	0.00113663	
4.5	3.43698	0.0523475	0.026793	0.0166416	0.0158807	0.00861011	0.00662344	0.00527992	0.0043229	0.00424327	0.00309767	0.00266628	0.00232425	0.00204728	0.00181932	0.00162916	0.00146867	0.00133186	0.00121418	0.00111216	
4.6	3.3529	0.0517816	0.0264213	0.0163768	0.0156475	0.00845103	0.00649412	0.0051722	0.00423147	0.00415465	0.00302862	0.00260555	0.00227035	0.00199908	0.00177593	0.00158987	0.00143292	0.00129918	0.00118418	0.00108451	
4.7	3.25751	0.051177	0.0260191	0.0160886	0.0153934	0.00827729	0.00635283	0.00505443	0.00413139	0.00405762	0.00295271	0.00253862	0.00221078	0.00194563	0.00172768	0.00154606	0.00139295	0.00126255	0.00115049	0.00105342	
4.8	3.14974	0.0505432	0.0255889	0.0157768	0.0151186	0.00808716	0.00619799	0.0049253	0.00402164	0.00395101	0.00286935	0.00246501	0.00214513	0.00188658	0.00167417	0.00149728	0.00134822	0.00122134	0.00111235	0.00101798	
4.9	3.02833	0.0498933	0.0251345	0.0154402	0.0148229	0.00787567	0.00602429	0.00477959	0.00389739	0.00383007	0.00277487	0.00238176	0.00207111	0.00182029	0.00161442	0.00144311	0.00129887	0.00117617	0.00107085	0.000979708	
5	2.89188	0.0492452	0.0246616	0.0150763	0.014506	0.00762991	0.00581579	0.00459914	0.00373876	0.00367746	0.00264698	0.00226597	0.00196541	0.00172315	0.00152464	0.00135972	0.00122108	0.00110332	0.00100239	0.000915166	
5.1	2.72158	0.0481395	0.0238822	0.0144861	0.0139954	0.0072384	0.00548571	0.00431506	0.00349036	0.00344061	0.00244878	0.00208738	0.00180315	0.00157474	0.00138811	0.0012335	0.00110388	0.000994071	0.000900189	0.000819266	
5.2	2.57104	0.0470708	0.0231706	0.0139732	0.0135429	0.00692743	0.00523373	0.00410623	0.00331421	0.00326941	0.00231747	0.00197274	0.00170214	0.00148506	0.00130796	0.00116146	0.0010388	0.00093501	0.000846373	0.000770051	
5.3	2.43757	0.0460469	0.0225132	0.0135115	0.0131318	0.0066563	0.00501585	0.00392653	0.00316296	0.00312246	0.00220452	0.0018738	0.00161457	0.00140688	0.00123765	0.00109781	0.000980853	0.000882	0.000797657	0.000725101	
5.4	2.31885	0.0450717	0.0219014	0.0130873	0.0127526	0.00641044	0.004819	0.00376474	0.00302732	0.00299048	0.00210423	0.00178651	0.00153786	0.00133895	0.00117709	0.00104351	0.000931919	0.000837705	0.000757402	0.000688384	
5.5	2.21292	0.0441465	0.0213293	0.0126934	0.0123998	0.00618417	0.00463863	0.00361724	0.00290431	0.00287049	0.00201427	0.00170862	0.00146974	0.00127887	0.00112371	0.000995779	0.000888987	0.000798882	0.000722125	0.000656186	
5.6	2.11809	0.0432709	0.0207927	0.0123257	0.0120696	0.0059748	0.00447259	0.00348217	0.00279226	0.00276091	0.00193308	0.00163861	0.00140873	0.00122522	0.00107619	0.000953397	0.000850962	0.000764583	0.000691038	0.000627886	
5.7	2.03292	0.0424435	0.0202885	0.0119814	0.0117598	0.00578068	0.00431946	0.00335824	0.00268992	0.0026606	0.00185948	0.00157534	0.00135375	0.00117701	0.00103357	0.000915461	0.000816982	0.000733975	0.000663326	0.000602679	
5.8	1.9562	0.0416624	0.019814	0.0116588	0.0114685	0.00560053	0.00417807	0.00324433	0.00259624	0.00256858	0.00179254	0.00151795	0.00130399	0.00113347	0.00099515	0.000881314	0.000786436	0.000706493	0.000638469	0.00058009	
5.9	1.88686	0.0409251	0.0193672	0.0113561	0.0111943	0.00543324	0.00404739	0.00313949	0.00251032	0.00248404	0.00173148	0.00146573	0.00125881	0.00109399	0.00096037	0.000850441	0.000758848	0.000681693	0.000616055	0.000559731	
6	1.82402	0.0402291	0.0189462	0.0110721	0.0109362	0.00527779	0.00392651	0.00304287	0.0024314	0.00240623	0.00167566	0.00141809	0.00121766	0.00105809	0.000928778	0.000822425	0.000733834	0.000659221	0.000595755	0.000541301	
6.1	1.76689	0.039572	0.0185493	0.0108055	0.0106929	0.00513325	0.00381456	0.00295371	0.00235878	0.00233454	0.00162452	0.00137452	0.00118009	0.00102535	0.000899994	0.000796921	0.000711078	0.000638788	0.000577303	0.000524552	
6.2	1.71483	0.0389514	0.0181749	0.0105552	0.0104636	0.00499874	0.00371078	0.00287132	0.00229185	0.00226837	0.00157758	0.00133459	0.0011457	0.000995419	0.0008737	0.000773638	0.000690313	0.00062015	0.000560477	0.000509282	
6.3	1.66726	0.0383649	0.0178216	0.01032	0.0102474	0.00487347	0.00361448	0.00279509	0.00223009	0.00220723	0.00153441	0.00129792	0.00111415	0.000967987	0.000849621	0.000752328	0.000671315	0.000603103	0.000545091	0.00049532	
6.4	1.62369	0.0378105	0.0174881	0.0100991	0.0100434	0.0047567	0.00352503	0.00272449	0.00217302	0.00215066	0.00149465	0.00126419	0.00108516	0.000942796	0.000827522	0.000732779	0.000653893	0.000587473	0.000530984	0.000482521	
6.5	1.5837	0.0372861	0.0171732	0.00989136	0.00985085	0.00464778	0.00344186	0.00265902	0.00212021	0.00209826	0.00145796	0.00123311	0.00105847	0.000919619	0.0008072	0.000714807	0.000637881	0.00057311	0.000518023	0.000470761	
6.6	1.54694	0.0367899	0.0168758	0.00969599	0.0096691	0.00454609	0.00336445	0.00259823	0.00207129	0.00204967	0.00142407	0.00120443	0.00103386	0.000898258	0.000788478	0.000698256	0.000623136	0.000559885	0.00050609	0.000459934	
6.7	1.51308	0.0363203	0.0165948	0.00951216	0.00949744	0.00445107	0.00329233	0.00254175	0.00202591	0.00200455	0.00139272	0.00117792	0.00101113	0.000878541	0.000771202	0.000682987	0.000609537	0.000547689	0.000495085	0.000449949	
6.8	1.48187	0.0358757	0.0163291	0.00933912	0.00933525	0.00436221	0.00322509	0.0024892	0.00198378	0.00196263	0.00136367	0.00115338	0.000990105	0.000860314	0.000755239	0.000668881	0.000596975	0.000536424	0.000484921	0.000440727	
6.9	1.45306	0.0354548	0.016078	0.00917615	0.00918195	0.00427906	0.00316235	0.00244028	0.00194463	0.00192362	0.00133674	0.00113065	0.000970641	0.000843446	0.00074047	0.000655833	0.000585357	0.000526007	0.000475522	0.0004322	
7	1.42645	0.0350562	0.0158406	0.00902261	0.00903702	0.00420119	0.00310374	0.00239469	0.0019082	0.00188731	0.00131175	0.00110957	0.0009526	0.000827818	0.000726791	0.000643752	0.0005746	0.000516363	0.000466822	0.000424306	
7.1	1.40187	0.0346787	0.0156161	0.00887789	0.00889994	0.00412822	0.00304896	0.00235217	0.00187428	0.00185346	0.00128852	0.00109	0.000935862	0.000813326	0.000714111	0.000632555	0.000564634	0.000507428	0.000458761	0.000416994	
7.2	1.37917	0.0343214	0.0154038	0.00874143	0.00877025	0.00405978	0.00299772	0.00231247	0.00184267	0.00182189	0.00126692	0.00107181	0.00092032	0.000799876	0.000702347	0.00062217	0.000555392	0.000499145	0.00045129	0.000410216	
7.3	1.3582	0.0339832	0.0152029	0.0086127	0.0086475	0.00399555	0.00294975	0.00227537	0.00181318	0.00179241	0.00124682	0.0010549	0.000905877	0.000787385	0.000691426	0.000612533	0.000546818	0.000491462	0.000444361	0.000403932	
7.4	1.33886	0.0336631	0.0150129	0.00849121	0.00853128	0.0039352	0.00290478	0.00224068	0.00178564	0.00176485	0.00122809	0.00103916	0.000892444	0.000775774	0.00068128	0.000603584	0.000538859	0.000484332	0.000437933	0.000398103	
7.5	1.32104	0.0333603	0.0148331	0.00837648	0.0084212	0.00387846	0.00286259	0.00220819	0.0017599	0.00173906	0.00121061	0.00102449	0.000879938	0.000764972	0.000671848	0.000595269	0.000531468	0.000477713	0.000431968	0.000392695	
7.6	1.30465	0.033074	0.0146629	0.00826808	0.00831687	0.00382503	0.00282295	0.00217772	0.00173579	0.00171487	0.00119429	0.00101081	0.000868281	0.000754913	0.000663071	0.000587536	0.000524598	0.000471566	0.00042643	0.000387678	
7.7	1.28961	0.0328034	0.0145019	0.00816557	0.00821793	0.00377465	0.00278564	0.00214908	0.00171317	0.00169215	0.00117901	0.000998015	0.000857395	0.000745529	0.000654891	0.000580336	0.000518207	0.00046585	0.000421284	0.000383018	
7.8	1.27585	0.0325476	0.0143493	0.00806852	0.00812401	0.00372704	0.00275044	0.00212211	0.00169189	0.00167075	0.00116468	0.000986024	0.000847205	0.000736755	0.000647251	0.000573619	0.000512251	0.000460528	0.000416498	0.000378688	
7.9	1.26332	0.032306	0.0142048	0.00797652	0.00803476	0.00368193	0.00271713	0.00209661	0.0016718	0.0016505	0.00115117	0.000974742	0.000837631	0.000728522	0.000640092	0.000567333	0.000506683	0.00045556	0.000412034	0.000374653	
8	1.25195	0.0320775	0.0140677	0.00788913	0.0079498	0.00363903	0.00268546	0.00207239	0.00165274	0.00163127	0.00113838	0.000964071	0.000828587	0.000720757	0.000633349	0.00056142	0.000501455	0.000450901	0.000407854	0.00037088	
8.1	1.2417	0.0318615	0.0139374	0.00780591	0.00786876	0.00359806	0.00265521	0.00204925	0.00163453	0.00161286	0.00112617	0.000953898	0.000819977	0.000713374	0.000626949	0.000555817	0.000496508	0.0004465	0.000403913	0.000367328	
8.2	1.23253	0.0316569	0.0138133	0.00772639	0.00779121	0.00355869	0.00262609	0.00202695	0.00161697	0.0015951	0.00111439	0.000944094	0.000811687	0.000706274	0.000620801	0.000550444	0.000491772	0.000442294	0.000400153	0.000363947	
8.3	1.2244	0.0314627	0.0136947	0.00765002	0.00771667	0.00352054	0.00259779	0.00200522	0.00159983	0.00157775	0.00110288	0.000934502	0.000803577	0.000699333	0.000614797	0.000545202	0.000487158	0.000438205	0.000396504	0.000360671	
8.4	1.21728	0.0312776	0.0135807	0.00757618	0.00764458	0.0034832	0.00256995	0.00198375	0.00158282	0.00156054	0.00109139	0.00092492	0.000795468	0.000692388	0.00060879	0.00053996	0.000482548	0.000434122	0.000392865	0.00035741	
8.5	1.21113	0.0311	0.0134701	0.00750405	0.00757419	0.00344614	0.00254212	0.00196214	0.0015656	0.00154314	0.00107964	0.000915083	0.000787118	0.000685221	0.00060258	0.000534536	0.000477775	0.000429895	0.0003891	0.000354039	
8.6	1.20593	0.0309279	0.0133615	0.00743251	0.00750448	0.00340866	0.0025137	0.00193986	0.00154769	0.00152511	0.00106723	0.000904621	0.000778187	0.000677518	0.000595877	0.000528658	0.000472585	0.000425282	0.000384978	0.000350336	
8.7	1.20166	0.0307591	0.0132528	0.0073599	0.00743397	0.0033697	0.00248383	0.00191617	0.00152842	0.00150581	0.00105359	0.000893	0.000768173	0.000668809	0.000588246	0.000521928	0.00046662	0.000419972	0.000380231	0.000346078	
8.8	1.19829	0.0305902	0.0131408	0.00728346	0.00736033	0.0033273	0.00245092	0.00188978	0.0015067	0.00148419	0.00103783	0.000879401	0.000756279	0.000658297	0.000578873	0.000513508	0.000459006	0.000413046	0.000373899	0.000340263	
8.9	1.19581	0.0304171	0.0130209	0.00719842	0.0072798	0.00327726	0.00241126	0.00185746	0.00147982	0.00145759	0.00101816	0.000862407	0.00074145	0.000645253	0.000567322	0.000503222	0.0004498	0.000404773	0.000366437	0.000333509	
9	1.1942	0.030234	0.0128855	0.00709615	0.0071861	0.00320906	0.00235397	0.00180811	0.00143651	0.00141599	0.000983116	0.000830644	0.000712407	0.000618512	0.000542559	0.000480177	0.000428263	0.000384569	0.000347421	0.000315557	
9.1	1.19343	0.0300361	0.0127354	0.0069817	0.00708069	0.00313216	0.00228939	0.00175252	0.00138779	0.00136906	0.000943787	0.000795063	0.000679933	0.000588665	0.00051497	0.000454548	0.000404352	0.000362177	0.000326381	0.000295728	
9.2	1.19405	0.0298974	0.0126318	0.00690668	0.00700863	0.00308766	0.00225434	0.00172421	0.00136448	0.00134573	0.000927084	0.000780826	0.000667684	0.000578049	0.000505715	0.00044644	0.000397222	0.000355885	0.000320815	0.000290793	
9.3	1.19601	0.0298076	0.0125616	0.00685643	0.00695901	0.00305864	0.00223169	0.00170596	0.00134941	0.00133057	0.000916076	0.000771309	0.000659349	0.000570673	0.000499131	0.00044052	0.000391863	0.000351006	0.00031635	0.000286688	
9.4	1.19932	0.0297598	0.0125176	0.00682401	0.00692612	0.00303975	0.00221707	0.00169433	0.00133997	0.00132087	0.000909492	0.000765804	0.00065471	0.000566744	0.000495793	0.000437677	0.000389441	0.000348944	0.000314595	0.000285199	
9.5	1.20396	0.0297489	0.0124954	0.00680592	0.00690683	0.0030288	0.00220874	0.00168785	0.00133487	0.00131541	0.000906146	0.000763108	0.000652518	0.000564949	0.000494313	0.00043645	0.000388416	0.000348082	0.000313866	0.000284578	
9.6	1.20992	0.0297715	0.0124923	0.00680019	0.00689931	0.00302459	0.00220568	0.00168565	0.0013333	0.00131342	0.000905339	0.000762588	0.000652211	0.000564803	0.00049429	0.000436521	0.000388561	0.000348285	0.000314114	0.00028486	
9.7	1.2172	0.0298251	0.0125065	0.00680561	0.00690242	0.00302633	0.00220722	0.0016871	0.0013347	0.00131438	0.000906619	0.000763836	0.000653418	0.000565964	0.000495403	0.000437586	0.000389577	0.000349252	0.000315033	0.000285733	
9.8	1.22581	0.0299079	0.012537	0.00682137	0.00691538	0.00303346	0.00221286	0.00169177	0.00133869	0.00131793	0.000909684	0.000766585	0.000655902	0.000568223	0.000497468	0.000439482	0.000391325	0.000350868	0.000316532	0.000287128	
9.9	1.23575	0.0300186	0.0125828	0.00684685	0.00693765	0.00304555	0.00222224	0.00169936	0.00134501	0.0013238	0.000914329	0.000770656	0.000659506	0.000571441	0.000500361	0.000442099	0.000393704	0.000353042	0.000318526	0.000288962	
10	1.24703	0.0301562	0.0126435	0.00688162	0.00696882	0.00306229	0.00223509	0.00170963	0.00135345	0.0013318	0.000920408	0.000775923	0.000664122	0.000575524	0.000504002	0.000445367	0.000396655	0.00035572	0.000320968	0.000291199	
10.1	1.25966	0.0303199	0.0127184	0.00692533	0.00700856	0.00308343	0.00225121	0.00172241	0.00136388	0.00134179	0.000927821	0.000782301	0.000669677	0.00058041	0.000508335	0.000449239	0.000400136	0.000358868	0.000323829	0.000293811	
10.2	1.27367	0.030509	0.0128073	0.00697769	0.00705663	0.00310879	0.00227046	0.00173759	0.00137621	0.00135367	0.000936498	0.000789732	0.00067612	0.000586056	0.000513326	0.000453685	0.000404123	0.000362465	0.000327091	0.000296783	
10.3	1.28907	0.0307233	0.0129099	0.00703851	0.00711282	0.00313823	0.00229272	0.00175508	0.00139034	0.00136737	0.000946391	0.000798175	0.000683421	0.000592436	0.000518953	0.000458687	0.000408601	0.000366497	0.000330742	0.000300106	
10.4	1.30588	0.0309622	0.013026	0.00710762	0.00717698	0.00317166	0.00231793	0.00177481	0.00140625	0.00138284	0.000957469	0.000807607	0.000691558	0.000599534	0.000525203	0.000464235	0.00041356	0.000370959	0.000334779	0.000303776	
10.5	1.32414	0.0312256	0.0131553	0.00718492	0.00724898	0.00320902	0.00234602	0.00179676	0.00142391	0.00140004	0.000969714	0.000818014	0.000700523	0.000607344	0.000532071	0.000470325	0.000419	0.000375849	0.0003392	0.000307794	
10.6	1.34388	0.0315132	0.0132978	0.00727031	0.00732875	0.00325025	0.00237698	0.0018209	0.00144329	0.00141896	0.00098312	0.000829392	0.000710313	0.000615863	0.000539557	0.000476958	0.000424921	0.000381168	0.000344007	0.000312161	
10.7	1.36513	0.0318249	0.0134534	0.00736376	0.00741621	0.00329536	0.00241079	0.00184723	0.0014644	0.0014396	0.00099769	0.000841745	0.000720932	0.000625097	0.000547665	0.000484139	0.000431328	0.000386923	0.000349205	0.000316882	
10.8	1.38794	0.0321605	0.0136221	0.00746525	0.00751133	0.00334433	0.00244747	0.00187576	0.00148724	0.00146197	0.00101343	0.000855081	0.000732389	0.000635054	0.000556405	0.000491876	0.000438228	0.000393119	0.000354801	0.000321963	
10.9	1.41236	0.03252	0.0138039	0.00757479	0.0076141	0.00339719	0.00248703	0.00190651	0.00151185	0.00148607	0.00103037	0.000869418	0.000744699	0.000645748	0.000565788	0.000500179	0.000445633	0.000399766	0.000360804	0.000327413	
11	1.43843	0.0329034	0.0139987	0.00769243	0.00772452	0.00345397	0.0025295	0.0019395	0.00153824	0.00151193	0.00104851	0.000884774	0.00075788	0.000657195	0.000575829	0.000509064	0.000453554	0.000406875	0.000367224	0.00033324	
11.1	1.46622	0.0333106	0.0142066	0.00781821	0.00784262	0.00351473	0.00257495	0.00197479	0.00156645	0.0015396	0.0010679	0.000901176	0.000771955	0.000669416	0.000586547	0.000518546	0.000462007	0.000414461	0.000374073	0.000339457	
11.2	1.49579	0.0337417	0.0144277	0.00795223	0.00796842	0.00357954	0.00262341	0.00201243	0.00159653	0.00156911	0.00108856	0.000918654	0.000786951	0.000682434	0.000597962	0.000528644	0.000471008	0.000422539	0.000381365	0.000346076	
11.3	1.52721	0.0341967	0.0146621	0.00809457	0.008102	0.00364847	0.00267498	0.00205246	0.00162854	0.00160051	0.00111054	0.000937244	0.000802898	0.000696277	0.0006101	0.00053938	0.000480577	0.000431125	0.000389117	0.000353112	
11.4	1.56057	0.0346757	0.0149099	0.00824537	0.00824343	0.00372162	0.00272972	0.00209498	0.00166252	0.00163385	0.00113388	0.000956985	0.000819833	0.000710976	0.000622988	0.000550779	0.000490736	0.000440242	0.000397346	0.000360581	
11.5	1.59596	0.0351789	0.0151713	0.00840476	0.00839278	0.0037991	0.00278773	0.00214006	0.00169856	0.00166922	0.00115864	0.000977924	0.000837795	0.000726567	0.000636658	0.00056287	0.000501512	0.000449911	0.000406074	0.000368503	
11.6	1.63347	0.0357064	0.0154464	0.00857291	0.00855016	0.00388103	0.00284912	0.00218778	0.00173674	0.00170667	0.00118487	0.00100011	0.000856831	0.000743091	0.000651146	0.000575683	0.000512932	0.000460158	0.000415324	0.000376897	
11.7	1.67324	0.0362583	0.0157355	0.00874999	0.00871568	0.00396754	0.00291401	0.00223825	0.00177713	0.00174629	0.00121265	0.00102361	0.00087699	0.000760591	0.00066649	0.000589255	0.000525028	0.000471011	0.000425122	0.00038579	
11.8	1.71539	0.0368349	0.0160386	0.0089362	0.00888948	0.00405878	0.00298252	0.00229159	0.00181984	0.00178817	0.00124204	0.00104848	0.000898331	0.000779119	0.000682738	0.000603627	0.000537837	0.000482505	0.000435497	0.000395206	
11.9	1.76007	0.0374364	0.0163561	0.00913176	0.00907169	0.00415492	0.0030548	0.00234792	0.00186498	0.00183241	0.00127312	0.00107479	0.000920918	0.000798732	0.000699938	0.000618842	0.0005514	0.000494675	0.000446484	0.000405177	
12	1.80744	0.0380631	0.0166883	0.00933691	0.00926247	0.00425614	0.00313101	0.00240737	0.00191266	0.00187913	0.001306	0.00110263	0.000944822	0.000819494	0.000718149	0.000634954	0.000565762	0.000507564	0.000458119	0.000415737	
12.1	1.85772	0.0387153	0.0170353	0.00955189	0.00946196	0.00436263	0.00321132	0.0024701	0.00196303	0.00192845	0.00134077	0.00113209	0.000970124	0.000841476	0.000737435	0.000652019	0.000580975	0.000521218	0.000470446	0.000426926	
12.2	1.91111	0.0393933	0.0173975	0.00977698	0.00967036	0.00447461	0.0032959	0.00253627	0.00201621	0.00198049	0.00137754	0.00116326	0.000996913	0.000864758	0.000757867	0.000670102	0.0005971	0.000535691	0.000483514	0.000438788	
12.3	1.96789	0.0400976	0.0177752	0.0100125	0.00988782	0.00459229	0.00338497	0.00260606	0.00207238	0.00203541	0.00141644	0.00119627	0.00102529	0.000889431	0.000779527	0.000689277	0.000614201	0.000551043	0.000497377	0.000451373	
12.4	2.02835	0.0408284	0.0181687	0.0102586	0.0101145	0.00471591	0.00347874	0.00267966	0.0021317	0.00209334	0.00145761	0.00123122	0.00105536	0.000915594	0.000802504	0.000709626	0.000632354	0.000567343	0.0005121	0.00046474	
12.5	2.09285	0.0415863	0.0185783	0.0105157	0.0103507	0.00484571	0.00357742	0.00275726	0.00219434	0.00215447	0.00150118	0.00126826	0.00108726	0.000943357	0.000826901	0.000731241	0.000651644	0.000584669	0.000527751	0.000478953	
12.6	2.16181	0.0423716	0.0190042	0.0107841	0.0105964	0.00498194	0.00368124	0.00283908	0.00226051	0.00221895	0.00154734	0.00130753	0.0011211	0.000972843	0.000852828	0.000754224	0.000672163	0.000603107	0.000544413	0.000494087	
12.7	2.23569	0.0431848	0.0194468	0.011064	0.0108517	0.00512484	0.00379043	0.00292532	0.0023304	0.00228696	0.00159622	0.00134918	0.00115704	0.00100418	0.000880408	0.000778688	0.000694018	0.000622753	0.000562173	0.000510225	
12.8	2.3151	0.0440259	0.0199062	0.0113555	0.0111169	0.00527462	0.00390521	0.0030162	0.0024042	0.00235865	0.00164802	0.00139338	0.00119523	0.00103752	0.00090977	0.000804755	0.00071732	0.000643713	0.000581132	0.00052746	
12.9	2.40069	0.0448951	0.0203825	0.0116589	0.0113918	0.00543144	0.00402574	0.00311189	0.0024821	0.00243418	0.00170289	0.00144028	0.00123581	0.00107299	0.000941051	0.000832553	0.000742192	0.000666102	0.000601396	0.000545891	
13	2.49329	0.045792	0.0208756	0.011974	0.0116764	0.00559537	0.00415214	0.00321253	0.00256423	0.00251366	0.00176099	0.00149003	0.00127893	0.00111074	0.000974385	0.000862212	0.000768756	0.000690037	0.000623078	0.000565626	
13.1	2.59386	0.0467154	0.0213851	0.0123006	0.0119702	0.00576637	0.00428442	0.00331817	0.00265068	0.00259711	0.00182241	0.00154275	0.00132471	0.00115089	0.00100989	0.000893849	0.000797131	0.000715633	0.000646289	0.000586774	
13.2	2.70355	0.0476631	0.0219099	0.0126381	0.0122727	0.00594413	0.00442241	0.0034287	0.0027414	0.00268446	0.00188719	0.00159848	0.00137321	0.00119351	0.00104766	0.000927556	0.000827407	0.000742984	0.000671122	0.000609425	
13.3	2.82377	0.0486309	0.0224482	0.0129853	0.0125827	0.00612801	0.00456561	0.0035438	0.00283617	0.00277543	0.00195521	0.00165716	0.0014244	0.0012386	0.00108769	0.000963361	0.00085963	0.000772145	0.000697645	0.000633659	
13.4	2.95617	0.0496118	0.0229968	0.0133401	0.0128982	0.0063168	0.0047131	0.00366272	0.00293438	0.00286941	0.00202611	0.0017185	0.00147806	0.00128598	0.00112987	0.00100116	0.000893718	0.000803051	0.0007258	0.000659418	
13.5	3.10278	0.050594	0.0235497	0.0136991	0.013216	0.00650844	0.00486319	0.00378406	0.00303489	0.00296526	0.00209909	0.00178183	0.00153363	0.00133519	0.00117381	0.00104066	0.000929445	0.000835546	0.000755501	0.000686687	
13.6	3.26603	0.0515587	0.0240968	0.0140557	0.01353	0.00669941	0.00501298	0.00390538	0.00313561	0.00306097	0.00217258	0.0018458	0.00158994	0.0013852	0.00121855	0.00108096	0.000965955	0.000868782	0.00078589	0.00071458	
13.7	3.44887	0.0524758	0.02462	0.0143984	0.0138297	0.00688351	0.0051575	0.00402245	0.00323284	0.0031531	0.00224369	0.00190789	0.0016448	0.00143417	0.00126265	0.00112097	0.00100248	0.00090233	0.000816857	0.000743293	
13.8	3.65486	0.0532982	0.0250873	0.0147045	0.0140957	0.00704852	0.0052873	0.00412764	0.00332006	0.00323553	0.00230685	0.00196268	0.00169283	0.00147666	0.00130053	0.00115498	0.0010332	0.000930224	0.00084231	0.000766621	
13.9	3.88835	0.0539525	0.0254415	0.0149281	0.0142912	0.00716469	0.00537891	0.00420266	0.00338331	0.00329428	0.00235472	0.00200534	0.00173132	0.00151172	0.00133274	0.00118478	0.00106095	0.000956186	0.000866715	0.000789652	
14	4.1546	0.0543254	0.0255789	0.0149713	0.0143449	0.00714158	0.00534583	0.00416472	0.00334329	0.00325965	0.00231419	0.00196585	0.00169308	0.00147485	0.00129729	0.00115074	0.00102829	0.000924865	0.000836677	0.000760838	
14.1	4.47733	0.0552645	0.0260642	0.0152579	0.014604	0.00726471	0.00543222	0.00422688	0.00338878	0.00330348	0.00233886	0.00198409	0.00170639	0.00148436	0.00130381	0.00115489	0.00103054	0.000925584	0.000836154	0.000759302	
14.2	4.75172	0.0564219	0.0267177	0.0156848	0.014976	0.00749638	0.00561562	0.00437676	0.0035143	0.00342116	0.00243194	0.00206581	0.00177894	0.00154936	0.00136251	0.00120826	0.00107937	0.000970496	0.000877658	0.000797823	
14.3	4.987	0.0576686	0.0274272	0.0161487	0.0153831	0.00774426	0.00580875	0.00453169	0.00364139	0.00354217	0.00252207	0.00214309	0.00184591	0.00160793	0.00141413	0.00125409	0.00112029	0.00100724	0.000910821	0.000827883	
14.4	5.19042	0.0589314	0.0281404	0.016611	0.0157925	0.00798785	0.00599767	0.00468291	0.00376548	0.00366061	0.00261079	0.00221964	0.00191277	0.00166694	0.00146669	0.00130127	0.00116294	0.00104602	0.000946281	0.000860467	
14.5	5.3677	0.0601697	0.0288333	0.0170568	0.0161898	0.00822053	0.00617749	0.0048264	0.00388285	0.00377308	0.00269404	0.00229107	0.00197477	0.00172127	0.00151468	0.00134395	0.00120114	0.00108041	0.000977374	0.000888707	
14.6	5.52335	0.0613621	0.0294953	0.0174801	0.0165693	0.00843968	0.0063462	0.00496053	0.00399217	0.0038782	0.00277112	0.00235705	0.00203194	0.00177131	0.00155888	0.0013833	0.00123642	0.00111223	0.00100625	0.000915036	
14.7	5.66097	0.0624978	0.0301219	0.0178788	0.0169284	0.00864443	0.00650317	0.00508485	0.00409315	0.00397559	0.00284191	0.00241748	0.00208415	0.00181689	0.00159902	0.00141893	0.00126825	0.00114084	0.0010321	0.00093851	
14.8	5.7834	0.0635723	0.0307119	0.0182524	0.0172664	0.00883476	0.00664851	0.00519955	0.004186	0.0040654	0.00290669	0.00247264	0.00213172	0.00185835	0.00163548	0.00145126	0.00129712	0.00116679	0.00105555	0.00095982	
14.9	5.8929	0.0645846	0.0312655	0.0186016	0.0175836	0.00901115	0.00678269	0.00530508	0.0042712	0.00414798	0.00296585	0.00252292	0.00217501	0.00189601	0.00166857	0.00148055	0.00132324	0.00119023	0.00107671	0.000979011	
15	5.9913	0.0655353	0.0317837	0.0189269	0.0178803	0.00917427	0.00690634	0.00540205	0.00434927	0.00422381	0.00301986	0.00256875	0.0022144	0.00193025	0.0016986	0.00150712	0.00134692	0.00121147	0.00109588	0.000996396	
15.1	6.08003	0.0664256	0.0322677	0.0192295	0.0181572	0.00932487	0.00702014	0.00549104	0.00442077	0.00429337	0.00306916	0.00261051	0.00225025	0.00196138	0.00172589	0.00153125	0.00136841	0.00123073	0.00111324	0.00101214	
15.2	6.16029	0.0672575	0.0327186	0.0195104	0.0184151	0.00946372	0.00712475	0.00557266	0.00448621	0.00435711	0.00311414	0.00264858	0.00228291	0.00198971	0.00175071	0.00155317	0.00138793	0.00124823	0.00112901	0.00102643	
15.3	6.23302	0.0680328	0.0331378	0.0197705	0.0186547	0.00959154	0.0072208	0.00564744	0.00454605	0.00441548	0.00315519	0.00268327	0.00231264	0.00201549	0.00177328	0.00157311	0.00140567	0.00126412	0.00114334	0.00103942	
15.4	6.29899	0.068753	0.0335264	0.0200109	0.0188767	0.00970899	0.00730885	0.00571586	0.00460073	0.00446886	0.00319261	0.00271488	0.00233972	0.00203895	0.00179382	0.00159124	0.0014218	0.00127857	0.00115636	0.00105122	
15.5	6.35884	0.0694198	0.0338856	0.0202323	0.0190818	0.00981667	0.00738942	0.00577836	0.00465061	0.00451759	0.00322669	0.00274365	0.00236435	0.00206028	0.00181248	0.00160772	0.00143646	0.0012917	0.00116819	0.00106194	
15.6	6.41309	0.0700347	0.0342164	0.0204358	0.0192705	0.00991513	0.00746295	0.00583531	0.00469601	0.00456198	0.00325766	0.00276978	0.00238671	0.00207965	0.00182943	0.00162267	0.00144976	0.00130361	0.00117893	0.00107166	
15.7	6.46218	0.0705987	0.0345196	0.0206218	0.0194434	0.0100048	0.00752984	0.00588706	0.00473722	0.00460229	0.00328574	0.00279347	0.00240697	0.00209719	0.00184477	0.00163621	0.0014618	0.0013144	0.00118865	0.00108047	
15.8	6.50645	0.0711129	0.034796	0.0207912	0.019601	0.0100862	0.00759042	0.00593388	0.00477448	0.00463875	0.00331111	0.00281485	0.00242526	0.00211302	0.00185862	0.00164843	0.00147267	0.00132413	0.00119742	0.00108841	
15.9	6.5462	0.0715783	0.0350464	0.0209444	0.0197437	0.0101596	0.00764502	0.00597603	0.00480799	0.00467156	0.00333391	0.00283407	0.00244169	0.00212725	0.00187106	0.00165941	0.00148243	0.00133287	0.00120529	0.00109555	
16	6.58169	0.0719955	0.0352713	0.0210819	0.019872	0.0102254	0.00769387	0.00601372	0.00483795	0.00470089	0.00335427	0.00285123	0.00245636	0.00213995	0.00188216	0.00166921	0.00149115	0.00134068	0.00121233	0.00110192	
16.1	6.61312	0.0723654	0.0354713	0.0212042	0.019986	0.0102838	0.00773721	0.00604714	0.00486449	0.00472689	0.00337231	0.00286642	0.00246936	0.00215119	0.001892	0.00167789	0.00149887	0.00134759	0.00121855	0.00110757	
16.2	6.64067	0.0726882	0.0356468	0.0213117	0.0200861	0.010335	0.00777523	0.00607644	0.00488776	0.00474969	0.00338811	0.00287974	0.00248074	0.00216104	0.00190061	0.00168549	0.00150563	0.00135364	0.00122401	0.00111251	
16.3	6.66447	0.0729646	0.0357982	0.0214046	0.0201725	0.0103793	0.0078081	0.00610176	0.00490786	0.00476938	0.00340176	0.00289124	0.00249058	0.00216955	0.00190805	0.00169205	0.00151147	0.00135887	0.00122872	0.00111678	
16.4	6.68466	0.0731948	0.0359259	0.0214832	0.0202455	0.0104169	0.00783594	0.00612321	0.00492489	0.00478607	0.00341333	0.00290098	0.0024989	0.00217676	0.00191436	0.00169762	0.00151641	0.0013633	0.00123272	0.0011204	
16.5	6.70132	0.0733791	0.03603	0.0215477	0.0203051	0.0104478	0.00785889	0.00614089	0.00493893	0.00479982	0.00342286	0.00290901	0.00250577	0.0021827	0.00191955	0.0017022	0.00152049	0.00136696	0.00123601	0.00112338	
16.6	6.71454	0.0735177	0.0361109	0.0215983	0.0203516	0.0104722	0.00787701	0.00615487	0.00495003	0.0048107	0.0034304	0.00291536	0.0025112	0.0021874	0.00192366	0.00170583	0.00152372	0.00136985	0.00123861	0.00112574	
16.7	6.72439	0.0736106	0.0361685	0.0216352	0.0203849	0.0104901	0.0078904	0.0061652	0.00495824	0.00481875	0.00343598	0.00292007	0.00251522	0.00219088	0.00192671	0.00170852	0.00152611	0.00137199	0.00124054	0.00112749	
16.8	6.7309	0.0736578	0.0362031	0.0216583	0.0204052	0.0105017	0.0078991	0.00617194	0.00496361	0.004824	0.00343964	0.00292315	0.00251786	0.00219317	0.00192871	0.00171028	0.00152768	0.00137339	0.00124181	0.00112864	
16.9	6.73411	0.0736594	0.0362145	0.0216678	0.0204124	0.010507	0.00790313	0.00617511	0.00496615	0.00482648	0.00344137	0.00292462	0.00251911	0.00219426	0.00192966	0.00171112	0.00152843	0.00137407	0.00124241	0.00112919	
17	6.73404	0.0736151	0.0362029	0.0216637	0.0204066	0.010506	0.00790253	0.00617472	0.00496587	0.0048262	0.00344121	0.00292448	0.002519	0.00219416	0.00192958	0.00171105	0.00152836	0.00137401	0.00124236	0.00112914	
17.1	6.73069	0.0735247	0.036168	0.0216459	0.0203877	0.0104986	0.00789728	0.00617077	0.00496278	0.00482316	0.00343914	0.00292274	0.00251752	0.00219288	0.00192846	0.00171006	0.00152749	0.00137322	0.00124166	0.0011285	
17.2	6.72405	0.073388	0.0361098	0.0216143	0.0203557	0.0104849	0.00788736	0.00616324	0.00495686	0.00481735	0.00343515	0.00291939	0.00251466	0.00219041	0.0019263	0.00170816	0.0015258	0.00137171	0.00124029	0.00112726	
17.3	6.71411	0.0732046	0.0360281	0.0215688	0.0203103	0.0104647	0.00787274	0.00615211	0.00494809	0.00480873	0.00342924	0.00291442	0.00251042	0.00218674	0.00192309	0.00170533	0.00152328	0.00136946	0.00123826	0.00112543	
17.4	6.70082	0.0729739	0.0359226	0.0215093	0.0202514	0.0104381	0.00785334	0.00613733	0.00493644	0.00479729	0.00342138	0.00290781	0.00250478	0.00218186	0.00191883	0.00170157	0.00151994	0.00136646	0.00123557	0.00112298	
17.5	6.68413	0.0726955	0.035793	0.0214355	0.0201789	0.0104049	0.0078291	0.00611884	0.00492185	0.00478297	0.00341153	0.00289954	0.00249771	0.00217575	0.00191349	0.00169686	0.00151575	0.00136271	0.00123219	0.00111992	
17.6	6.66397	0.0723686	0.0356388	0.0213472	0.0200925	0.0103649	0.00779991	0.00609656	0.00490427	0.0047657	0.00339966	0.00288955	0.00248918	0.00216838	0.00190704	0.00169118	0.0015107	0.00135819	0.00122811	0.00111623	
17.7	6.64026	0.0719926	0.0354596	0.0212441	0.0199919	0.0103181	0.00776563	0.00607039	0.00488361	0.0047454	0.00338571	0.00287782	0.00247917	0.00215972	0.00189948	0.0016845	0.00150476	0.00135288	0.00122333	0.00111189	
17.8	6.61291	0.0715664	0.0352549	0.0211257	0.0198767	0.0102641	0.00772613	0.0060402	0.00485977	0.004722	0.00336962	0.00286429	0.00246761	0.00214973	0.00189075	0.0016768	0.00149792	0.00134675	0.0012178	0.00110689	
17.9	6.58177	0.071089	0.0350239	0.0209917	0.0197466	0.0102027	0.0076812	0.00600586	0.00483265	0.00469536	0.00335131	0.00284889	0.00245447	0.00213836	0.00188081	0.00166804	0.00149013	0.00133978	0.00121152	0.0011012	
18	6.54669	0.0705593	0.0347659	0.0208414	0.0196011	0.0101338	0.00763063	0.00596719	0.00480211	0.00466535	0.00333068	0.00283155	0.00243966	0.00212556	0.00186963	0.00165818	0.00148136	0.00133193	0.00120445	0.0010948	
18.1	6.50751	0.0699759	0.03448	0.0206743	0.0194396	0.0100568	0.00757416	0.00592399	0.00476797	0.00463181	0.00330763	0.00281217	0.00242312	0.00211126	0.00185713	0.00164716	0.00147157	0.00132316	0.00119656	0.00108764	
18.2	6.46401	0.0693372	0.0341652	0.0204897	0.0192616	0.00997152	0.0075115	0.00587602	0.00473005	0.00459455	0.00328201	0.00279064	0.00240474	0.00209537	0.00184326	0.00163493	0.00146069	0.00131342	0.00118779	0.0010797	
18.3	6.41592	0.0686413	0.0338203	0.0202867	0.0190662	0.00987738	0.00744227	0.00582298	0.00468813	0.00455335	0.00325369	0.00276682	0.00238441	0.00207781	0.00182791	0.0016214	0.00144867	0.00130266	0.00117809	0.00107092	
18.4	6.36295	0.0678862	0.033444	0.0200644	0.0188527	0.00977388	0.00736605	0.00576456	0.00464191	0.00450793	0.00322246	0.00274057	0.00236201	0.00205844	0.001811	0.00160649	0.00143542	0.00129081	0.00116742	0.00106125	
18.5	6.30472	0.0670695	0.0330346	0.0198217	0.0186201	0.00966037	0.00728236	0.00570034	0.00459109	0.00445798	0.0031881	0.00271169	0.00233736	0.00203715	0.0017924	0.00159009	0.00142085	0.00127777	0.00115568	0.00105062	
18.6	6.2408	0.0661882	0.0325904	0.0195573	0.0183672	0.00953612	0.00719061	0.00562987	0.00453528	0.00440313	0.00315035	0.00267995	0.00231028	0.00201374	0.00177196	0.00157208	0.00140485	0.00126345	0.00114279	0.00103895	
18.7	6.17066	0.0652391	0.0321092	0.0192696	0.0180929	0.00940025	0.00709011	0.00555258	0.00447402	0.00434293	0.00310889	0.00264509	0.00228052	0.00198803	0.00174951	0.0015523	0.00138727	0.00124773	0.00112863	0.00102614	
18.8	6.09364	0.0642182	0.0315887	0.0189569	0.0177954	0.00925174	0.00698003	0.00546781	0.00440677	0.00427684	0.00306332	0.00260676	0.00224781	0.00195977	0.00172484	0.00153056	0.00136796	0.00123046	0.00111308	0.00101206	
18.9	6.00897	0.0631208	0.0310261	0.0186172	0.0174732	0.00908936	0.00685941	0.00537476	0.00433287	0.00420423	0.00301318	0.00256458	0.00221181	0.00192866	0.00169767	0.00150662	0.00134671	0.00121145	0.00109597	0.000996576	
19	5.91566	0.061941	0.0304181	0.0182481	0.0171242	0.00891167	0.00672708	0.00527249	0.00425153	0.00412433	0.00295791	0.00251806	0.00217208	0.00189433	0.00166769	0.00148021	0.00132325	0.00119047	0.00107709	0.000979481	
19.1	5.81252	0.0606718	0.0297608	0.0178467	0.0167461	0.00871692	0.00658164	0.00515985	0.00416178	0.00403621	0.00289679	0.00246658	0.00212811	0.00185632	0.0016345	0.00145097	0.00129729	0.00116726	0.00105622	0.000960609	
19.2	5.69807	0.0593041	0.0290497	0.0174099	0.0163359	0.00850305	0.0064214	0.00503542	0.00406245	0.00393874	0.00282897	0.00240941	0.00207924	0.00181406	0.00159758	0.00141843	0.00126838	0.00114139	0.00103293	0.000939508	
19.3	5.57046	0.0578264	0.0282792	0.0169338	0.0158905	0.00826753	0.00624428	0.00489749	0.00395208	0.00383049	0.00275338	0.00234561	0.00202465	0.00176683	0.00155633	0.00138209	0.00123614	0.0011126	0.00100707	0.000916181	
19.4	5.42739	0.0562236	0.0274419	0.0164136	0.0154057	0.00800731	0.00604772	0.00474388	0.00382883	0.00370971	0.00266862	0.00227395	0.00196326	0.00171363	0.00150977	0.00134097	0.00119953	0.00107977	0.000977425	0.000889239	
19.5	5.26595	0.0544748	0.0265274	0.0158435	0.0148756	0.00771859	0.00582847	0.00457181	0.0036903	0.00357409	0.0025729	0.00219293	0.00189381	0.00165349	0.00145725	0.00129477	0.00115865	0.00104341	0.000944933	0.000860093	
19.6	5.08251	0.0525513	0.0255197	0.0152144	0.0142914	0.00739652	0.00558231	0.00437756	0.0035332	0.0034205	0.00246355	0.00209993	0.00181364	0.00158355	0.00139558	0.00123988	0.00110936	0.000998806	0.000904291	0.000822821	
19.7	4.87247	0.0504119	0.0243908	0.0145103	0.0136368	0.00703421	0.0053035	0.00415591	0.00335283	0.00324448	0.00233757	0.00199323	0.00172243	0.001505	0.00132752	0.00118061	0.00105751	0.00095328	0.000864186	0.000787391	
19.8	4.63	0.0479956	0.0230875	0.0136948	0.0128783	0.00661777	0.00498272	0.00389902	0.00314086	0.00303901	0.00218255	0.00185786	0.00160262	0.00139782	0.00123076	0.00109258	0.000976912	0.00087905	0.000795483	0.000723524	
19.9	4.34773	0.045211	0.0215026	0.012673	0.0119388	0.00609517	0.00458869	0.00359348	0.00289879	0.00279821	0.00202222	0.0017255	0.00149225	0.00130504	0.00115225	0.00102579	0.000919835	0.000830112	0.000753415	0.000687299	
20	4.01629	0.0419171	0.0194104	0.0111756	0.0106332	0.00516531	0.00382128	0.00294431	0.00233926	0.00226789	0.00158679	0.00133648	0.00114151	0.000986403	0.000860895	0.000757871	0.00067224	0.000600282	0.000539229	0.00048698	
